vehicles
vehicle_idx, capacity, cost_per_unit_distance
1,100,3
2,100,3
3,100,3
depot
node_idx,x,y
0,82,76
home delivery customers
node_idx,x,y,service_time,demand
1,1,65,10,22
2,19,32,10,1
3,84,25,10,16
4,50,93,10,8
5,13,7,10,19
self pickup customers
node_idx,x,y,service_time,demand,locker_idxs
6,3,82,10,8,14
7,98,52,10,21,12
8,5,42,10,4,13
flexible customers
node_idx,x,y,service_time,demand,locker_idxs
9,29,89,10,7,12
10,42,9,10,8,14-13
11,2,39,10,16,13
lockers
node_idx,x,y,service_time,capacity,cost_per_unit_good
12,65,88,10,74
13,25,15,10,100
14,41,54,10,89
15,54,47,10,76
16,51,56,10,71
mrt lines
start_node_idx,end_node_idx,freight_capacity,cost_per_unit_good
distance matrix
,0,1,2,3,4,5,6,7,8,9,10,11,12,13,14,15,16,
0,0.0,81.74,76.84,51.04,36.24,97.58,79.23,28.84,84.17,54.57,78.03,88.14,20.81,83.49,46.53,40.31,36.89
1,81.74,0.0,37.59,92.14,56.44,59.23,17.12,97.87,23.35,36.88,69.4,26.02,68.01,55.46,41.48,55.97,50.8
2,76.84,37.59,0.0,65.38,68.43,25.71,52.5,81.49,17.2,57.87,32.53,18.38,72.47,18.03,31.11,38.08,40.0
3,51.04,92.14,65.38,0.0,76.03,73.25,99.05,30.41,80.81,84.39,44.94,83.19,65.8,59.84,51.87,37.2,45.28
4,36.24,56.44,68.43,76.03,0.0,93.62,48.27,63.13,68.01,21.38,84.38,72.25,15.81,81.91,40.02,46.17,37.01
5,97.58,59.23,25.71,73.25,93.62,0.0,75.66,96.18,35.9,83.55,29.07,33.84,96.25,14.42,54.71,57.28,62.01
6,79.23,17.12,52.5,99.05,48.27,75.66,0.0,99.62,40.05,26.93,82.76,43.01,62.29,70.52,47.2,61.85,54.59
7,28.84,97.87,81.49,30.41,63.13,96.18,99.62,0.0,93.54,78.29,70.6,96.88,48.84,81.84,57.04,44.28,47.17
8,84.17,23.35,17.2,80.81,68.01,35.9,40.05,93.54,0.0,52.77,49.58,4.24,75.6,33.6,37.95,49.25,48.08
9,54.57,36.88,57.87,84.39,21.38,83.55,26.93,78.29,52.77,0.0,81.05,56.82,36.01,74.11,37.0,48.88,39.66
10,78.03,69.4,32.53,44.94,84.38,29.07,82.76,70.6,49.58,81.05,0.0,50.0,82.28,18.03,45.01,39.85,47.85
11,88.14,26.02,18.38,83.19,72.25,33.84,43.01,96.88,4.24,56.82,50.0,0.0,79.81,33.24,41.79,52.61,51.87
12,20.81,68.01,72.47,65.8,15.81,96.25,62.29,48.84,75.6,36.01,82.28,79.81,0.0,83.24,41.62,42.45,34.93
13,83.49,55.46,18.03,59.84,81.91,14.42,70.52,81.84,33.6,74.11,18.03,33.24,83.24,0.0,42.15,43.19,48.55
14,46.53,41.48,31.11,51.87,40.02,54.71,47.2,57.04,37.95,37.0,45.01,41.79,41.62,42.15,0.0,14.76,10.2
15,40.31,55.97,38.08,37.2,46.17,57.28,61.85,44.28,49.25,48.88,39.85,52.61,42.45,43.19,14.76,0.0,9.49
16,36.89,50.8,40.0,45.28,37.01,62.01,54.59,47.17,48.08,39.66,47.85,51.87,34.93,48.55,10.2,9.49,0.0
