set K:= 1	2	3;
set C_H:= 1	2	3	4	5;
set C_S:= 6	7	8	9;
set C_F:= 10	11	12	13;
set M:= 14	15;
set L_B:= 16	17	18;
set A1:=
(0,*) 1 2 3 4 5 10 11 12 13 14 15 16 17 18
(1,*) 0 2 3 4 5 10 11 12 13 14 15 16 17 18
(2,*) 0 1 3 4 5 10 11 12 13 14 15 16 17 18
(3,*) 0 1 2 4 5 10 11 12 13 14 15 16 17 18
(4,*) 0 1 2 3 5 10 11 12 13 14 15 16 17 18
(5,*) 0 1 2 3 4 10 11 12 13 14 15 16 17 18
(10,*) 0 1 2 3 4 5 11 12 13 14 15 16 17 18
(11,*) 0 1 2 3 4 5 10 12 13 14 15 16 17 18
(12,*) 0 1 2 3 4 5 10 11 13 14 15 16 17 18
(13,*) 0 1 2 3 4 5 10 11 12 14 15 16 17 18
(14,*) 0 1 2 3 4 5 10 11 12 13 16 17 18
(15,*) 0 1 2 3 4 5 10 11 12 13 16 17 18
(16,*) 0 1 2 3 4 5 10 11 12 13 14 15 17 18
(17,*) 0 1 2 3 4 5 10 11 12 13 14 15 16 18
(18,*) 0 1 2 3 4 5 10 11 12 13 14 15 16 17
;
set A2:=
(14,*) 15
(15,*) 14
;
param BigM:=99999;
param n:= 3;
param d:=
1	6
2	20
3	7
4	12
5	21
6	3
7	16
8	8
9	4
10	9
11	24
12	24
13	16
;
param Q:=100;
param w:=
[14,*] 15 0.5
[15,*] 14 0.5
;
param V:=
[14,*] 15 80
[15,*] 14 80
;
param e:
	14	15	16	17	18:=
6	0	0	0	0	1	
7	0	0	1	0	0	
8	1	0	0	0	0	
9	0	1	0	0	0	
10	0	0	1	0	0	
11	1	0	0	0	0	
12	0	0	1	0	1	
13	0	1	0	0	0	
;
param p:=
1	3
2	3
3	3
;
param G:=
14	80
15	73
16	76
17	74
18	99
;
param s:=
0	0
1	10
2	10
3	10
4	10
5	10
10	10
11	10
12	10
13	10
14	10
15	10
16	10
17	10
18	10
;
param t:
	0	1	2	3	4	5	6	7	8	9	10	11	12	13	14	15	16	17	18:=
0	0.0	85.6	25.96	54.57	51.88	77.88	27.02	37.05	36.24	84.17	72.78	75.96	25.24	51.04	20.81	83.49	35.51	51.43	40.2
1	85.6	0.0	62.24	66.71	44.41	40.71	58.6	71.59	77.83	20.12	86.12	73.17	60.44	70.01	81.84	14.21	53.71	36.4	55.57
2	25.96	62.24	0.0	34.41	39.01	64.38	10.77	40.36	25.0	58.59	76.01	55.57	8.06	51.62	20.62	62.77	23.77	26.4	15.3
3	54.57	66.71	34.41	0.0	65.74	86.59	43.86	74.33	21.38	52.77	108.71	21.54	41.87	84.39	36.01	74.11	54.82	36.67	21.4
4	51.88	44.41	39.01	65.74	0.0	26.25	29.15	27.51	63.51	54.34	47.17	83.01	32.14	26.48	58.42	36.25	16.76	31.83	44.94
5	77.88	40.71	64.38	86.59	26.25	0.0	55.11	48.08	88.0	58.26	48.0	100.72	58.05	39.45	84.34	26.93	43.01	50.0	67.48
6	27.02	58.6	10.77	43.86	29.15	55.11	0.0	30.48	35.74	58.52	65.46	64.4	3.0	41.05	29.27	56.85	13.15	25.71	23.02
7	37.05	71.59	40.36	74.33	27.51	48.08	30.48	0.0	63.81	79.06	36.77	94.81	32.53	14.0	52.55	63.69	22.14	50.0	53.41
8	36.24	77.83	25.0	21.38	63.51	88.0	35.74	63.81	0.0	68.01	100.24	41.19	32.89	76.03	15.81	81.91	48.76	42.38	22.47
9	84.17	20.12	58.59	52.77	54.34	58.26	58.52	79.06	68.01	0.0	100.09	55.15	59.46	80.81	75.6	33.6	58.14	32.89	47.63
10	72.78	86.12	76.01	108.71	47.17	48.0	65.46	36.77	100.24	100.09	0.0	128.0	67.96	24.41	89.32	73.68	53.91	78.41	87.32
11	75.96	73.17	55.57	21.54	83.01	100.72	64.4	94.81	41.19	55.15	128.0	0.0	62.68	103.97	56.72	83.55	74.28	51.62	41.4
12	25.24	60.44	8.06	41.87	32.14	58.05	3.0	32.53	32.89	59.46	67.96	62.68	0.0	43.57	26.31	59.2	16.12	26.57	21.47
13	51.04	70.01	51.62	84.39	26.48	39.45	41.05	14.0	76.03	80.81	24.41	103.97	43.57	0.0	65.8	59.84	29.7	55.57	63.03
14	20.81	81.84	20.62	36.01	58.42	84.34	29.27	52.55	15.81	75.6	89.32	56.72	26.31	65.8	0.0	83.24	42.05	45.45	28.02
15	83.49	14.21	62.77	74.11	36.25	26.93	56.85	63.69	81.91	33.6	73.68	83.55	59.2	59.84	83.24	0.0	49.04	39.56	59.48
16	35.51	53.71	23.77	54.82	16.76	43.01	13.15	22.14	48.76	58.14	53.91	74.28	16.12	29.7	42.05	49.04	0.0	27.89	33.42
17	51.43	36.4	26.4	36.67	31.83	50.0	25.71	50.0	42.38	32.89	78.41	51.62	26.57	55.57	45.45	39.56	27.89	0.0	19.92
18	40.2	55.57	15.3	21.4	44.94	67.48	23.02	53.41	22.47	47.63	87.32	41.4	21.47	63.03	28.02	59.48	33.42	19.92	0.0
;
