vehicles
vehicle_idx, capacity, cost_per_unit_distance
1,100,1
2,100,1
3,100,1
4,100,1
depot
node_idx,x,y
0,82,76
home delivery customers
node_idx,x,y,service_time,demand
1,13,7,15,19
2,91,2,15,19
3,93,3,15,24
4,42,9,15,8
5,9,97,15,24
6,98,5,15,9
7,1,65,15,22
8,49,8,15,6
9,98,52,15,21
10,23,15,15,15
11,50,5,15,21
12,19,32,15,1
13,80,55,15,2
14,98,14,15,12
self pickup customers
node_idx,x,y,service_time,demand,locker_idxs
15,84,39,15,16,23-25-28-26-27
16,61,62,15,24,25-26-28-27
17,50,93,15,8,24-25
18,58,30,15,12,23-25-26-28-27
19,57,69,15,20,27-28-26-25-24
20,96,44,15,19,23
flexible customers
node_idx,x,y,service_time,demand,locker_idxs
21,20,70,15,2,25-28-26-24
22,3,82,15,8,24
lockers
node_idx,x,y,service_time,capacity,cost_per_unit_good
23,93,12,10,80,100
24,22,88,10,85,100
25,55,58,10,88,100
26,50,52,10,71,100
27,49,32,10,74,100
28,53,50,10,96,100
mrt lines
start_node_idx,end_node_idx,freight_capacity,cost_per_unit_good
23,24,85,1
24,23,85,1
distance matrix
,0,1,2,3,4,5,6,7,8,9,10,11,12,13,14,15,16,17,18,19,20,21,22,23,24,25,26,27,28,
0,0.0,97.58,74.55,73.82,78.03,75.96,72.78,81.74,75.58,28.84,84.86,77.88,76.84,21.1,64.03,37.05,25.24,36.24,51.88,25.96,34.93,62.29,79.23,64.94,61.19,32.45,40.0,55.0,38.95
1,97.58,0.0,78.16,80.1,29.07,90.09,85.02,59.23,36.01,96.18,12.81,37.05,25.71,82.42,85.29,77.88,73.0,93.62,50.54,76.03,90.87,63.39,75.66,80.16,81.5,66.07,58.26,43.83,58.73
2,74.55,78.16,0.0,2.24,49.5,125.5,7.62,109.86,42.43,50.49,69.23,41.11,78.0,54.13,13.89,37.66,67.08,99.81,43.28,75.13,42.3,98.31,118.93,10.2,110.26,66.57,64.66,51.61,61.22
3,73.82,80.1,2.24,0.0,51.35,126.06,5.39,110.94,44.28,49.25,71.02,43.05,79.48,53.6,12.08,37.11,67.12,99.74,44.2,75.18,41.11,99.09,119.75,9.0,110.75,66.85,65.19,52.7,61.72
4,78.03,29.07,49.5,51.35,0.0,93.98,56.14,69.4,7.07,70.6,19.92,8.94,32.53,59.67,56.22,51.61,56.3,84.38,26.4,61.85,64.35,64.85,82.76,51.09,81.49,50.7,43.74,24.04,42.45
5,75.96,90.09,125.5,126.06,93.98,0.0,128.0,32.98,97.58,99.73,83.19,100.72,65.76,82.49,121.7,94.81,62.68,41.19,83.01,55.57,101.87,29.15,16.16,119.5,15.81,60.31,60.88,76.32,64.38
6,72.78,85.02,7.62,5.39,56.14,128.0,0.0,114.06,49.09,47.0,75.66,48.0,83.49,53.14,9.0,36.77,67.96,100.24,47.17,76.01,39.05,101.53,122.29,8.6,112.54,68.25,67.18,55.95,63.64
7,81.74,59.23,109.86,110.94,69.4,32.98,114.06,0.0,74.52,97.87,54.63,77.47,37.59,79.63,109.59,86.98,60.07,56.44,66.89,56.14,97.29,19.65,17.12,106.17,31.14,54.45,50.7,58.25,54.12
8,75.58,36.01,42.43,44.28,7.07,97.58,49.09,74.52,0.0,65.86,26.93,3.16,38.42,56.3,49.37,46.75,55.32,85.01,23.77,61.52,59.2,68.45,87.13,44.18,84.43,50.36,44.01,24.0,42.19
9,28.84,96.18,50.49,49.25,70.6,99.73,47.0,97.87,65.86,0.0,83.63,67.18,81.49,18.25,38.0,19.1,38.33,63.13,45.65,44.38,8.25,80.05,99.62,40.31,84.1,43.42,48.0,52.92,45.04
10,84.86,12.81,69.23,71.02,19.92,83.19,75.66,54.63,26.93,83.63,0.0,28.79,17.46,69.63,75.01,65.55,60.44,82.54,38.08,63.81,78.55,55.08,69.92,70.06,73.01,53.6,45.8,31.06,46.1
11,77.88,37.05,41.11,43.05,8.94,100.72,48.0,77.47,3.16,67.18,28.79,0.0,41.11,58.31,48.84,48.08,58.05,88.0,26.25,64.38,60.31,71.59,90.21,43.57,87.6,53.24,47.0,27.02,45.1
12,76.84,25.71,78.0,79.48,32.53,65.76,83.49,37.59,38.42,81.49,17.46,41.11,0.0,65.19,81.02,65.38,51.61,68.43,39.05,53.04,77.93,38.01,52.5,76.66,56.08,44.41,36.89,30.0,38.47
13,21.1,82.42,54.13,53.6,59.67,82.49,53.14,79.63,56.3,18.25,69.63,58.31,65.19,0.0,44.78,16.49,20.25,48.41,33.3,26.93,19.42,61.85,81.6,44.92,66.73,25.18,30.15,38.6,27.46
14,64.03,85.29,13.89,12.08,56.22,121.7,9.0,109.59,49.37,38.0,75.01,48.84,81.02,44.78,0.0,28.65,60.61,92.44,43.08,68.6,30.07,96.02,116.83,5.39,106.08,61.52,61.22,52.2,57.63
15,37.05,77.88,37.66,37.11,51.61,94.81,36.77,86.98,46.75,19.1,65.55,48.08,65.38,16.49,28.65,0.0,32.53,63.81,27.51,40.36,13.0,71.11,91.71,28.46,79.03,34.67,36.4,35.69,32.89
16,25.24,73.0,67.08,67.12,56.3,62.68,67.96,60.07,55.32,38.33,60.44,58.05,51.61,20.25,60.61,32.53,0.0,32.89,32.14,8.06,39.36,41.77,61.35,59.36,46.87,7.21,14.87,32.31,14.42
17,36.24,93.62,99.81,99.74,84.38,41.19,100.24,56.44,85.01,63.13,82.54,88.0,68.43,48.41,92.44,63.81,32.89,0.0,63.51,25.0,67.21,37.8,48.27,91.71,28.44,35.36,41.0,61.01,43.1
18,51.88,50.54,43.28,44.2,26.4,83.01,47.17,66.89,23.77,45.65,38.08,26.25,39.05,33.3,43.08,27.51,32.14,63.51,0.0,39.01,40.5,55.17,75.69,39.36,68.26,28.16,23.41,9.22,20.62
19,25.96,76.03,75.13,75.18,61.85,55.57,76.01,56.14,61.52,44.38,63.81,64.38,53.04,26.93,68.6,40.36,8.06,25.0,39.01,0.0,46.32,37.01,55.54,67.42,39.82,11.18,18.38,37.85,19.42
20,34.93,90.87,42.3,41.11,64.35,101.87,39.05,97.29,59.2,8.25,78.55,60.31,77.93,19.42,30.07,13.0,39.36,67.21,40.5,46.32,0.0,80.32,100.46,32.14,86.09,43.32,46.69,48.51,43.42
21,62.29,63.39,98.31,99.09,64.85,29.15,101.53,19.65,68.45,80.05,55.08,71.59,38.01,61.85,96.02,71.11,41.77,37.8,55.17,37.01,80.32,0.0,20.81,93.24,18.11,37.0,34.99,47.8,38.59
22,79.23,75.66,118.93,119.75,82.76,16.16,122.29,17.12,87.13,99.62,69.92,90.21,52.5,81.6,116.83,91.71,61.35,48.27,75.69,55.54,100.46,20.81,0.0,114.02,19.92,57.27,55.76,67.94,59.36
23,64.94,80.16,10.2,9.0,51.09,119.5,8.6,106.17,44.18,40.31,70.06,43.57,76.66,44.92,5.39,28.46,59.36,91.71,39.36,67.42,32.14,93.24,114.02,0.0,104.0,59.67,58.73,48.33,55.17
24,61.19,81.5,110.26,110.75,81.49,15.81,112.54,31.14,84.43,84.1,73.01,87.6,56.08,66.73,106.08,79.03,46.87,28.44,68.26,39.82,86.09,18.11,19.92,104.0,0.0,44.6,45.61,62.17,49.04
25,32.45,66.07,66.57,66.85,50.7,60.31,68.25,54.45,50.36,43.42,53.6,53.24,44.41,25.18,61.52,34.67,7.21,35.36,28.16,11.18,43.32,37.0,57.27,59.67,44.6,0.0,7.81,26.68,8.25
26,40.0,58.26,64.66,65.19,43.74,60.88,67.18,50.7,44.01,48.0,45.8,47.0,36.89,30.15,61.22,36.4,14.87,41.0,23.41,18.38,46.69,34.99,55.76,58.73,45.61,7.81,0.0,20.02,3.61
27,55.0,43.83,51.61,52.7,24.04,76.32,55.95,58.25,24.0,52.92,31.06,27.02,30.0,38.6,52.2,35.69,32.31,61.01,9.22,37.85,48.51,47.8,67.94,48.33,62.17,26.68,20.02,0.0,18.44
28,38.95,58.73,61.22,61.72,42.45,64.38,63.64,54.12,42.19,45.04,46.1,45.1,38.47,27.46,57.63,32.89,14.42,43.1,20.62,19.42,43.42,38.59,59.36,55.17,49.04,8.25,3.61,18.44,0.0
