vehicles
vehicle_idx, capacity, cost_per_unit_distance
1,100,1
2,100,1
3,100,1
4,100,1
depot
node_idx,x,y
0,82,76
home delivery customers
node_idx,x,y,service_time,demand
1,58,30,15,12
2,2,39,15,16
3,9,97,15,24
4,1,65,15,22
5,3,82,15,8
6,96,44,15,19
7,49,8,15,6
8,98,14,15,12
9,84,39,15,16
10,61,62,15,24
11,61,59,15,3
12,14,24,15,6
13,13,7,15,19
self pickup customers
node_idx,x,y,service_time,demand,locker_idxs
14,42,9,15,8,27
15,29,89,15,7,23-25
16,19,32,15,1,27-24-26-25
17,98,5,15,9,22
18,5,10,15,14,23
19,98,52,15,21,22
flexible customers
node_idx,x,y,service_time,demand,locker_idxs
20,20,70,15,2,23-25-26-24-27
21,84,25,15,16,27-22
lockers
node_idx,x,y,service_time,capacity,cost_per_unit_good
22,93,12,10,87,100
23,22,88,10,72,100
24,51,51,10,91,100
25,29,49,10,93,100
26,48,52,10,72,100
27,53,50,10,77,100
mrt lines
start_node_idx,end_node_idx,freight_capacity,cost_per_unit_good
22,23,87,1
23,22,87,1
distance matrix
,0,1,2,3,4,5,6,7,8,9,10,11,12,13,14,15,16,17,18,19,20,21,22,23,24,25,26,27,
0,0.0,51.88,88.14,75.96,81.74,79.23,34.93,75.58,64.03,37.05,25.24,27.02,85.6,97.58,78.03,54.57,76.84,72.78,101.41,28.84,62.29,51.04,64.94,61.19,39.82,59.48,41.62,38.95
1,51.88,0.0,56.72,83.01,66.89,75.69,40.5,23.77,43.08,27.51,32.14,29.15,44.41,50.54,26.4,65.74,39.05,47.17,56.65,45.65,55.17,26.48,39.36,68.26,22.14,34.67,24.17,20.62
2,88.14,56.72,0.0,58.42,26.02,43.01,94.13,56.3,99.2,82.0,63.32,62.3,19.21,33.84,50.0,56.82,18.38,101.84,29.15,96.88,35.85,83.19,94.92,52.92,50.45,28.79,47.8,52.17
3,75.96,83.01,58.42,0.0,32.98,16.16,101.87,97.58,121.7,94.81,62.68,64.4,73.17,90.09,93.98,21.54,65.76,128.0,87.09,99.73,29.15,103.97,119.5,15.81,62.29,52.0,59.55,64.38
4,81.74,66.89,26.02,32.98,0.0,17.12,97.29,74.52,109.59,86.98,60.07,60.3,43.01,59.23,69.4,36.88,37.59,114.06,55.15,97.87,19.65,92.14,106.17,31.14,51.92,32.25,48.76,54.12
5,79.23,75.69,43.01,16.16,17.12,0.0,100.46,87.13,116.83,91.71,61.35,62.39,59.03,75.66,82.76,26.93,52.5,122.29,72.03,99.62,20.81,99.05,114.02,19.92,57.14,42.01,54.08,59.36
6,34.93,40.5,94.13,101.87,97.29,100.46,0.0,59.2,30.07,13.0,39.36,38.08,84.4,90.87,64.35,80.71,77.93,39.05,97.14,8.25,80.32,22.47,32.14,86.09,45.54,67.19,48.66,43.42
7,75.58,23.77,56.3,97.58,74.52,87.13,59.2,0.0,49.37,46.75,55.32,52.39,38.48,36.01,7.07,83.43,38.42,49.09,44.05,65.86,68.45,38.91,44.18,84.43,43.05,45.62,44.01,42.19
8,64.03,43.08,99.2,121.7,109.59,116.83,30.07,49.37,0.0,28.65,60.61,58.26,84.59,85.29,56.22,101.91,81.02,9.0,93.09,38.0,96.02,17.8,5.39,106.08,59.82,77.37,62.8,57.63
9,37.05,27.51,82.0,94.81,86.98,91.71,13.0,46.75,28.65,0.0,32.53,30.48,71.59,77.88,51.61,74.33,65.38,36.77,84.15,19.1,71.11,14.0,28.46,79.03,35.11,55.9,38.28,32.89
10,25.24,32.14,63.32,62.68,60.07,61.35,39.36,55.32,60.61,32.53,0.0,3.0,60.44,73.0,56.3,41.87,51.61,67.96,76.42,38.33,41.77,43.57,59.36,46.87,14.87,34.54,16.4,14.42
11,27.02,29.15,62.3,64.4,60.3,62.39,38.08,52.39,58.26,30.48,3.0,0.0,58.6,70.77,53.49,43.86,49.93,65.46,74.41,37.66,42.45,41.05,56.86,48.6,12.81,33.53,14.76,12.04
12,85.6,44.41,19.21,73.17,43.01,59.03,84.4,38.48,84.59,71.59,60.44,58.6,0.0,17.03,31.76,66.71,9.43,86.12,16.64,88.54,46.39,70.01,79.91,64.5,45.8,29.15,44.05,46.87
13,97.58,50.54,33.84,90.09,59.23,75.66,90.87,36.01,85.29,77.88,73.0,70.77,17.03,0.0,29.07,83.55,25.71,85.02,8.54,96.18,63.39,73.25,80.16,81.5,58.14,44.94,57.01,58.73
14,78.03,26.4,50.0,93.98,69.4,82.76,64.35,7.07,56.22,51.61,56.3,53.49,31.76,29.07,0.0,81.05,32.53,56.14,37.01,70.6,64.85,44.94,51.09,81.49,42.95,42.06,43.42,42.45
15,54.57,65.74,56.82,21.54,36.88,26.93,80.71,83.43,101.91,74.33,41.87,43.86,66.71,83.55,81.05,0.0,57.87,108.71,82.57,78.29,21.02,84.39,100.12,7.07,43.91,40.0,41.59,45.79
16,76.84,39.05,18.38,65.76,37.59,52.5,77.93,38.42,81.02,65.38,51.61,49.93,9.43,25.71,32.53,57.87,0.0,83.49,26.08,81.49,38.01,65.38,76.66,56.08,37.22,19.72,35.23,38.47
17,72.78,47.17,101.84,128.0,114.06,122.29,39.05,49.09,9.0,36.77,67.96,65.46,86.12,85.02,56.14,108.71,83.49,0.0,93.13,47.0,101.53,24.41,8.6,112.54,65.76,81.84,68.62,63.64
18,101.41,56.65,29.15,87.09,55.15,72.03,97.14,44.05,93.09,84.15,76.42,74.41,16.64,8.54,37.01,82.57,26.08,93.13,0.0,102.04,61.85,80.41,88.02,79.83,61.62,45.79,60.11,62.48
19,28.84,45.65,96.88,99.73,97.87,99.62,8.25,65.86,38.0,19.1,38.33,37.66,88.54,96.18,70.6,78.29,81.49,47.0,102.04,0.0,80.05,30.41,40.31,84.1,47.01,69.07,50.0,45.04
20,62.29,55.17,35.85,29.15,19.65,20.81,80.32,68.45,96.02,71.11,41.77,42.45,46.39,63.39,64.85,21.02,38.01,101.53,61.85,80.05,0.0,78.24,93.24,18.11,36.36,22.85,33.29,38.59
21,51.04,26.48,83.19,103.97,92.14,99.05,22.47,38.91,17.8,14.0,43.57,41.05,70.01,73.25,44.94,84.39,65.38,24.41,80.41,30.41,78.24,0.0,15.81,88.39,42.01,60.01,45.0,39.82
22,64.94,39.36,94.92,119.5,106.17,114.02,32.14,44.18,5.39,28.46,59.36,56.86,79.91,80.16,51.09,100.12,76.66,8.6,88.02,40.31,93.24,15.81,0.0,104.0,57.31,73.93,60.21,55.17
23,61.19,68.26,52.92,15.81,31.14,19.92,86.09,84.43,106.08,79.03,46.87,48.6,64.5,81.5,81.49,7.07,56.08,112.54,79.83,84.1,18.11,88.39,104.0,0.0,47.01,39.62,44.41,49.04
24,39.82,22.14,50.45,62.29,51.92,57.14,45.54,43.05,59.82,35.11,14.87,12.81,45.8,58.14,42.95,43.91,37.22,65.76,61.62,47.01,36.36,42.01,57.31,47.01,0.0,22.09,3.16,2.24
25,59.48,34.67,28.79,52.0,32.25,42.01,67.19,45.62,77.37,55.9,34.54,33.53,29.15,44.94,42.06,40.0,19.72,81.84,45.79,69.07,22.85,60.01,73.93,39.62,22.09,0.0,19.24,24.02
26,41.62,24.17,47.8,59.55,48.76,54.08,48.66,44.01,62.8,38.28,16.4,14.76,44.05,57.01,43.42,41.59,35.23,68.62,60.11,50.0,33.29,45.0,60.21,44.41,3.16,19.24,0.0,5.39
27,38.95,20.62,52.17,64.38,54.12,59.36,43.42,42.19,57.63,32.89,14.42,12.04,46.87,58.73,42.45,45.79,38.47,63.64,62.48,45.04,38.59,39.82,55.17,49.04,2.24,24.02,5.39,0.0
