set K:= 1	2	3	4	5	6;
set C_H:= 1	2	3	4	5	6	7	8	9	10	11	12	13	14	15	16	17	18	19	20	21	22	23	24;
set C_S:= 25	26	27	28	29	30	31	32	33	34	35;
set C_F:= 36	37	38;
set M:= 39	40	41	42;
set L_B:= 43	44	45	46	47	48;
set A1:=
(0,*) 1 2 3 4 5 6 7 8 9 10 11 12 13 14 15 16 17 18 19 20 21 22 23 24 36 37 38 39 40 41 42 43 44 45 46 47 48
(1,*) 0 2 3 4 5 6 7 8 9 10 11 12 13 14 15 16 17 18 19 20 21 22 23 24 36 37 38 39 40 41 42 43 44 45 46 47 48
(2,*) 0 1 3 4 5 6 7 8 9 10 11 12 13 14 15 16 17 18 19 20 21 22 23 24 36 37 38 39 40 41 42 43 44 45 46 47 48
(3,*) 0 1 2 4 5 6 7 8 9 10 11 12 13 14 15 16 17 18 19 20 21 22 23 24 36 37 38 39 40 41 42 43 44 45 46 47 48
(4,*) 0 1 2 3 5 6 7 8 9 10 11 12 13 14 15 16 17 18 19 20 21 22 23 24 36 37 38 39 40 41 42 43 44 45 46 47 48
(5,*) 0 1 2 3 4 6 7 8 9 10 11 12 13 14 15 16 17 18 19 20 21 22 23 24 36 37 38 39 40 41 42 43 44 45 46 47 48
(6,*) 0 1 2 3 4 5 7 8 9 10 11 12 13 14 15 16 17 18 19 20 21 22 23 24 36 37 38 39 40 41 42 43 44 45 46 47 48
(7,*) 0 1 2 3 4 5 6 8 9 10 11 12 13 14 15 16 17 18 19 20 21 22 23 24 36 37 38 39 40 41 42 43 44 45 46 47 48
(8,*) 0 1 2 3 4 5 6 7 9 10 11 12 13 14 15 16 17 18 19 20 21 22 23 24 36 37 38 39 40 41 42 43 44 45 46 47 48
(9,*) 0 1 2 3 4 5 6 7 8 10 11 12 13 14 15 16 17 18 19 20 21 22 23 24 36 37 38 39 40 41 42 43 44 45 46 47 48
(10,*) 0 1 2 3 4 5 6 7 8 9 11 12 13 14 15 16 17 18 19 20 21 22 23 24 36 37 38 39 40 41 42 43 44 45 46 47 48
(11,*) 0 1 2 3 4 5 6 7 8 9 10 12 13 14 15 16 17 18 19 20 21 22 23 24 36 37 38 39 40 41 42 43 44 45 46 47 48
(12,*) 0 1 2 3 4 5 6 7 8 9 10 11 13 14 15 16 17 18 19 20 21 22 23 24 36 37 38 39 40 41 42 43 44 45 46 47 48
(13,*) 0 1 2 3 4 5 6 7 8 9 10 11 12 14 15 16 17 18 19 20 21 22 23 24 36 37 38 39 40 41 42 43 44 45 46 47 48
(14,*) 0 1 2 3 4 5 6 7 8 9 10 11 12 13 15 16 17 18 19 20 21 22 23 24 36 37 38 39 40 41 42 43 44 45 46 47 48
(15,*) 0 1 2 3 4 5 6 7 8 9 10 11 12 13 14 16 17 18 19 20 21 22 23 24 36 37 38 39 40 41 42 43 44 45 46 47 48
(16,*) 0 1 2 3 4 5 6 7 8 9 10 11 12 13 14 15 17 18 19 20 21 22 23 24 36 37 38 39 40 41 42 43 44 45 46 47 48
(17,*) 0 1 2 3 4 5 6 7 8 9 10 11 12 13 14 15 16 18 19 20 21 22 23 24 36 37 38 39 40 41 42 43 44 45 46 47 48
(18,*) 0 1 2 3 4 5 6 7 8 9 10 11 12 13 14 15 16 17 19 20 21 22 23 24 36 37 38 39 40 41 42 43 44 45 46 47 48
(19,*) 0 1 2 3 4 5 6 7 8 9 10 11 12 13 14 15 16 17 18 20 21 22 23 24 36 37 38 39 40 41 42 43 44 45 46 47 48
(20,*) 0 1 2 3 4 5 6 7 8 9 10 11 12 13 14 15 16 17 18 19 21 22 23 24 36 37 38 39 40 41 42 43 44 45 46 47 48
(21,*) 0 1 2 3 4 5 6 7 8 9 10 11 12 13 14 15 16 17 18 19 20 22 23 24 36 37 38 39 40 41 42 43 44 45 46 47 48
(22,*) 0 1 2 3 4 5 6 7 8 9 10 11 12 13 14 15 16 17 18 19 20 21 23 24 36 37 38 39 40 41 42 43 44 45 46 47 48
(23,*) 0 1 2 3 4 5 6 7 8 9 10 11 12 13 14 15 16 17 18 19 20 21 22 24 36 37 38 39 40 41 42 43 44 45 46 47 48
(24,*) 0 1 2 3 4 5 6 7 8 9 10 11 12 13 14 15 16 17 18 19 20 21 22 23 36 37 38 39 40 41 42 43 44 45 46 47 48
(36,*) 0 1 2 3 4 5 6 7 8 9 10 11 12 13 14 15 16 17 18 19 20 21 22 23 24 37 38 39 40 41 42 43 44 45 46 47 48
(37,*) 0 1 2 3 4 5 6 7 8 9 10 11 12 13 14 15 16 17 18 19 20 21 22 23 24 36 38 39 40 41 42 43 44 45 46 47 48
(38,*) 0 1 2 3 4 5 6 7 8 9 10 11 12 13 14 15 16 17 18 19 20 21 22 23 24 36 37 39 40 41 42 43 44 45 46 47 48
(39,*) 0 1 2 3 4 5 6 7 8 9 10 11 12 13 14 15 16 17 18 19 20 21 22 23 24 36 37 38 40 41 42 43 44 45 46 47 48
(40,*) 0 1 2 3 4 5 6 7 8 9 10 11 12 13 14 15 16 17 18 19 20 21 22 23 24 36 37 38 39 41 42 43 44 45 46 47 48
(41,*) 0 1 2 3 4 5 6 7 8 9 10 11 12 13 14 15 16 17 18 19 20 21 22 23 24 36 37 38 39 40 42 43 44 45 46 47 48
(42,*) 0 1 2 3 4 5 6 7 8 9 10 11 12 13 14 15 16 17 18 19 20 21 22 23 24 36 37 38 39 40 41 43 44 45 46 47 48
(43,*) 0 1 2 3 4 5 6 7 8 9 10 11 12 13 14 15 16 17 18 19 20 21 22 23 24 36 37 38 39 40 41 42 44 45 46 47 48
(44,*) 0 1 2 3 4 5 6 7 8 9 10 11 12 13 14 15 16 17 18 19 20 21 22 23 24 36 37 38 39 40 41 42 43 45 46 47 48
(45,*) 0 1 2 3 4 5 6 7 8 9 10 11 12 13 14 15 16 17 18 19 20 21 22 23 24 36 37 38 39 40 41 42 43 44 46 47 48
(46,*) 0 1 2 3 4 5 6 7 8 9 10 11 12 13 14 15 16 17 18 19 20 21 22 23 24 36 37 38 39 40 41 42 43 44 45 47 48
(47,*) 0 1 2 3 4 5 6 7 8 9 10 11 12 13 14 15 16 17 18 19 20 21 22 23 24 36 37 38 39 40 41 42 43 44 45 46 48
(48,*) 0 1 2 3 4 5 6 7 8 9 10 11 12 13 14 15 16 17 18 19 20 21 22 23 24 36 37 38 39 40 41 42 43 44 45 46 47
;
set A2:=
(39,*) 40
(40,*) 39
(41,*) 42
(42,*) 41
;
param BigM:=99999;
param n:= 6;
param d:=
1	18
2	24
3	3
4	6
5	6
6	6
7	12
8	18
9	16
10	72
11	23
12	4
13	22
14	7
15	11
16	1
17	16
18	15
19	5
20	22
21	10
22	3
23	15
24	10
25	22
26	19
27	7
28	23
29	11
30	22
31	7
32	9
33	9
34	7
35	2
36	16
37	16
38	11
;
param Q:=100;
param w:=
[39,*] 40 1
[40,*] 39 1
[41,*] 42 1
[42,*] 41 1
;
param V:=
[39,*] 40 100
[40,*] 39 100
[41,*] 42 94
[42,*] 41 94
;
param f:=
39	100
40	100
41	100
42	100
43	100
44	100
45	100
46	100
47	100
48	100
;
param e:
	39	40	41	42	43	44	45	46	47	48:=
25	0	0	0	1	1	1	0	1	1	1	
26	1	0	0	0	1	1	0	0	0	1	
27	0	1	0	0	1	1	1	1	1	1	
28	0	1	1	0	0	0	1	1	1	0	
29	1	0	0	0	0	1	0	0	0	0	
30	0	0	0	1	1	1	0	1	1	1	
31	0	0	1	0	0	1	0	0	0	1	
32	0	0	0	1	1	1	0	1	1	1	
33	0	1	1	0	0	0	1	1	1	0	
34	0	1	0	0	0	0	1	0	0	0	
35	0	0	0	1	1	0	0	1	1	0	
36	0	1	1	0	1	1	1	1	1	1	
37	0	0	0	1	1	1	0	1	1	1	
38	0	0	1	0	1	1	0	1	1	1	
;
param p:=
1	1
2	1
3	1
4	1
5	1
6	1
;
param G:=
39	100
40	91
41	71
42	94
43	78
44	94
45	99
46	74
47	76
48	89
;
param s:=
0	0
1	15
2	15
3	15
4	15
5	15
6	15
7	15
8	15
9	15
10	15
11	15
12	15
13	15
14	15
15	15
16	15
17	15
18	15
19	15
20	15
21	15
22	15
23	15
24	15
36	15
37	15
38	15
39	10
40	10
41	10
42	10
43	10
44	10
45	10
46	10
47	10
48	10
;
param t:
	0	1	2	3	4	5	6	7	8	9	10	11	12	13	14	15	16	17	18	19	20	21	22	23	24	25	26	27	28	29	30	31	32	33	34	35	36	37	38	39	40	41	42	43	44	45	46	47	48:=
0	0.0	40.0	77.79	15.23	56.92	57.72	42.05	67.2	24.41	42.05	12.17	87.13	54.33	52.84	28.84	45.12	48.17	80.52	10.2	32.31	26.68	49.4	64.9	42.76	46.69	18.44	30.07	56.32	72.69	61.77	8.94	60.83	18.44	74.24	85.09	38.83	60.03	8.25	45.25	54.45	71.06	73.74	14.56	24.52	34.44	58.22	40.01	38.01	31.95
1	40.0	0.0	75.71	48.08	58.31	61.74	80.05	54.0	24.41	80.05	39.85	74.24	15.23	26.68	33.94	10.77	8.94	98.41	39.29	71.02	66.27	78.23	38.63	8.25	79.62	55.32	10.2	77.79	78.0	33.11	48.17	42.19	40.25	81.44	107.52	75.29	71.02	42.76	32.98	15.65	89.5	70.41	54.15	42.44	39.82	73.41	57.28	54.45	41.73
2	77.79	75.71	0.0	92.97	20.88	20.59	110.94	25.61	88.09	83.55	65.79	22.0	85.44	52.8	50.64	67.05	74.0	44.18	86.83	101.55	94.34	59.36	48.41	83.95	68.82	72.72	76.24	44.72	14.14	53.25	76.97	37.74	59.46	18.0	58.14	76.42	26.08	70.94	42.76	86.38	41.3	5.39	86.76	53.49	43.93	33.12	42.2	42.72	45.88
3	15.23	48.08	92.97	0.0	72.11	72.8	32.25	82.1	26.0	45.25	27.2	102.22	60.53	65.6	43.91	55.46	56.92	93.06	8.94	24.08	21.54	59.46	78.1	48.37	54.59	27.2	37.95	68.73	87.48	74.4	18.11	75.07	33.53	88.81	96.17	44.41	74.43	22.36	59.67	60.41	83.73	88.96	12.81	39.56	49.66	72.01	54.23	52.47	47.17
4	56.92	58.31	20.88	72.11	0.0	4.47	91.21	22.0	68.03	66.57	44.94	34.41	69.97	39.6	30.07	51.11	58.31	44.94	65.97	81.61	74.4	45.61	40.25	66.48	53.85	52.8	57.27	34.0	19.7	43.27	56.36	28.64	38.63	23.32	57.27	59.36	17.09	50.16	26.08	70.83	38.08	17.0	66.24	32.7	23.19	23.35	23.6	23.35	25.0
5	57.72	61.74	20.59	72.8	4.47	0.0	90.44	26.08	70.26	64.4	45.61	36.72	73.78	43.86	32.06	54.92	62.13	40.5	67.08	80.99	73.78	42.38	44.72	69.86	50.99	52.15	60.17	30.07	16.49	47.71	56.46	33.11	39.29	19.7	52.8	57.2	12.65	50.6	30.0	74.63	33.62	17.69	66.21	33.24	25.02	19.1	21.93	22.2	26.17
6	42.05	80.05	110.94	32.25	91.21	90.44	0.0	106.15	58.14	36.0	50.0	124.58	92.78	94.83	68.41	86.65	88.77	97.67	40.79	10.0	16.97	61.19	106.68	80.62	52.35	38.42	69.86	75.29	102.0	103.77	37.2	101.61	55.32	101.98	96.08	40.45	87.66	44.41	86.02	92.66	89.5	108.0	27.78	60.11	72.18	82.86	68.8	68.24	68.59
7	67.2	54.0	25.61	82.1	22.0	26.08	106.15	0.0	70.88	85.91	56.64	20.88	61.61	28.64	38.42	44.18	50.64	64.62	74.43	96.21	89.2	67.08	22.8	62.03	74.73	68.41	56.89	56.0	34.99	27.78	69.31	12.65	50.91	39.45	77.79	78.79	38.47	62.29	23.41	62.59	58.94	20.52	79.25	46.1	33.97	45.18	43.32	42.15	37.64
8	24.41	24.41	88.09	26.0	68.03	70.26	58.14	70.88	0.0	66.24	31.62	91.76	34.93	47.71	38.21	33.94	33.29	100.32	18.44	50.04	46.69	72.47	60.46	22.8	70.77	42.8	15.62	76.94	86.58	55.61	33.29	60.93	35.78	89.11	106.68	63.25	76.16	31.11	47.54	34.71	90.87	83.22	35.44	40.85	45.28	76.22	57.94	55.36	44.91
9	42.05	80.05	83.55	45.25	66.57	64.4	36.0	85.91	66.24	0.0	40.45	100.96	95.08	84.38	54.33	82.39	87.13	62.64	48.83	31.05	26.83	26.83	93.74	84.12	17.09	24.74	70.88	42.19	72.25	92.78	33.11	85.44	42.0	71.22	60.13	7.21	58.0	37.36	71.39	95.34	55.15	81.84	32.56	43.42	54.57	51.86	43.05	43.83	50.45
10	12.17	39.85	65.79	27.2	44.94	45.61	50.0	56.64	31.62	40.45	0.0	76.03	55.03	46.17	18.44	42.05	46.69	69.57	22.0	40.0	33.29	41.04	57.27	44.72	40.5	16.0	31.3	45.69	60.53	55.03	12.81	51.61	6.32	62.13	75.18	35.44	48.0	5.66	36.06	55.36	60.08	61.85	22.63	12.37	23.02	46.53	28.16	26.02	20.12
11	87.13	74.24	22.0	102.22	34.41	36.72	124.58	20.88	91.76	100.96	76.03	0.0	80.4	48.0	58.31	64.03	70.03	66.12	94.83	114.77	107.63	78.79	38.83	82.1	87.66	86.28	77.67	65.15	36.06	44.72	88.41	32.06	70.0	40.0	80.1	93.74	46.17	81.61	44.27	81.39	63.2	20.62	98.41	64.66	53.01	53.45	58.01	57.63	56.22
12	54.33	15.23	85.44	60.53	69.97	73.78	92.78	61.61	34.93	95.08	55.03	80.4	0.0	32.98	48.41	18.87	11.66	111.95	52.15	84.21	80.0	93.3	42.0	12.17	94.85	70.34	24.33	92.2	89.55	36.0	62.8	49.03	55.46	93.3	121.66	90.44	84.02	57.72	43.91	1.0	103.28	80.06	68.03	57.45	53.76	87.05	71.7	68.88	56.08
13	52.84	26.68	52.8	65.6	39.6	43.86	94.83	28.64	47.71	84.38	46.17	48.0	32.98	0.0	30.07	16.12	22.09	84.02	56.85	84.97	78.79	73.76	12.81	34.23	78.41	61.61	32.25	68.03	58.41	8.94	58.31	16.12	42.76	62.48	95.41	78.1	55.61	51.26	15.23	33.96	76.28	47.42	67.08	41.05	31.4	60.21	49.04	46.57	35.23
14	28.84	33.94	50.64	43.91	30.07	32.06	68.41	38.42	38.21	54.33	18.44	58.31	48.41	30.07	0.0	31.3	37.74	64.9	36.77	58.41	51.61	45.69	39.85	41.23	49.03	32.31	29.53	43.86	48.37	38.47	31.24	33.29	13.42	50.99	73.59	48.04	38.63	24.08	17.89	49.04	55.8	46.1	41.04	11.0	7.07	39.96	23.35	20.52	7.81
15	45.12	10.77	67.05	55.46	51.11	54.92	86.65	44.18	33.94	82.39	42.05	64.03	18.87	16.12	31.3	0.0	7.21	93.38	46.52	77.2	71.81	76.97	27.86	18.11	79.7	58.03	18.44	74.4	70.71	22.36	52.35	32.0	40.79	74.43	103.48	76.94	65.3	46.04	25.06	19.72	84.86	61.68	59.67	41.44	35.81	68.59	54.08	51.31	38.59
16	48.17	8.94	74.0	56.92	58.31	62.13	88.77	50.64	33.29	87.13	46.69	70.03	11.66	22.09	37.74	7.21	0.0	100.5	48.08	79.62	74.67	83.19	32.56	13.42	85.44	62.51	18.97	81.22	77.9	26.68	56.0	38.21	46.17	81.63	110.45	82.0	72.47	50.16	32.25	12.53	91.92	68.62	62.51	47.42	42.64	75.66	60.8	58.01	45.22
17	80.52	98.41	44.18	93.06	44.94	40.5	97.67	64.62	100.32	62.64	69.57	66.12	111.95	84.02	64.9	93.38	100.5	0.0	90.71	90.55	84.21	36.5	85.09	106.02	45.61	66.27	94.34	24.33	30.59	88.2	74.97	73.43	64.62	26.31	14.0	57.27	28.43	72.28	69.43	112.7	9.49	46.87	82.22	59.51	58.6	25.0	42.49	45.18	57.14
18	10.2	39.29	86.83	8.94	65.97	67.08	40.79	74.43	18.44	48.83	22.0	94.83	52.15	56.85	36.77	46.52	48.08	90.71	0.0	32.06	28.28	59.06	69.43	40.05	55.61	27.2	29.12	66.48	82.39	65.6	17.2	66.84	28.07	84.1	95.08	46.69	70.0	18.44	51.61	52.09	81.25	82.57	17.09	34.13	43.01	68.36	50.09	48.01	41.0
19	32.31	71.02	101.55	24.08	81.61	80.99	10.0	96.21	50.04	31.05	40.0	114.77	84.21	84.97	58.41	77.2	79.62	90.55	32.06	0.0	7.21	54.15	96.75	72.11	46.04	28.84	60.83	67.47	93.04	93.91	27.2	91.61	45.34	93.23	90.09	34.06	78.79	34.41	76.03	84.15	82.04	98.47	17.89	50.21	62.24	74.33	59.54	58.83	58.69
20	26.68	66.27	94.34	21.54	74.4	73.78	16.97	89.2	46.69	26.83	33.29	107.63	80.0	78.79	51.61	71.81	74.67	84.21	28.28	7.21	0.0	48.0	90.35	68.03	40.45	21.63	56.14	60.83	85.91	87.73	20.59	84.88	38.42	86.16	84.38	28.64	71.69	27.78	69.34	80.01	75.54	91.26	12.17	43.14	55.23	67.36	52.35	51.62	51.62
21	49.4	78.23	59.36	59.46	45.61	42.38	61.19	67.08	72.47	26.83	41.04	78.79	93.3	73.76	45.69	76.97	83.19	36.5	59.06	54.15	48.0	0.0	80.22	84.4	10.0	32.31	71.22	15.62	46.86	80.89	42.05	70.0	38.42	45.25	36.88	20.88	33.29	41.62	58.86	93.81	28.46	58.59	47.54	35.85	42.45	26.4	25.08	27.29	38.9
22	64.9	38.63	48.41	78.1	40.25	44.72	106.68	22.8	60.46	93.74	57.27	38.83	42.0	12.81	39.85	27.86	32.56	85.09	69.43	96.75	90.35	80.22	0.0	45.61	86.02	72.11	44.94	72.28	56.85	6.0	69.77	11.66	53.14	61.22	97.51	87.13	57.27	62.61	22.36	43.0	78.29	43.28	78.89	50.45	39.32	62.97	55.15	53.04	43.42
23	42.76	8.25	83.95	48.37	66.48	69.86	80.62	62.03	22.8	84.12	44.72	82.1	12.17	34.23	41.23	18.11	13.42	106.02	40.05	72.11	68.03	84.4	45.61	0.0	85.09	59.46	13.42	84.9	86.16	39.85	51.42	50.04	46.04	89.55	114.77	79.85	78.89	46.82	41.23	12.04	97.01	78.64	56.14	48.92	47.43	81.02	64.44	61.62	49.04
24	46.69	79.62	68.82	54.59	53.85	50.99	52.35	74.73	70.77	17.09	40.5	87.66	94.85	78.41	49.03	79.7	85.44	45.61	55.61	46.04	40.45	10.0	86.02	85.09	0.0	28.43	71.69	25.61	56.64	86.09	38.42	76.42	39.4	55.17	44.05	12.0	42.8	39.7	64.03	95.27	38.08	67.74	42.05	38.33	47.1	36.12	31.58	33.24	43.19
25	18.44	55.32	72.72	27.2	52.8	52.15	38.42	68.41	42.8	24.74	16.0	86.28	70.34	61.61	32.31	58.03	62.51	66.27	27.2	28.84	21.63	32.31	72.11	59.46	28.43	0.0	46.17	42.05	64.62	70.34	10.0	65.3	18.97	65.15	68.96	20.59	50.6	12.65	50.16	70.6	57.08	69.63	16.0	22.47	34.67	46.87	30.87	30.02	30.81
26	30.07	10.2	76.24	37.95	57.27	60.17	69.86	56.89	15.62	70.88	31.3	77.67	24.33	32.25	29.53	18.44	18.97	94.34	29.12	60.83	56.14	71.22	44.94	13.42	71.69	46.17	0.0	72.47	76.66	40.0	38.47	46.17	32.8	79.7	102.45	66.48	68.03	33.53	34.06	24.52	85.15	71.11	44.05	36.07	36.25	69.46	52.2	49.41	37.22
27	56.32	77.79	44.72	68.73	34.0	30.07	75.29	56.0	76.94	42.19	45.69	65.15	92.2	68.03	43.86	74.4	81.22	24.33	66.48	67.47	60.83	15.62	72.28	84.9	25.61	42.05	72.47	0.0	31.62	74.0	50.64	61.19	41.18	29.73	30.0	35.78	18.97	48.08	52.8	92.85	15.03	44.6	58.03	36.62	38.6	11.7	20.52	23.35	36.12
28	72.69	78.0	14.14	87.48	19.7	16.49	102.0	34.99	86.58	72.25	60.53	36.06	89.55	58.41	48.37	70.71	77.9	30.59	82.39	93.04	85.91	46.86	56.85	86.16	56.64	64.62	76.66	31.62	0.0	60.83	70.34	45.34	54.33	4.47	44.41	65.3	14.42	65.12	45.65	90.43	27.17	16.28	79.7	48.26	41.3	20.52	33.84	35.17	42.01
29	61.77	33.11	53.25	74.4	43.27	47.71	103.77	27.78	55.61	92.78	55.03	44.72	36.0	8.94	38.47	22.36	26.68	88.2	65.6	93.91	87.73	80.89	6.0	39.85	86.09	70.34	40.0	74.0	60.83	0.0	67.23	15.62	51.42	65.12	100.24	86.37	60.03	60.17	22.09	37.0	81.01	48.01	76.03	49.37	39.01	65.31	55.9	53.6	43.0
30	8.94	48.17	76.97	18.11	56.36	56.46	37.2	69.31	33.29	33.11	12.81	88.41	62.8	58.31	31.24	52.35	56.0	74.97	17.2	27.2	20.59	42.05	69.77	51.42	38.42	10.0	38.47	50.64	70.34	67.23	0.0	64.4	18.44	71.39	78.43	30.0	56.89	7.21	48.83	62.97	65.62	73.36	10.0	23.85	35.47	54.08	36.67	35.17	32.2
31	60.83	42.19	37.74	75.07	28.64	33.11	101.61	12.65	60.93	85.44	51.61	32.06	49.03	16.12	33.29	32.0	38.21	73.43	66.84	91.61	84.88	70.0	11.66	50.04	76.42	65.3	46.17	61.19	45.34	15.62	64.4	0.0	46.65	49.68	85.91	78.59	45.69	57.2	15.62	50.01	66.71	32.45	74.03	42.95	31.02	51.55	45.04	43.19	35.11
32	18.44	40.25	59.46	33.53	38.63	39.29	55.32	50.91	35.78	42.0	6.32	70.0	55.46	42.76	13.42	40.79	46.17	64.62	28.07	45.34	38.42	38.42	53.14	46.04	39.4	18.97	32.8	41.18	54.33	51.42	18.44	46.65	0.0	56.04	71.02	36.22	42.05	11.66	31.3	55.9	55.15	55.54	28.43	6.08	17.03	41.0	22.56	20.22	13.89
33	74.24	81.44	18.0	88.81	23.32	19.7	101.98	39.45	89.11	71.22	62.13	40.0	93.3	62.48	50.99	74.43	81.63	26.31	84.1	93.23	86.16	45.25	61.22	89.55	55.17	65.15	79.7	29.73	4.47	65.12	71.39	49.68	56.04	0.0	40.2	64.4	14.56	66.48	49.4	94.15	23.54	20.62	80.52	50.01	43.93	19.42	34.71	36.35	44.28
34	85.09	107.52	58.14	96.17	57.27	52.8	96.08	77.79	106.68	60.13	75.18	80.1	121.66	95.41	73.59	103.48	110.45	14.0	95.08	90.09	84.38	36.88	97.51	114.77	44.05	68.96	102.45	30.0	44.41	100.24	78.43	85.91	71.02	40.2	0.0	56.04	40.25	76.97	80.45	122.35	19.24	60.67	84.4	66.61	67.9	35.23	50.33	53.15	65.8
35	38.83	75.29	76.42	44.41	59.36	57.2	40.45	78.79	63.25	7.21	35.44	93.74	90.44	78.1	48.04	76.94	82.0	57.27	46.69	34.06	28.64	20.88	87.13	79.85	12.0	20.59	66.48	35.78	65.3	86.37	30.0	78.59	36.22	64.4	56.04	0.0	50.99	33.11	64.78	90.76	49.34	74.65	31.62	37.05	47.85	45.0	35.85	36.67	43.74
36	60.03	71.02	26.08	74.43	17.09	12.65	87.66	38.47	76.16	58.0	48.0	46.17	84.02	55.61	38.63	65.3	72.47	28.43	70.0	78.79	71.69	33.29	57.27	78.89	42.8	50.6	68.03	18.97	14.42	60.03	56.89	45.69	42.05	14.56	40.25	50.99	0.0	52.15	41.04	84.81	21.02	25.63	65.97	36.12	31.78	7.28	20.22	22.02	31.32
37	8.25	42.76	70.94	22.36	50.16	50.6	44.41	62.29	31.11	37.36	5.66	81.61	57.72	51.26	24.08	46.04	50.16	72.28	18.44	34.41	27.78	41.62	62.61	46.82	39.7	12.65	33.53	48.08	65.12	60.17	7.21	57.2	11.66	66.48	76.97	33.11	52.15	0.0	41.62	57.97	62.82	67.12	16.97	17.46	28.6	50.09	32.02	30.15	25.55
38	45.25	32.98	42.76	59.67	26.08	30.0	86.02	23.41	47.54	71.39	36.06	44.27	43.91	15.23	17.89	25.06	32.25	69.43	51.61	76.03	69.34	58.86	22.36	41.23	64.03	50.16	34.06	52.8	45.65	22.09	48.83	15.62	31.3	49.4	80.45	64.78	41.04	41.62	0.0	44.78	61.4	37.48	58.41	28.16	17.03	45.22	33.96	31.58	21.1
39	54.45	15.65	86.38	60.41	70.83	74.63	92.66	62.59	34.71	95.34	55.36	81.39	1.0	33.96	49.04	19.72	12.53	112.7	52.09	84.15	80.01	93.81	43.0	12.04	95.27	70.6	24.52	92.85	90.43	37.0	62.97	50.01	55.9	94.15	122.35	90.76	84.81	57.97	44.78	0.0	104.0	80.99	68.07	57.98	54.45	87.78	72.35	69.53	56.73
40	71.06	89.5	41.3	83.73	38.08	33.62	89.5	58.94	90.87	55.15	60.08	63.2	103.28	76.28	55.8	84.86	91.92	9.49	81.25	82.04	75.54	28.46	78.29	97.01	38.08	57.08	85.15	15.03	27.17	81.01	65.62	66.71	55.15	23.54	19.24	49.34	21.02	62.82	61.4	104.0	0.0	43.0	73.06	50.09	49.68	16.28	33.12	35.85	48.01
41	73.74	70.41	5.39	88.96	17.0	17.69	108.0	20.52	83.22	81.84	61.85	20.62	80.06	47.42	46.1	61.68	68.62	46.87	82.57	98.47	91.26	58.59	43.28	78.64	67.74	69.63	71.11	44.6	16.28	48.01	73.36	32.45	55.54	20.62	60.67	74.65	25.63	67.12	37.48	80.99	43.0	0.0	83.24	49.66	39.56	32.89	39.62	39.82	41.79
42	14.56	54.15	86.76	12.81	66.24	66.21	27.78	79.25	35.44	32.56	22.63	98.41	68.03	67.08	41.04	59.67	62.51	82.22	17.09	17.89	12.17	47.54	78.89	56.14	42.05	16.0	44.05	58.03	79.7	76.03	10.0	74.03	28.43	80.52	84.4	31.62	65.97	16.97	58.41	68.07	73.06	83.24	0.0	33.84	45.45	62.65	45.88	44.6	42.2
43	24.52	42.44	53.49	39.56	32.7	33.24	60.11	46.1	40.85	43.42	12.37	64.66	57.45	41.05	11.0	41.44	47.42	59.51	34.13	50.21	43.14	35.85	50.45	48.92	38.33	22.47	36.07	36.62	48.26	49.37	23.85	42.95	6.08	50.01	66.61	37.05	36.12	17.46	28.16	57.98	50.09	49.66	33.84	0.0	12.21	35.44	17.09	14.56	8.49
44	34.44	39.82	43.93	49.66	23.19	25.02	72.18	33.97	45.28	54.57	23.02	53.01	53.76	31.4	7.07	35.81	42.64	58.6	43.01	62.24	55.23	42.45	39.32	47.43	47.1	34.67	36.25	38.6	41.3	39.01	35.47	31.02	17.03	43.93	67.9	47.85	31.78	28.6	17.03	54.45	49.68	39.56	45.45	12.21	0.0	33.6	18.36	15.65	4.12
45	58.22	73.41	33.12	72.01	23.35	19.1	82.86	45.18	76.22	51.86	46.53	53.45	87.05	60.21	39.96	68.59	75.66	25.0	68.36	74.33	67.36	26.4	62.97	81.02	36.12	46.87	69.46	11.7	20.52	65.31	54.08	51.55	41.0	19.42	35.23	45.0	7.28	50.09	45.22	87.78	16.28	32.89	62.65	35.44	33.6	0.0	18.44	20.88	32.25
46	40.01	57.28	42.2	54.23	23.6	21.93	68.8	43.32	57.94	43.05	28.16	58.01	71.7	49.04	23.35	54.08	60.8	42.49	50.09	59.54	52.35	25.08	55.15	64.44	31.58	30.87	52.2	20.52	33.84	55.9	36.67	45.04	22.56	34.71	50.33	35.85	20.22	32.02	33.96	72.35	33.12	39.62	45.88	17.09	18.36	18.44	0.0	2.83	15.62
47	38.01	54.45	42.72	52.47	23.35	22.2	68.24	42.15	55.36	43.83	26.02	57.63	68.88	46.57	20.52	51.31	58.01	45.18	48.01	58.83	51.62	27.29	53.04	61.62	33.24	30.02	49.41	23.35	35.17	53.6	35.17	43.19	20.22	36.35	53.15	36.67	22.02	30.15	31.58	69.53	35.85	39.82	44.6	14.56	15.65	20.88	2.83	0.0	12.81
48	31.95	41.73	45.88	47.17	25.0	26.17	68.59	37.64	44.91	50.45	20.12	56.22	56.08	35.23	7.81	38.59	45.22	57.14	41.0	58.69	51.62	38.9	43.42	49.04	43.19	30.81	37.22	36.12	42.01	43.0	32.2	35.11	13.89	44.28	65.8	43.74	31.32	25.55	21.1	56.73	48.01	41.79	42.2	8.49	4.12	32.25	15.62	12.81	0.0
;
