vehicles
vehicle_idx, capacity, cost_per_unit_distance
1,100,3
2,100,3
3,100,3
4,100,3
5,100,3
depot
node_idx,x,y
0,38,46
home delivery customers
node_idx,x,y,service_time,demand
1,59,46,10,16
2,47,61,10,1
3,96,7,10,23
4,37,25,10,7
5,93,90,10,6
6,60,20,10,19
7,78,58,10,2
8,75,96,10,12
9,11,66,10,1
10,25,72,10,23
11,8,68,10,6
12,50,2,10,7
self pickup customers
node_idx,x,y,service_time,demand,locker_idxs
13,66,6,10,8,38
14,74,42,10,24,41
15,45,36,10,16,43
16,73,57,10,7,41
17,98,51,10,22,37
18,92,62,10,7,37
19,43,42,10,23,43
20,78,65,10,2,37
21,37,88,10,9,40
22,9,49,10,9,40
23,12,61,10,19,40
24,22,53,10,20,40-38
flexible customers
node_idx,x,y,service_time,demand,locker_idxs
25,96,42,10,18,37
26,26,15,10,13,38
27,68,92,10,27,37
28,78,84,10,1,37
29,82,28,10,3,41
30,36,48,10,5,40-43-39-41
31,10,91,10,4,37
32,53,25,10,16,39-41
33,72,79,10,2,40-37
34,16,73,10,2,40
35,26,54,10,7,43-40
36,18,89,10,20,40
lockers
node_idx,x,y,service_time,capacity,cost_per_unit_good
37,65,88,10,76
38,25,15,10,81
39,54,47,10,85
40,31,72,10,88
41,56,47,10,73
42,27,6,10,86
43,45,61,10,73
mrt lines
start_node_idx,end_node_idx,freight_capacity,cost_per_unit_good
distance matrix
,0,1,2,3,4,5,6,7,8,9,10,11,12,13,14,15,16,17,18,19,20,21,22,23,24,25,26,27,28,29,30,31,32,33,34,35,36,37,38,39,40,41,42,43,
0,0.0,21.0,17.49,69.89,21.02,70.43,34.06,41.76,62.2,33.6,29.07,37.2,45.61,48.83,36.22,12.21,36.69,60.21,56.32,6.4,44.28,42.01,29.15,30.02,17.46,58.14,33.24,54.92,55.17,47.54,2.83,53.0,25.81,47.38,34.83,14.42,47.42,49.93,33.62,16.03,26.93,18.03,41.48,16.55
1,21.0,0.0,19.21,53.76,30.41,55.61,26.02,22.47,52.5,52.0,42.8,55.54,44.91,40.61,15.52,17.2,17.8,39.32,36.67,16.49,26.87,47.41,50.09,49.34,37.66,37.22,45.28,46.87,42.49,29.21,23.09,66.53,21.84,35.47,50.77,33.96,59.41,42.43,46.01,5.1,38.21,3.16,51.22,20.52
2,17.49,19.21,0.0,72.92,37.36,54.38,43.01,31.14,44.82,36.35,24.6,39.62,59.08,58.19,33.02,25.08,26.31,51.97,45.01,19.42,31.26,28.79,39.85,35.0,26.25,52.55,50.57,37.44,38.6,48.1,17.03,47.63,36.5,30.81,33.24,22.14,40.31,32.45,50.99,15.65,19.42,16.64,58.52,2.0
3,69.89,53.76,72.92,0.0,61.68,83.05,38.28,54.08,91.44,103.47,96.26,107.07,46.27,30.02,41.34,58.67,55.04,44.05,55.15,63.51,60.73,100.21,96.61,99.86,87.13,35.0,70.46,89.49,79.08,25.24,72.67,120.22,46.62,75.89,103.71,84.31,113.17,86.73,71.45,58.0,91.92,56.57,69.01,74.28
4,21.02,30.41,37.36,61.68,0.0,85.8,23.54,52.63,80.53,48.55,48.51,51.87,26.42,34.67,40.72,13.6,48.17,66.31,66.29,18.03,57.28,63.0,36.88,43.83,31.76,61.4,14.87,73.82,71.85,45.1,23.02,71.31,16.0,64.35,52.39,31.02,66.76,68.94,15.62,27.8,47.38,29.07,21.47,36.88
5,70.43,55.61,54.38,83.05,85.8,0.0,77.39,35.34,18.97,85.44,70.34,87.8,97.94,88.23,51.62,72.25,38.59,39.32,28.02,69.31,29.15,56.04,93.47,86.03,80.06,48.09,100.57,25.08,16.16,62.97,70.8,83.01,76.32,23.71,78.85,76.06,75.01,28.07,101.24,58.05,64.56,56.73,106.83,56.08
6,34.06,26.02,43.01,38.28,23.54,77.39,0.0,42.05,77.47,67.21,62.68,70.77,20.59,15.23,26.08,21.93,39.22,49.04,52.8,27.8,48.47,71.78,58.67,63.13,50.33,42.19,34.37,72.44,66.48,23.41,36.88,86.84,8.6,60.21,68.88,48.08,80.78,68.18,35.36,27.66,59.54,27.29,35.85,43.66
7,41.76,22.47,31.14,54.08,52.63,35.34,42.05,0.0,38.12,67.48,54.82,70.71,62.61,53.37,16.49,39.66,5.1,21.19,14.56,38.48,7.0,50.8,69.58,66.07,56.22,24.08,67.48,35.44,26.0,30.27,43.17,75.58,41.4,21.84,63.79,52.15,67.54,32.7,68.25,26.4,49.04,24.6,72.84,33.14
8,62.2,52.5,44.82,91.44,80.53,18.97,77.47,38.12,0.0,70.68,55.46,72.62,97.27,90.45,54.01,67.08,39.05,50.54,38.01,62.77,31.14,38.83,81.02,72.07,68.25,57.94,94.67,8.06,12.37,68.36,61.85,65.19,74.33,17.26,63.32,64.54,57.43,12.81,95.19,53.31,50.12,52.55,102.0,46.1
9,33.6,52.0,36.35,103.47,48.55,85.44,67.21,67.48,70.68,0.0,15.23,3.61,74.95,81.39,67.42,45.34,62.65,88.28,81.1,40.0,67.01,34.06,17.12,5.1,17.03,88.32,53.16,62.65,69.38,80.53,30.81,25.02,58.69,62.37,8.6,19.21,24.04,58.31,52.89,47.01,20.88,48.85,62.1,34.37
10,29.07,42.8,24.6,96.26,48.51,70.34,62.68,54.82,55.46,15.23,0.0,17.46,74.33,77.7,57.45,41.18,50.29,75.96,67.74,34.99,53.46,20.0,28.02,17.03,19.24,77.08,57.01,47.42,54.34,72.01,26.4,24.21,54.71,47.52,9.06,18.03,18.38,43.08,57.0,38.29,6.0,39.82,66.03,22.83
11,37.2,55.54,39.62,107.07,51.87,87.8,70.77,70.71,72.62,3.61,17.46,0.0,78.23,84.9,70.94,48.92,65.92,91.59,84.21,43.6,70.06,35.23,19.03,8.06,20.52,91.76,55.97,64.62,71.81,84.12,34.41,23.09,62.24,64.94,9.43,22.8,23.26,60.41,55.66,50.57,23.35,52.39,64.85,37.66
12,45.61,44.91,59.08,46.27,26.42,97.94,20.59,62.61,97.27,74.95,74.33,78.23,0.0,16.49,46.65,34.37,59.62,68.59,73.24,40.61,68.94,86.98,62.37,70.18,58.18,60.96,27.29,91.78,86.65,41.23,48.08,97.58,23.19,80.08,78.72,57.27,92.7,87.3,28.18,45.18,72.53,45.4,23.35,59.21
13,48.83,40.61,58.19,30.02,34.67,88.23,15.23,53.37,90.45,81.39,77.7,84.9,16.49,0.0,36.88,36.62,51.48,55.22,61.74,42.72,60.21,86.98,71.4,77.08,64.38,46.86,41.0,86.02,78.92,27.2,51.61,101.79,23.02,73.25,83.6,62.48,95.88,82.01,41.98,42.72,74.71,42.2,39.0,58.87
14,36.22,15.52,33.02,41.34,40.72,51.62,26.08,16.49,54.01,67.42,57.45,70.94,46.65,36.88,0.0,29.61,15.03,25.63,26.91,31.0,23.35,59.03,65.38,64.85,53.15,22.0,55.07,50.36,42.19,16.12,38.47,80.6,27.02,37.05,65.76,49.48,73.11,46.87,55.95,20.62,52.43,18.68,59.2,34.67
15,12.21,17.2,25.08,58.67,13.6,72.25,21.93,39.66,67.08,45.34,41.18,48.92,34.37,36.62,29.61,0.0,35.0,55.08,53.71,6.32,43.93,52.61,38.28,41.4,28.6,51.35,28.32,60.54,58.25,37.85,15.0,65.19,13.6,50.77,47.01,26.17,59.48,55.71,29.0,14.21,38.63,15.56,34.99,25.0
16,36.69,17.8,26.31,55.04,48.17,38.59,39.22,5.1,39.05,62.65,50.29,65.92,59.62,51.48,15.03,35.0,0.0,25.71,19.65,33.54,9.43,47.51,64.5,61.13,51.16,27.46,63.03,35.36,27.46,30.36,38.08,71.59,37.74,22.02,59.2,47.1,63.63,32.02,63.78,21.47,44.6,19.72,68.68,28.28
17,60.21,39.32,51.97,44.05,66.31,39.32,49.04,21.19,50.54,88.28,75.96,91.59,68.59,55.22,25.63,55.08,25.71,0.0,12.53,55.73,24.41,71.34,89.02,86.58,76.03,9.22,80.5,50.8,38.59,28.02,62.07,96.66,51.97,38.21,84.9,72.06,88.57,49.58,81.39,44.18,70.21,42.19,84.06,53.94
18,56.32,36.67,45.01,55.15,66.29,28.02,52.8,14.56,38.01,81.1,67.74,84.21,73.24,61.74,26.91,53.71,19.65,12.53,0.0,52.92,14.32,60.84,84.01,80.01,70.58,20.4,81.02,38.42,26.08,35.44,57.72,86.98,53.76,26.25,76.79,66.48,78.77,37.48,81.84,40.85,61.81,39.0,85.8,47.01
19,6.4,16.49,19.42,63.51,18.03,69.31,27.8,38.48,62.77,40.0,34.99,43.6,40.61,42.72,31.0,6.32,33.54,55.73,52.92,0.0,41.88,46.39,34.71,36.36,23.71,53.0,31.91,55.9,54.67,41.44,9.22,59.08,19.72,47.01,41.11,20.81,53.24,50.99,32.45,12.08,32.31,13.93,39.4,19.1
20,44.28,26.87,31.26,60.73,57.28,29.15,48.47,7.0,31.14,67.01,53.46,70.06,68.94,60.21,23.35,43.93,9.43,24.41,14.32,41.88,0.0,47.01,70.83,66.12,57.27,29.21,72.14,28.79,19.0,37.22,45.31,72.8,47.17,15.23,62.51,53.15,64.62,26.42,72.86,30.0,47.52,28.43,77.99,33.24
21,42.01,47.41,28.79,100.21,63.0,56.04,71.78,50.8,38.83,34.06,20.0,35.23,86.98,86.98,59.03,52.61,47.51,71.34,60.84,46.39,47.01,0.0,48.01,36.8,38.08,74.81,73.82,31.26,41.19,75.0,40.01,27.17,65.0,36.14,25.81,35.74,19.03,28.0,73.98,44.38,17.09,45.19,82.61,28.16
22,29.15,50.09,39.85,96.61,36.88,93.47,58.67,69.58,81.02,17.12,28.02,19.03,62.37,71.4,65.38,38.28,64.5,89.02,84.01,34.71,70.83,48.01,0.0,12.37,13.6,87.28,38.01,73.01,77.37,75.96,27.02,42.01,50.12,69.78,25.0,17.72,41.0,68.24,37.58,45.04,31.83,47.04,46.62,37.95
23,30.02,49.34,35.0,99.86,43.83,86.03,63.13,66.07,72.07,5.1,17.03,8.06,70.18,77.08,64.85,41.4,61.13,86.58,80.01,36.36,66.12,36.8,12.37,0.0,12.81,86.12,48.08,64.01,69.89,77.39,27.29,30.07,54.56,62.64,12.65,15.65,28.64,59.48,47.8,44.27,21.95,46.17,57.01,33.0
24,17.46,37.66,26.25,87.13,31.76,80.06,50.33,56.22,68.25,17.03,19.24,20.52,58.18,64.38,53.15,28.6,51.16,76.03,70.58,23.71,57.27,38.08,13.6,12.81,0.0,74.81,38.21,60.31,64.01,65.0,14.87,39.85,41.77,56.36,20.88,4.12,36.22,55.44,38.12,32.56,21.02,34.53,47.27,24.35
25,58.14,37.22,52.55,35.0,61.4,48.09,42.19,24.08,57.94,88.32,77.08,91.76,60.96,46.86,22.0,51.35,27.46,9.22,20.4,53.0,29.21,74.81,87.28,86.12,74.81,0.0,75.03,57.31,45.69,19.8,60.3,98.98,46.24,44.1,85.8,71.02,91.07,55.47,75.96,42.3,71.59,40.31,77.83,54.42
26,33.24,45.28,50.57,70.46,14.87,100.57,34.37,67.48,94.67,53.16,57.01,55.97,27.29,41.0,55.07,28.32,63.03,80.5,81.02,31.91,72.14,73.82,38.01,48.08,38.21,75.03,0.0,87.71,86.4,57.49,34.48,77.67,28.79,78.82,58.86,39.0,74.43,82.76,1.0,42.52,57.22,43.86,9.06,49.77
27,54.92,46.87,37.44,89.49,73.82,25.08,72.44,35.44,8.06,62.65,47.42,64.62,91.78,86.02,50.36,60.54,35.36,50.8,38.42,55.9,28.79,31.26,73.01,64.01,60.31,57.31,87.71,0.0,12.81,65.51,54.41,58.01,68.66,13.6,55.36,56.64,50.09,5.0,88.19,47.13,42.06,46.57,95.27,38.6
28,55.17,42.49,38.6,79.08,71.85,16.16,66.48,26.0,12.37,69.38,54.34,71.81,86.65,78.92,42.19,58.25,27.46,38.59,26.08,54.67,19.0,41.19,77.37,69.89,64.01,45.69,86.4,12.81,0.0,56.14,55.32,68.36,64.08,7.81,62.97,60.03,60.21,13.6,87.01,44.1,48.51,43.05,93.19,40.22
29,47.54,29.21,48.1,25.24,45.1,62.97,23.41,30.27,68.36,80.53,72.01,84.12,41.23,27.2,16.12,37.85,30.36,28.02,35.44,41.44,37.22,75.0,75.96,77.39,65.0,19.8,57.49,65.51,56.14,0.0,50.16,95.67,29.15,51.97,79.88,61.74,88.41,62.36,58.46,33.84,67.36,32.2,59.24,49.58
30,2.83,23.09,17.03,72.67,23.02,70.8,36.88,43.17,61.85,30.81,26.4,34.41,48.08,51.61,38.47,15.0,38.08,62.07,57.72,9.22,45.31,40.01,27.02,27.29,14.87,60.3,34.48,54.41,55.32,50.16,0.0,50.25,28.6,47.51,32.02,11.66,44.78,49.41,34.79,18.03,24.52,20.02,42.95,15.81
31,53.0,66.53,47.63,120.22,71.31,83.01,86.84,75.58,65.19,25.02,24.21,23.09,97.58,101.79,80.6,65.19,71.59,96.66,86.98,59.08,72.8,27.17,42.01,30.07,39.85,98.98,77.67,58.01,68.36,95.67,50.25,0.0,78.77,63.15,18.97,40.31,8.25,55.08,77.47,62.23,28.32,63.66,86.68,46.1
32,25.81,21.84,36.5,46.62,16.0,76.32,8.6,41.4,74.33,58.69,54.71,62.24,23.19,23.02,27.02,13.6,37.74,51.97,53.76,19.72,47.17,65.0,50.12,54.56,41.77,46.24,28.79,68.66,64.08,29.15,28.6,78.77,0.0,57.25,60.61,39.62,72.95,64.13,29.73,22.02,51.89,22.2,32.2,36.88
33,47.38,35.47,30.81,75.89,64.35,23.71,60.21,21.84,17.26,62.37,47.52,64.94,80.08,73.25,37.05,50.77,22.02,38.21,26.25,47.01,15.23,36.14,69.78,62.64,56.36,44.1,78.82,13.6,7.81,51.97,47.51,63.15,57.25,0.0,56.32,52.35,54.92,11.4,79.4,36.72,41.59,35.78,85.76,32.45
34,34.83,50.77,33.24,103.71,52.39,78.85,68.88,63.79,63.32,8.6,9.06,9.43,78.72,83.6,65.76,47.01,59.2,84.9,76.79,41.11,62.51,25.81,25.0,12.65,20.88,85.8,58.86,55.36,62.97,79.88,32.02,18.97,60.61,56.32,0.0,21.47,16.12,51.24,58.69,46.04,15.03,47.71,67.9,31.38
35,14.42,33.96,22.14,84.31,31.02,76.06,48.08,52.15,64.54,19.21,18.03,22.8,57.27,62.48,49.48,26.17,47.1,72.06,66.48,20.81,53.15,35.74,17.72,15.65,4.12,71.02,39.0,56.64,60.03,61.74,11.66,40.31,39.62,52.35,21.47,0.0,35.9,51.74,39.01,28.86,18.68,30.81,48.01,20.25
36,47.42,59.41,40.31,113.17,66.76,75.01,80.78,67.54,57.43,24.04,18.38,23.26,92.7,95.88,73.11,59.48,63.63,88.57,78.77,53.24,64.62,19.03,41.0,28.64,36.22,91.07,74.43,50.09,60.21,88.41,44.78,8.25,72.95,54.92,16.12,35.9,0.0,47.01,74.33,55.32,21.4,56.64,83.49,38.9
37,49.93,42.43,32.45,86.73,68.94,28.07,68.18,32.7,12.81,58.31,43.08,60.41,87.3,82.01,46.87,55.71,32.02,49.58,37.48,50.99,26.42,28.0,68.24,59.48,55.44,55.47,82.76,5.0,13.6,62.36,49.41,55.08,64.13,11.4,51.24,51.74,47.01,0.0,83.24,42.45,37.58,41.98,90.38,33.6
38,33.62,46.01,50.99,71.45,15.62,101.24,35.36,68.25,95.19,52.89,57.0,55.66,28.18,41.98,55.95,29.0,63.78,81.39,81.84,32.45,72.86,73.98,37.58,47.8,38.12,75.96,1.0,88.19,87.01,58.46,34.79,77.47,29.73,79.4,58.69,39.01,74.33,83.24,0.0,43.19,57.31,44.55,9.22,50.16
39,16.03,5.1,15.65,58.0,27.8,58.05,27.66,26.4,53.31,47.01,38.29,50.57,45.18,42.72,20.62,14.21,21.47,44.18,40.85,12.08,30.0,44.38,45.04,44.27,32.56,42.3,42.52,47.13,44.1,33.84,18.03,62.23,22.02,36.72,46.04,28.86,55.32,42.45,43.19,0.0,33.97,2.0,49.09,16.64
40,26.93,38.21,19.42,91.92,47.38,64.56,59.54,49.04,50.12,20.88,6.0,23.35,72.53,74.71,52.43,38.63,44.6,70.21,61.81,32.31,47.52,17.09,31.83,21.95,21.02,71.59,57.22,42.06,48.51,67.36,24.52,28.32,51.89,41.59,15.03,18.68,21.4,37.58,57.31,33.97,0.0,35.36,66.12,17.8
41,18.03,3.16,16.64,56.57,29.07,56.73,27.29,24.6,52.55,48.85,39.82,52.39,45.4,42.2,18.68,15.56,19.72,42.19,39.0,13.93,28.43,45.19,47.04,46.17,34.53,40.31,43.86,46.57,43.05,32.2,20.02,63.66,22.2,35.78,47.71,30.81,56.64,41.98,44.55,2.0,35.36,0.0,50.22,17.8
42,41.48,51.22,58.52,69.01,21.47,106.83,35.85,72.84,102.0,62.1,66.03,64.85,23.35,39.0,59.2,34.99,68.68,84.06,85.8,39.4,77.99,82.61,46.62,57.01,47.27,77.83,9.06,95.27,93.19,59.24,42.95,86.68,32.2,85.76,67.9,48.01,83.49,90.38,9.22,49.09,66.12,50.22,0.0,57.87
43,16.55,20.52,2.0,74.28,36.88,56.08,43.66,33.14,46.1,34.37,22.83,37.66,59.21,58.87,34.67,25.0,28.28,53.94,47.01,19.1,33.24,28.16,37.95,33.0,24.35,54.42,49.77,38.6,40.22,49.58,15.81,46.1,36.88,32.45,31.38,20.25,38.9,33.6,50.16,16.64,17.8,17.8,57.87,0.0
