vehicles
vehicle_idx, capacity, cost_per_unit_distance
1,100,1
2,100,1
3,100,1
4,100,1
5,100,1
depot
node_idx,x,y
0,38,46
home delivery customers
node_idx,x,y,service_time,demand
1,96,42,15,18
2,47,61,15,1
3,26,15,15,13
4,37,25,15,7
5,93,90,15,6
6,74,42,15,24
7,78,58,15,2
8,36,48,15,5
9,45,36,15,16
10,92,62,15,7
11,43,42,15,23
12,78,65,15,2
13,72,79,15,2
14,37,88,15,9
15,16,73,15,2
16,75,96,15,12
17,9,49,15,9
18,25,72,15,23
19,8,68,15,6
20,50,2,15,7
21,26,54,15,7
22,18,89,15,20
23,22,53,15,20
self pickup customers
node_idx,x,y,service_time,demand,locker_idxs
24,59,46,15,16,46-43-47-44-42-45
25,66,6,15,8,37-42
26,78,84,15,1,41-39-46
27,82,28,15,3,37-45-42-47-44
28,60,20,15,19,40-42-37-44-43-47-45
29,73,57,15,7,39-41-46-43-47-44-45
30,98,51,15,22,45
31,53,25,15,16,42-45-40-47-44-43
32,11,66,15,1,38
33,12,61,15,19,38
flexible customers
node_idx,x,y,service_time,demand,locker_idxs
34,96,7,15,23,37-42
35,68,92,15,27,39-41-46
36,10,91,15,4,38
lockers
node_idx,x,y,service_time,capacity,cost_per_unit_good
37,93,12,10,72,100
38,22,88,10,93,100
39,65,88,10,100,100
40,25,15,10,88,100
41,77,88,10,92,100
42,72,14,10,81,100
43,50,52,10,87,100
44,53,48,10,90,100
45,71,45,10,73,100
46,58,70,10,79,100
47,53,50,10,93,100
mrt lines
start_node_idx,end_node_idx,freight_capacity,cost_per_unit_good
37,38,93,1
38,37,93,1
39,40,100,1
40,39,100,1
41,42,92,1
42,41,92,1
distance matrix
,0,1,2,3,4,5,6,7,8,9,10,11,12,13,14,15,16,17,18,19,20,21,22,23,24,25,26,27,28,29,30,31,32,33,34,35,36,37,38,39,40,41,42,43,44,45,46,47,
0,0.0,58.14,17.49,33.24,21.02,70.43,36.22,41.76,2.83,12.21,56.32,6.4,44.28,47.38,42.01,34.83,62.2,29.15,29.07,37.2,45.61,14.42,47.42,17.46,21.0,48.83,55.17,47.54,34.06,36.69,60.21,25.81,33.6,30.02,69.89,54.92,53.0,64.66,44.94,49.93,33.62,57.31,46.69,13.42,15.13,33.02,31.24,15.52
1,58.14,0.0,52.55,75.03,61.4,48.09,22.0,24.08,60.3,51.35,20.4,53.0,29.21,44.1,74.81,85.8,57.94,87.28,77.08,91.76,60.96,71.02,91.07,74.81,37.22,46.86,45.69,19.8,42.19,27.46,9.22,46.24,88.32,86.12,35.0,57.31,98.98,30.15,87.13,55.47,75.96,49.77,36.88,47.07,43.42,25.18,47.2,43.74
2,17.49,52.55,0.0,50.57,37.36,54.38,33.02,31.14,17.03,25.08,45.01,19.42,31.26,30.81,28.79,33.24,44.82,39.85,24.6,39.62,59.08,22.14,40.31,26.25,19.21,58.19,38.6,48.1,43.01,26.31,51.97,36.5,36.35,35.0,72.92,37.44,47.63,67.21,36.8,32.45,50.99,40.36,53.24,9.49,14.32,28.84,14.21,12.53
3,33.24,75.03,50.57,0.0,14.87,100.57,55.07,67.48,34.48,28.32,81.02,31.91,72.14,78.82,73.82,58.86,94.67,38.01,57.01,55.97,27.29,39.0,74.43,38.21,45.28,41.0,86.4,57.49,34.37,63.03,80.5,28.79,53.16,48.08,70.46,87.71,77.67,67.07,73.11,82.76,1.0,89.05,46.01,44.1,42.64,54.08,63.63,44.2
4,21.02,61.4,37.36,14.87,0.0,85.8,40.72,52.63,23.02,13.6,66.29,18.03,57.28,64.35,63.0,52.39,80.53,36.88,48.51,51.87,26.42,31.02,66.76,31.76,30.41,34.67,71.85,45.1,23.54,48.17,66.31,16.0,48.55,43.83,61.68,73.82,71.31,57.49,64.76,68.94,15.62,74.63,36.69,29.97,28.02,39.45,49.66,29.68
5,70.43,48.09,54.38,100.57,85.8,0.0,51.62,35.34,70.8,72.25,28.02,69.31,29.15,23.71,56.04,78.85,18.97,93.47,70.34,87.8,97.94,76.06,75.01,80.06,55.61,88.23,16.16,62.97,77.39,38.59,39.32,76.32,85.44,86.03,83.05,25.08,83.01,78.0,71.03,28.07,101.24,16.12,78.85,57.38,58.0,50.09,40.31,56.57
6,36.22,22.0,33.02,55.07,40.72,51.62,0.0,16.49,38.47,29.61,26.91,31.0,23.35,37.05,59.03,65.76,54.01,65.38,57.45,70.94,46.65,49.48,73.11,53.15,15.52,36.88,42.19,16.12,26.08,15.03,25.63,27.02,67.42,64.85,41.34,50.36,80.6,35.51,69.43,46.87,55.95,46.1,28.07,26.0,21.84,4.24,32.25,22.47
7,41.76,24.08,31.14,67.48,52.63,35.34,16.49,0.0,43.17,39.66,14.56,38.48,7.0,21.84,50.8,63.79,38.12,69.58,54.82,70.71,62.61,52.15,67.54,56.22,22.47,53.37,26.0,30.27,42.05,5.1,21.19,41.4,67.48,66.07,54.08,35.44,75.58,48.38,63.53,32.7,68.25,30.02,44.41,28.64,26.93,14.76,23.32,26.25
8,2.83,60.3,17.03,34.48,23.02,70.8,38.47,43.17,0.0,15.0,57.72,9.22,45.31,47.51,40.01,32.02,61.85,27.02,26.4,34.41,48.08,11.66,44.78,14.87,23.09,51.61,55.32,50.16,36.88,38.08,62.07,28.6,30.81,27.29,72.67,54.41,50.25,67.42,42.38,49.41,34.79,57.28,49.52,14.56,17.0,35.13,31.11,17.12
9,12.21,51.35,25.08,28.32,13.6,72.25,29.61,39.66,15.0,0.0,53.71,6.32,43.93,50.77,52.61,47.01,67.08,38.28,41.18,48.92,34.37,26.17,59.48,28.6,17.2,36.62,58.25,37.85,21.93,35.0,55.08,13.6,45.34,41.4,58.67,60.54,65.19,53.67,56.86,55.71,29.0,61.06,34.83,16.76,14.42,27.51,36.4,16.12
10,56.32,20.4,45.01,81.02,66.29,28.02,26.91,14.56,57.72,53.71,0.0,52.92,14.32,26.25,60.84,76.79,38.01,84.01,67.74,84.21,73.24,66.48,78.77,70.58,36.67,61.74,26.08,35.44,52.8,19.65,12.53,53.76,81.1,80.01,55.15,38.42,86.98,50.01,74.67,37.48,81.84,30.02,52.0,43.17,41.44,27.02,34.93,40.8
11,6.4,53.0,19.42,31.91,18.03,69.31,31.0,38.48,9.22,6.32,52.92,0.0,41.88,47.01,46.39,41.11,62.77,34.71,34.99,43.6,40.61,20.81,53.24,23.71,16.49,42.72,54.67,41.44,27.8,33.54,55.73,19.72,40.0,36.36,63.51,55.9,59.08,58.31,50.57,50.99,32.45,57.2,40.31,12.21,11.66,28.16,31.76,12.81
12,44.28,29.21,31.26,72.14,57.28,29.15,23.35,7.0,45.31,43.93,14.32,41.88,0.0,15.23,47.01,62.51,31.14,70.83,53.46,70.06,68.94,53.15,64.62,57.27,26.87,60.21,19.0,37.22,48.47,9.43,24.41,47.17,67.01,66.12,60.73,28.79,72.8,55.08,60.54,26.42,72.86,23.02,51.35,30.87,30.23,21.19,20.62,29.15
13,47.38,44.1,30.81,78.82,64.35,23.71,37.05,21.84,47.51,50.77,26.25,47.01,15.23,0.0,36.14,56.32,17.26,69.78,47.52,64.94,80.08,52.35,54.92,56.36,35.47,73.25,7.81,51.97,60.21,22.02,38.21,57.25,62.37,62.64,75.89,13.6,63.15,70.21,50.8,11.4,79.4,10.3,65.0,34.83,36.36,34.01,16.64,34.67
14,42.01,74.81,28.79,73.82,63.0,56.04,59.03,50.8,40.01,52.61,60.84,46.39,47.01,36.14,0.0,25.81,38.83,48.01,20.0,35.23,86.98,35.74,19.03,38.08,47.41,86.98,41.19,75.0,71.78,47.51,71.34,65.0,34.06,36.8,100.21,31.26,27.17,94.4,15.0,28.0,73.98,40.0,81.86,38.28,43.08,54.82,27.66,41.23
15,34.83,85.8,33.24,58.86,52.39,78.85,65.76,63.79,32.02,47.01,76.79,41.11,62.51,56.32,25.81,0.0,63.32,25.0,9.06,9.43,78.72,21.47,16.12,20.88,50.77,83.6,62.97,79.88,68.88,59.2,84.9,60.61,8.6,12.65,103.71,55.36,18.97,98.23,16.16,51.24,58.69,62.82,81.34,39.96,44.65,61.72,42.11,43.57
16,62.2,57.94,44.82,94.67,80.53,18.97,54.01,38.12,61.85,67.08,38.01,62.77,31.14,17.26,38.83,63.32,0.0,81.02,55.46,72.62,97.27,64.54,57.43,68.25,52.5,90.45,12.37,68.36,77.47,39.05,50.54,74.33,70.68,72.07,91.44,8.06,65.19,85.91,53.6,12.81,95.19,8.25,82.05,50.61,52.8,51.16,31.06,50.99
17,29.15,87.28,39.85,38.01,36.88,93.47,65.38,69.58,27.02,38.28,84.01,34.71,70.83,69.78,48.01,25.0,81.02,0.0,28.02,19.03,62.37,17.72,41.0,13.6,50.09,71.4,77.37,75.96,58.67,64.5,89.02,50.12,17.12,12.37,96.61,73.01,42.01,91.79,41.11,68.24,37.58,78.39,72.07,41.11,44.01,62.13,53.31,44.01
18,29.07,77.08,24.6,57.01,48.51,70.34,57.45,54.82,26.4,41.18,67.74,34.99,53.46,47.52,20.0,9.06,55.46,28.02,0.0,17.46,74.33,18.03,18.38,19.24,42.8,77.7,54.34,72.01,62.68,50.29,75.96,54.71,15.23,17.03,96.26,47.42,24.21,90.69,16.28,43.08,57.0,54.41,74.65,32.02,36.88,53.34,33.06,35.61
19,37.2,91.76,39.62,55.97,51.87,87.8,70.94,70.71,34.41,48.92,84.21,43.6,70.06,64.94,35.23,9.43,72.62,19.03,17.46,0.0,78.23,22.8,23.26,20.52,55.54,84.9,71.81,84.12,70.77,65.92,91.59,62.24,3.61,8.06,107.07,64.62,23.09,101.79,24.41,60.41,55.66,71.84,83.74,44.94,49.24,67.07,50.04,48.47
20,45.61,60.96,59.08,27.29,26.42,97.94,46.65,62.61,48.08,34.37,73.24,40.61,68.94,80.08,86.98,78.72,97.27,62.37,74.33,78.23,0.0,57.27,92.7,58.18,44.91,16.49,86.65,41.23,20.59,59.62,68.59,23.19,74.95,70.18,46.27,91.78,97.58,44.15,90.44,87.3,28.18,90.14,25.06,50.0,46.1,47.85,68.47,48.09
21,14.42,71.02,22.14,39.0,31.02,76.06,49.48,52.15,11.66,26.17,66.48,20.81,53.15,52.35,35.74,21.47,64.54,17.72,18.03,22.8,57.27,0.0,35.9,4.12,33.96,62.48,60.03,61.74,48.08,47.1,72.06,39.62,19.21,15.65,84.31,56.64,40.31,79.08,34.23,51.74,39.01,61.29,60.96,24.08,27.66,45.89,35.78,27.29
22,47.42,91.07,40.31,74.43,66.76,75.01,73.11,67.54,44.78,59.48,78.77,53.24,64.62,54.92,19.03,16.12,57.43,41.0,18.38,23.26,92.7,35.9,0.0,36.22,59.41,95.88,60.21,88.41,80.78,63.63,88.57,72.95,24.04,28.64,113.17,50.09,8.25,107.49,4.12,47.01,74.33,59.01,92.42,48.92,53.91,68.88,44.28,52.4
23,17.46,74.81,26.25,38.21,31.76,80.06,53.15,56.22,14.87,28.6,70.58,23.71,57.27,56.36,38.08,20.88,68.25,13.6,19.24,20.52,58.18,4.12,36.22,0.0,37.66,64.38,64.01,65.0,50.33,51.16,76.03,41.77,17.03,12.81,87.13,60.31,39.85,81.99,35.0,55.44,38.12,65.19,63.41,28.02,31.4,49.65,39.81,31.14
24,21.0,37.22,19.21,45.28,30.41,55.61,15.52,22.47,23.09,17.2,36.67,16.49,26.87,35.47,47.41,50.77,52.5,50.09,42.8,55.54,44.91,33.96,59.41,37.66,0.0,40.61,42.49,29.21,26.02,17.8,39.32,21.84,52.0,49.34,53.76,46.87,66.53,48.08,55.97,42.43,46.01,45.69,34.54,10.82,6.32,12.04,24.02,7.21
25,48.83,46.86,58.19,41.0,34.67,88.23,36.88,53.37,51.61,36.62,61.74,42.72,60.21,73.25,86.98,83.6,90.45,71.4,77.7,84.9,16.49,62.48,95.88,64.38,40.61,0.0,78.92,27.2,15.23,51.48,55.22,23.02,81.39,77.08,30.02,86.02,101.79,27.66,93.06,82.01,41.98,82.73,10.0,48.7,43.97,39.32,64.5,45.88
26,55.17,45.69,38.6,86.4,71.85,16.16,42.19,26.0,55.32,58.25,26.08,54.67,19.0,7.81,41.19,62.97,12.37,77.37,54.34,71.81,86.65,60.03,60.21,64.01,42.49,78.92,0.0,56.14,66.48,27.46,38.59,64.08,69.38,69.89,79.08,12.81,68.36,73.55,56.14,13.6,87.01,4.12,70.26,42.52,43.83,39.62,24.41,42.2
27,47.54,19.8,48.1,57.49,45.1,62.97,16.12,30.27,50.16,37.85,35.44,41.44,37.22,51.97,75.0,79.88,68.36,75.96,72.01,84.12,41.23,61.74,88.41,65.0,29.21,27.2,56.14,0.0,23.41,30.36,28.02,29.15,80.53,77.39,25.24,65.51,95.67,19.42,84.85,62.36,58.46,60.21,17.2,40.0,35.23,20.25,48.37,36.4
28,34.06,42.19,43.01,34.37,23.54,77.39,26.08,42.05,36.88,21.93,52.8,27.8,48.47,60.21,71.78,68.88,77.47,58.67,62.68,70.77,20.59,48.08,80.78,50.33,26.02,15.23,66.48,23.41,0.0,39.22,49.04,8.6,67.21,63.13,38.28,72.44,86.84,33.96,77.9,68.18,35.36,70.09,13.42,33.53,28.86,27.31,50.04,30.81
29,36.69,27.46,26.31,63.03,48.17,38.59,15.03,5.1,38.08,35.0,19.65,33.54,9.43,22.02,47.51,59.2,39.05,64.5,50.29,65.92,59.62,47.1,63.63,51.16,17.8,51.48,27.46,30.36,39.22,0.0,25.71,37.74,62.65,61.13,55.04,35.36,71.59,49.24,59.68,32.02,63.78,31.26,43.01,23.54,21.93,12.17,19.85,21.19
30,60.21,9.22,51.97,80.5,66.31,39.32,25.63,21.19,62.07,55.08,12.53,55.73,24.41,38.21,71.34,84.9,50.54,89.02,75.96,91.59,68.59,72.06,88.57,76.03,39.32,55.22,38.59,28.02,49.04,25.71,0.0,51.97,88.28,86.58,44.05,50.8,96.66,39.32,84.53,49.58,81.39,42.54,45.22,48.01,45.1,27.66,44.28,45.01
31,25.81,46.24,36.5,28.79,16.0,76.32,27.02,41.4,28.6,13.6,53.76,19.72,47.17,57.25,65.0,60.61,74.33,50.12,54.71,62.24,23.19,39.62,72.95,41.77,21.84,23.02,64.08,29.15,8.6,37.74,51.97,0.0,58.69,54.56,46.62,68.66,78.77,42.06,70.21,64.13,29.73,67.42,21.95,27.17,23.0,26.91,45.28,25.0
32,33.6,88.32,36.35,53.16,48.55,85.44,67.42,67.48,30.81,45.34,81.1,40.0,67.01,62.37,34.06,8.6,70.68,17.12,15.23,3.61,74.95,19.21,24.04,17.03,52.0,81.39,69.38,80.53,67.21,62.65,88.28,58.69,0.0,5.1,103.47,62.65,25.02,98.18,24.6,58.31,52.89,69.57,80.16,41.44,45.69,63.57,47.17,44.94
33,30.02,86.12,35.0,48.08,43.83,86.03,64.85,66.07,27.29,41.4,80.01,36.36,66.12,62.64,36.8,12.65,72.07,12.37,17.03,8.06,70.18,15.65,28.64,12.81,49.34,77.08,69.89,77.39,63.13,61.13,86.58,54.56,5.1,0.0,99.86,64.01,30.07,94.67,28.79,59.48,47.8,70.38,76.22,39.05,43.01,61.13,46.87,42.45
34,69.89,35.0,72.92,70.46,61.68,83.05,41.34,54.08,72.67,58.67,55.15,63.51,60.73,75.89,100.21,103.71,91.44,96.61,96.26,107.07,46.27,84.31,113.17,87.13,53.76,30.02,79.08,25.24,38.28,55.04,44.05,46.62,103.47,99.86,0.0,89.49,120.22,5.83,109.71,86.73,71.45,83.2,25.0,64.35,59.41,45.49,73.57,60.81
35,54.92,57.31,37.44,87.71,73.82,25.08,50.36,35.44,54.41,60.54,38.42,55.9,28.79,13.6,31.26,55.36,8.06,73.01,47.42,64.62,91.78,56.64,50.09,60.31,46.87,86.02,12.81,65.51,72.44,35.36,50.8,68.66,62.65,64.01,89.49,0.0,58.01,83.82,46.17,5.0,88.19,9.85,78.1,43.86,46.49,47.1,24.17,44.6
36,53.0,98.98,47.63,77.67,71.31,83.01,80.6,75.58,50.25,65.19,86.98,59.08,72.8,63.15,27.17,18.97,65.19,42.01,24.21,23.09,97.58,40.31,8.25,39.85,66.53,101.79,68.36,95.67,86.84,71.59,96.66,78.77,25.02,30.07,120.22,58.01,0.0,114.59,12.37,55.08,77.47,67.07,98.86,55.87,60.81,76.4,52.39,59.41
37,64.66,30.15,67.21,67.07,57.49,78.0,35.51,48.38,67.42,53.67,50.01,58.31,55.08,70.21,94.4,98.23,85.91,91.79,90.69,101.79,44.15,79.08,107.49,81.99,48.08,27.66,73.55,19.42,33.96,49.24,39.32,42.06,98.18,94.67,5.83,83.82,114.59,0.0,104.0,80.99,68.07,77.67,21.1,58.73,53.81,39.66,67.74,55.17
38,44.94,87.13,36.8,73.11,64.76,71.03,69.43,63.53,42.38,56.86,74.67,50.57,60.54,50.8,15.0,16.16,53.6,41.11,16.28,24.41,90.44,34.23,4.12,35.0,55.97,93.06,56.14,84.85,77.9,59.68,84.53,70.21,24.6,28.79,109.71,46.17,12.37,104.0,0.0,43.0,73.06,55.0,89.31,45.61,50.61,65.19,40.25,49.04
39,49.93,55.47,32.45,82.76,68.94,28.07,46.87,32.7,49.41,55.71,37.48,50.99,26.42,11.4,28.0,51.24,12.81,68.24,43.08,60.41,87.3,51.74,47.01,55.44,42.43,82.01,13.6,62.36,68.18,32.02,49.58,64.13,58.31,59.48,86.73,5.0,55.08,80.99,43.0,0.0,83.24,12.0,74.33,39.0,41.76,43.42,19.31,39.85
40,33.62,75.96,50.99,1.0,15.62,101.24,55.95,68.25,34.79,29.0,81.84,32.45,72.86,79.4,73.98,58.69,95.19,37.58,57.0,55.66,28.18,39.01,74.33,38.12,46.01,41.98,87.01,58.46,35.36,63.78,81.39,29.73,52.89,47.8,71.45,88.19,77.47,68.07,73.06,83.24,0.0,89.63,47.01,44.65,43.28,54.92,64.14,44.82
41,57.31,49.77,40.36,89.05,74.63,16.12,46.1,30.02,57.28,61.06,30.02,57.2,23.02,10.3,40.0,62.82,8.25,78.39,54.41,71.84,90.14,61.29,59.01,65.19,45.69,82.73,4.12,60.21,70.09,31.26,42.54,67.42,69.57,70.38,83.2,9.85,67.07,77.67,55.0,12.0,89.63,0.0,74.17,45.0,46.65,43.42,26.17,44.94
42,46.69,36.88,53.24,46.01,36.69,78.85,28.07,44.41,49.52,34.83,52.0,40.31,51.35,65.0,81.86,81.34,82.05,72.07,74.65,83.74,25.06,60.96,92.42,63.41,34.54,10.0,70.26,17.2,13.42,43.01,45.22,21.95,80.16,76.22,25.0,78.1,98.86,21.1,89.31,74.33,47.01,74.17,0.0,43.91,38.95,31.02,57.72,40.71
43,13.42,47.07,9.49,44.1,29.97,57.38,26.0,28.64,14.56,16.76,43.17,12.21,30.87,34.83,38.28,39.96,50.61,41.11,32.02,44.94,50.0,24.08,48.92,28.02,10.82,48.7,42.52,40.0,33.53,23.54,48.01,27.17,41.44,39.05,64.35,43.86,55.87,58.73,45.61,39.0,44.65,45.0,43.91,0.0,5.0,22.14,19.7,3.61
44,15.13,43.42,14.32,42.64,28.02,58.0,21.84,26.93,17.0,14.42,41.44,11.66,30.23,36.36,43.08,44.65,52.8,44.01,36.88,49.24,46.1,27.66,53.91,31.4,6.32,43.97,43.83,35.23,28.86,21.93,45.1,23.0,45.69,43.01,59.41,46.49,60.81,53.81,50.61,41.76,43.28,46.65,38.95,5.0,0.0,18.25,22.56,2.0
45,33.02,25.18,28.84,54.08,39.45,50.09,4.24,14.76,35.13,27.51,27.02,28.16,21.19,34.01,54.82,61.72,51.16,62.13,53.34,67.07,47.85,45.89,68.88,49.65,12.04,39.32,39.62,20.25,27.31,12.17,27.66,26.91,63.57,61.13,45.49,47.1,76.4,39.66,65.19,43.42,54.92,43.42,31.02,22.14,18.25,0.0,28.18,18.68
46,31.24,47.2,14.21,63.63,49.66,40.31,32.25,23.32,31.11,36.4,34.93,31.76,20.62,16.64,27.66,42.11,31.06,53.31,33.06,50.04,68.47,35.78,44.28,39.81,24.02,64.5,24.41,48.37,50.04,19.85,44.28,45.28,47.17,46.87,73.57,24.17,52.39,67.74,40.25,19.31,64.14,26.17,57.72,19.7,22.56,28.18,0.0,20.62
47,15.52,43.74,12.53,44.2,29.68,56.57,22.47,26.25,17.12,16.12,40.8,12.81,29.15,34.67,41.23,43.57,50.99,44.01,35.61,48.47,48.09,27.29,52.4,31.14,7.21,45.88,42.2,36.4,30.81,21.19,45.01,25.0,44.94,42.45,60.81,44.6,59.41,55.17,49.04,39.85,44.82,44.94,40.71,3.61,2.0,18.68,20.62,0.0
