set K:= 1	2	3	4	5	6;
set C_H:= 1	2	3	4	5	6	7	8	9	10	11	12;
set C_S:= 13	14	15	16	17	18	19	20	21	22	23	24;
set C_F:= 25	26	27	28	29	30	31	32	33	34	35	36;
set M:= 37	38;
set L_B:= 39	40	41	42	43	44;
set A1:=
(0,*) 1 2 3 4 5 6 7 8 9 10 11 12 25 26 27 28 29 30 31 32 33 34 35 36 37 38 39 40 41 42 43 44
(1,*) 0 2 3 4 5 6 7 8 9 10 11 12 25 26 27 28 29 30 31 32 33 34 35 36 37 38 39 40 41 42 43 44
(2,*) 0 1 3 4 5 6 7 8 9 10 11 12 25 26 27 28 29 30 31 32 33 34 35 36 37 38 39 40 41 42 43 44
(3,*) 0 1 2 4 5 6 7 8 9 10 11 12 25 26 27 28 29 30 31 32 33 34 35 36 37 38 39 40 41 42 43 44
(4,*) 0 1 2 3 5 6 7 8 9 10 11 12 25 26 27 28 29 30 31 32 33 34 35 36 37 38 39 40 41 42 43 44
(5,*) 0 1 2 3 4 6 7 8 9 10 11 12 25 26 27 28 29 30 31 32 33 34 35 36 37 38 39 40 41 42 43 44
(6,*) 0 1 2 3 4 5 7 8 9 10 11 12 25 26 27 28 29 30 31 32 33 34 35 36 37 38 39 40 41 42 43 44
(7,*) 0 1 2 3 4 5 6 8 9 10 11 12 25 26 27 28 29 30 31 32 33 34 35 36 37 38 39 40 41 42 43 44
(8,*) 0 1 2 3 4 5 6 7 9 10 11 12 25 26 27 28 29 30 31 32 33 34 35 36 37 38 39 40 41 42 43 44
(9,*) 0 1 2 3 4 5 6 7 8 10 11 12 25 26 27 28 29 30 31 32 33 34 35 36 37 38 39 40 41 42 43 44
(10,*) 0 1 2 3 4 5 6 7 8 9 11 12 25 26 27 28 29 30 31 32 33 34 35 36 37 38 39 40 41 42 43 44
(11,*) 0 1 2 3 4 5 6 7 8 9 10 12 25 26 27 28 29 30 31 32 33 34 35 36 37 38 39 40 41 42 43 44
(12,*) 0 1 2 3 4 5 6 7 8 9 10 11 25 26 27 28 29 30 31 32 33 34 35 36 37 38 39 40 41 42 43 44
(25,*) 0 1 2 3 4 5 6 7 8 9 10 11 12 26 27 28 29 30 31 32 33 34 35 36 37 38 39 40 41 42 43 44
(26,*) 0 1 2 3 4 5 6 7 8 9 10 11 12 25 27 28 29 30 31 32 33 34 35 36 37 38 39 40 41 42 43 44
(27,*) 0 1 2 3 4 5 6 7 8 9 10 11 12 25 26 28 29 30 31 32 33 34 35 36 37 38 39 40 41 42 43 44
(28,*) 0 1 2 3 4 5 6 7 8 9 10 11 12 25 26 27 29 30 31 32 33 34 35 36 37 38 39 40 41 42 43 44
(29,*) 0 1 2 3 4 5 6 7 8 9 10 11 12 25 26 27 28 30 31 32 33 34 35 36 37 38 39 40 41 42 43 44
(30,*) 0 1 2 3 4 5 6 7 8 9 10 11 12 25 26 27 28 29 31 32 33 34 35 36 37 38 39 40 41 42 43 44
(31,*) 0 1 2 3 4 5 6 7 8 9 10 11 12 25 26 27 28 29 30 32 33 34 35 36 37 38 39 40 41 42 43 44
(32,*) 0 1 2 3 4 5 6 7 8 9 10 11 12 25 26 27 28 29 30 31 33 34 35 36 37 38 39 40 41 42 43 44
(33,*) 0 1 2 3 4 5 6 7 8 9 10 11 12 25 26 27 28 29 30 31 32 34 35 36 37 38 39 40 41 42 43 44
(34,*) 0 1 2 3 4 5 6 7 8 9 10 11 12 25 26 27 28 29 30 31 32 33 35 36 37 38 39 40 41 42 43 44
(35,*) 0 1 2 3 4 5 6 7 8 9 10 11 12 25 26 27 28 29 30 31 32 33 34 36 37 38 39 40 41 42 43 44
(36,*) 0 1 2 3 4 5 6 7 8 9 10 11 12 25 26 27 28 29 30 31 32 33 34 35 37 38 39 40 41 42 43 44
(37,*) 0 1 2 3 4 5 6 7 8 9 10 11 12 25 26 27 28 29 30 31 32 33 34 35 36 38 39 40 41 42 43 44
(38,*) 0 1 2 3 4 5 6 7 8 9 10 11 12 25 26 27 28 29 30 31 32 33 34 35 36 37 39 40 41 42 43 44
(39,*) 0 1 2 3 4 5 6 7 8 9 10 11 12 25 26 27 28 29 30 31 32 33 34 35 36 37 38 40 41 42 43 44
(40,*) 0 1 2 3 4 5 6 7 8 9 10 11 12 25 26 27 28 29 30 31 32 33 34 35 36 37 38 39 41 42 43 44
(41,*) 0 1 2 3 4 5 6 7 8 9 10 11 12 25 26 27 28 29 30 31 32 33 34 35 36 37 38 39 40 42 43 44
(42,*) 0 1 2 3 4 5 6 7 8 9 10 11 12 25 26 27 28 29 30 31 32 33 34 35 36 37 38 39 40 41 43 44
(43,*) 0 1 2 3 4 5 6 7 8 9 10 11 12 25 26 27 28 29 30 31 32 33 34 35 36 37 38 39 40 41 42 44
(44,*) 0 1 2 3 4 5 6 7 8 9 10 11 12 25 26 27 28 29 30 31 32 33 34 35 36 37 38 39 40 41 42 43
;
set A2:=
(37,*) 38
(38,*) 37
;
param BigM:=99999;
param n:= 6;
param d:=
1	1
2	23
3	5
4	7
5	19
6	2
7	19
8	12
9	9
10	8
11	26
12	21
13	19
14	16
15	13
16	17
17	14
18	8
19	10
20	20
21	3
22	18
23	19
24	21
25	23
26	18
27	12
28	20
29	26
30	5
31	19
32	18
33	4
34	21
35	8
36	66
;
param Q:=100;
param w:=
[37,*] 38 0.5
[38,*] 37 0.5
;
param V:=
[37,*] 38 83
[38,*] 37 83
;
param e:
	37	38	39	40	41	42	43	44:=
13	0	0	0	0	0	1	0	0	
14	1	0	0	0	0	0	0	0	
15	0	0	0	1	0	0	0	0	
16	1	0	0	0	0	1	0	0	
17	0	0	1	0	0	1	0	0	
18	0	0	1	0	0	0	0	0	
19	0	0	0	0	0	1	0	0	
20	0	0	0	0	0	0	1	0	
21	0	0	0	0	0	0	0	1	
22	0	0	0	0	0	0	1	0	
23	0	1	0	0	0	1	0	0	
24	0	0	1	0	0	0	0	0	
25	0	1	0	0	0	0	0	0	
26	0	1	0	0	0	0	0	0	
27	0	0	0	1	0	0	0	0	
28	0	1	0	0	0	0	0	0	
29	0	0	1	1	1	0	1	0	
30	0	1	0	0	0	1	0	0	
31	0	0	0	0	0	1	0	0	
32	0	0	0	0	1	0	0	0	
33	1	0	0	0	0	0	0	0	
34	1	0	0	0	0	0	0	0	
35	0	0	0	0	0	1	0	0	
36	1	0	0	0	0	0	0	0	
;
param p:=
1	3
2	3
3	3
4	3
5	3
6	3
;
param G:=
37	81
38	83
39	80
40	94
41	82
42	97
43	97
44	86
;
param s:=
0	0
1	10
2	10
3	10
4	10
5	10
6	10
7	10
8	10
9	10
10	10
11	10
12	10
25	10
26	10
27	10
28	10
29	10
30	10
31	10
32	10
33	10
34	10
35	10
36	10
37	10
38	10
39	10
40	10
41	10
42	10
43	10
44	10
;
param t:
	0	1	2	3	4	5	6	7	8	9	10	11	12	13	14	15	16	17	18	19	20	21	22	23	24	25	26	27	28	29	30	31	32	33	34	35	36	37	38	39	40	41	42	43	44:=
0	0.0	57.22	86.65	24.21	74.53	69.66	94.37	67.78	90.61	104.04	56.75	66.64	42.15	70.84	78.82	11.18	16.03	36.24	23.32	43.46	58.26	91.92	18.03	38.48	20.1	61.66	25.0	16.12	55.36	41.88	39.32	72.45	10.0	50.16	69.38	71.39	52.09	69.26	61.4	44.29	42.64	53.91	56.89	40.8	91.22
1	57.22	0.0	41.4	42.94	18.87	60.42	77.1	75.15	66.75	70.77	92.96	70.77	27.66	29.73	69.87	46.53	61.68	33.3	40.72	27.8	43.68	48.83	67.74	30.41	57.01	5.66	33.06	58.87	14.87	52.5	18.0	37.85	65.92	76.38	81.88	23.02	78.52	79.61	4.47	31.62	40.0	50.99	15.03	50.33	69.46
2	86.65	41.4	0.0	64.33	43.93	46.04	48.75	66.89	36.25	32.14	99.72	61.91	44.64	15.81	50.91	75.61	83.86	51.2	64.03	43.42	38.08	7.62	101.55	48.51	93.3	42.54	67.74	80.89	55.76	59.41	54.2	17.46	92.65	81.04	74.95	18.44	82.57	71.87	40.82	43.57	49.01	48.76	31.62	58.22	39.81
3	24.21	42.94	64.33	0.0	61.77	46.32	70.8	48.37	66.48	79.88	51.86	46.1	20.02	48.66	55.95	15.26	20.02	13.15	3.16	21.1	34.06	68.96	41.73	16.03	38.91	48.37	22.56	17.03	47.38	20.4	28.28	49.04	28.46	38.08	52.01	51.01	40.31	51.04	47.41	20.88	18.44	30.53	37.34	18.68	67.21
4	74.53	18.87	43.93	61.77	0.0	74.85	87.82	91.59	76.24	75.95	111.66	86.95	46.01	38.47	83.49	64.29	80.23	52.01	59.48	45.97	59.06	51.42	83.0	49.04	71.18	13.42	49.65	77.47	21.38	70.71	35.44	47.68	83.68	94.79	98.74	29.15	96.9	96.25	14.42	49.52	58.0	67.68	30.23	68.59	79.4
5	69.66	60.42	46.04	46.32	74.85	0.0	24.76	21.02	24.04	41.44	58.01	16.16	38.33	38.6	10.2	61.59	58.9	38.9	48.37	37.22	17.03	45.19	87.62	39.05	85.09	65.25	64.2	56.64	73.44	28.32	59.21	30.41	70.77	40.2	29.07	47.71	41.05	25.94	63.32	33.38	29.15	15.81	45.61	29.0	23.26
6	94.37	77.1	48.75	70.8	87.82	24.76	0.0	37.11	12.53	26.83	76.9	34.18	60.17	49.37	17.0	86.02	83.55	62.18	72.67	58.87	38.48	44.1	112.29	61.74	109.29	81.0	87.24	81.34	91.44	53.04	80.08	40.2	95.48	61.1	43.29	58.69	61.35	40.45	79.0	55.54	53.0	40.46	62.2	53.76	8.94
7	67.78	75.15	66.89	48.37	91.59	21.02	37.11	0.0	42.05	60.07	39.81	5.0	49.04	58.0	21.02	62.59	53.71	46.53	51.24	48.38	32.8	66.21	85.49	48.05	86.13	80.5	70.01	52.33	86.33	28.07	69.43	50.61	65.86	24.7	8.06	66.53	24.6	5.0	78.71	44.27	36.88	24.17	61.4	30.02	40.01
8	90.61	66.75	36.25	66.48	76.24	24.04	12.53	42.05	0.0	18.03	81.22	38.01	53.0	38.0	21.21	81.34	81.54	56.22	67.9	51.62	32.56	31.62	108.19	55.22	103.86	70.26	80.45	79.06	81.39	51.11	71.69	29.07	93.01	63.95	49.37	47.1	64.63	46.27	68.26	48.83	48.08	37.74	52.17	51.31	3.61
9	104.04	70.77	32.14	79.88	75.95	41.44	26.83	60.07	18.03	0.0	99.13	56.0	63.66	41.15	39.2	94.02	96.6	68.25	80.8	62.24	46.14	25.0	121.04	66.6	115.28	73.05	90.61	93.94	85.62	66.85	79.63	34.41	107.54	81.61	67.36	48.38	82.39	64.28	71.17	60.31	61.59	53.49	57.8	66.71	20.4
10	56.75	92.96	99.72	51.86	111.66	58.01	76.9	39.81	81.22	99.13	0.0	43.29	65.8	87.09	60.67	58.6	41.11	59.67	54.82	66.03	61.68	101.0	70.11	62.63	76.69	98.6	72.72	42.15	99.16	42.06	80.06	82.28	49.37	18.68	34.18	93.47	17.26	36.69	97.31	62.97	54.71	50.96	83.22	43.91	79.51
11	66.64	70.77	61.91	46.1	86.95	16.16	34.18	5.0	38.01	56.0	43.29	0.0	45.12	53.04	17.46	60.73	53.25	43.1	48.84	44.38	28.02	61.33	84.53	44.41	84.43	76.06	67.19	51.62	82.28	25.71	65.76	45.61	65.46	26.93	13.04	61.62	27.2	10.0	74.25	40.26	33.24	19.92	56.82	27.46	36.22
12	42.15	27.66	44.64	20.02	46.01	38.33	60.17	49.04	53.0	63.66	65.8	45.12	0.0	28.86	48.51	31.3	40.0	7.07	19.42	1.41	21.84	49.77	57.98	4.0	51.62	33.3	27.46	37.0	37.34	24.84	21.0	30.53	48.05	48.8	55.15	31.06	50.91	53.14	31.83	5.0	12.53	25.32	18.03	22.67	54.59
13	70.84	29.73	15.81	48.66	38.47	38.6	49.37	58.0	38.0	41.15	87.09	53.04	28.86	0.0	46.07	59.81	68.36	35.51	48.27	27.66	26.08	21.63	85.87	32.76	77.94	32.56	52.43	65.38	44.6	45.61	39.6	9.22	76.9	68.54	65.86	9.49	70.26	62.97	30.59	28.07	34.23	36.72	17.03	44.15	41.05
14	78.82	69.87	50.91	55.95	83.49	10.2	17.0	21.02	21.21	39.2	60.67	17.46	48.51	46.07	0.0	71.2	67.18	49.04	58.14	47.38	27.02	48.6	96.83	49.24	94.83	74.53	74.33	65.12	83.22	37.01	69.35	37.22	79.25	44.27	28.16	55.46	44.64	25.08	72.57	43.57	39.22	25.5	54.92	38.01	19.0
15	11.18	46.53	75.61	15.26	64.29	61.59	86.02	62.59	81.34	94.02	58.6	60.73	31.3	59.81	71.2	0.0	18.44	25.81	13.45	32.65	48.8	81.02	27.02	27.78	23.77	51.2	15.81	16.64	46.07	35.11	28.86	61.77	19.42	48.51	65.38	60.21	50.64	64.78	50.8	33.84	33.3	45.79	45.71	33.62	82.22
16	16.03	61.68	83.86	20.02	80.23	58.9	83.55	53.71	81.54	96.6	41.11	53.25	40.0	68.36	67.18	18.44	0.0	33.02	21.38	41.01	50.57	88.07	32.28	36.0	36.12	66.85	33.97	3.0	63.51	30.61	45.18	67.91	12.21	34.37	54.42	71.03	36.22	54.63	66.13	40.31	35.74	43.83	57.31	30.23	81.61
17	36.24	33.3	51.2	13.15	52.01	38.9	62.18	46.53	56.22	68.25	59.67	43.1	7.07	35.51	49.04	25.81	33.02	0.0	13.0	8.0	23.85	55.97	52.8	3.16	47.63	38.95	25.3	30.02	41.18	20.12	23.09	36.25	41.48	43.28	51.92	38.12	45.45	50.22	37.64	8.06	10.05	24.19	25.0	17.89	57.43
18	23.32	40.72	64.03	3.16	59.48	48.37	72.67	51.24	67.9	80.8	54.82	48.84	19.42	48.27	58.14	13.45	21.38	13.0	0.0	20.62	35.36	68.95	40.36	15.52	36.72	46.07	19.42	18.44	44.55	23.19	25.5	49.24	28.64	41.23	55.04	50.04	43.46	54.01	45.19	21.02	19.85	32.65	36.06	21.38	68.77
19	43.46	27.8	43.42	21.1	45.97	37.22	58.87	48.38	51.62	62.24	66.03	44.38	1.41	27.66	47.38	32.65	41.01	8.0	20.62	0.0	20.62	48.47	59.36	5.1	53.04	33.42	28.84	38.01	37.95	24.76	22.02	29.15	49.24	48.84	54.63	30.15	50.93	52.55	31.89	4.12	12.21	24.52	17.46	22.63	53.24
20	58.26	43.68	38.08	34.06	59.06	17.03	38.48	32.8	32.56	46.14	61.68	28.02	21.84	26.08	27.02	48.8	50.57	23.85	35.36	20.62	0.0	40.05	75.69	23.26	71.4	48.7	48.75	47.85	56.44	22.09	42.43	20.62	61.4	43.01	40.36	33.97	44.6	37.64	46.82	17.09	15.62	10.77	29.15	21.38	33.6
21	91.92	48.83	7.62	68.96	51.42	45.19	44.1	66.21	31.62	25.0	101.0	61.33	49.77	21.63	48.6	81.02	88.07	55.97	68.95	48.47	40.05	0.0	107.35	53.49	99.57	50.12	74.06	85.15	63.29	62.0	60.96	20.22	97.42	82.38	74.25	25.81	83.74	71.11	48.37	48.08	52.61	50.36	38.29	61.03	35.23
22	18.03	67.74	101.55	41.73	83.0	87.62	112.29	85.49	108.19	121.04	70.11	84.53	57.98	85.87	96.83	27.02	32.28	52.8	40.36	59.36	75.69	107.35	0.0	54.64	13.0	71.25	34.93	33.24	62.13	59.91	50.01	88.51	21.1	66.49	86.65	85.09	68.25	86.73	71.45	60.8	60.11	71.84	70.58	58.82	108.93
23	38.48	30.41	48.51	16.03	49.04	39.05	61.74	48.05	55.22	66.6	62.63	44.41	4.0	32.76	49.24	27.78	36.0	3.16	15.52	5.1	23.26	53.49	54.64	0.0	48.84	36.07	25.5	33.0	38.91	22.47	21.38	34.0	44.15	46.01	53.76	35.06	48.17	51.92	34.71	6.4	11.18	25.0	21.84	20.25	56.6
24	20.1	57.01	93.3	38.91	71.18	85.09	109.29	86.13	103.86	115.28	76.69	84.43	51.62	77.94	94.83	23.77	36.12	47.63	36.72	53.04	71.4	99.57	13.0	48.84	0.0	60.02	25.55	36.0	50.01	58.87	39.92	81.69	27.86	70.03	88.46	76.03	72.01	88.07	60.42	55.23	56.3	69.35	61.77	57.38	105.0
25	61.66	5.66	42.54	48.37	13.42	65.25	81.0	80.5	70.26	73.05	98.6	76.06	33.3	32.56	74.53	51.2	66.85	38.95	46.07	33.42	48.7	50.12	71.25	36.07	60.02	0.0	37.05	64.08	13.45	58.14	22.36	41.19	70.61	82.04	87.32	24.7	84.17	85.0	2.0	37.2	45.61	56.36	19.65	55.97	73.11
26	25.0	33.06	67.74	22.56	49.65	64.2	87.24	70.01	80.45	90.61	72.72	67.19	27.46	52.43	74.33	15.81	33.97	25.3	19.42	28.84	48.75	74.06	34.93	25.5	25.55	37.05	0.0	31.83	30.46	42.01	15.13	56.59	34.54	60.41	74.24	50.57	62.63	73.06	37.0	31.76	35.17	49.24	36.24	40.0	81.99
27	16.12	58.87	80.89	17.03	77.47	56.64	81.34	52.33	79.06	93.94	42.15	51.62	37.0	65.38	65.12	16.64	3.0	30.02	18.44	38.01	47.85	85.15	33.24	33.0	36.0	64.08	31.83	0.0	61.03	28.32	42.54	65.0	14.14	34.06	53.45	68.03	36.01	53.49	63.32	37.34	32.89	41.4	54.33	27.8	79.2
28	55.36	14.87	55.76	47.38	21.38	73.44	91.44	86.33	81.39	85.62	99.16	82.28	37.34	44.6	83.22	46.07	63.51	41.18	44.55	37.95	56.44	63.29	62.13	38.91	50.01	13.45	30.46	61.03	0.0	61.29	19.1	52.63	65.0	84.05	92.48	37.59	86.27	90.48	15.0	42.06	49.77	62.36	29.27	59.06	84.01
29	41.88	52.5	59.41	20.4	70.71	28.32	53.04	28.07	51.11	66.85	42.06	25.71	24.84	45.61	37.01	35.11	30.61	20.12	23.19	24.76	22.09	62.0	59.91	22.47	58.87	58.14	42.01	28.32	61.29	0.0	43.08	42.11	42.45	24.21	32.39	51.48	26.25	31.06	56.64	21.26	12.81	13.42	41.4	2.24	51.04
30	39.32	18.0	54.2	28.28	35.44	59.21	80.08	69.43	71.69	79.63	80.06	65.76	21.0	39.6	69.35	28.86	45.18	23.09	25.5	22.02	42.43	60.96	50.01	21.38	39.92	22.36	15.13	42.54	19.1	43.08	0.0	45.22	48.27	65.19	75.0	36.36	67.42	73.25	22.09	26.0	32.56	46.17	22.67	40.85	73.74
31	72.45	37.85	17.46	49.04	47.68	30.41	40.2	50.61	29.07	34.41	82.28	45.61	30.53	9.22	37.22	61.77	67.91	36.25	49.24	29.15	20.62	20.22	88.51	34.0	81.69	41.19	56.59	65.0	52.63	42.11	45.22	0.0	77.49	63.6	58.6	18.68	65.15	55.61	39.2	28.23	32.39	31.32	23.77	41.01	32.0
32	10.0	65.92	92.65	28.46	83.68	70.77	95.48	65.86	93.01	107.54	49.37	65.46	48.05	76.9	79.25	19.42	12.21	41.48	28.64	49.24	61.4	97.42	21.1	44.15	27.86	70.61	34.54	14.14	65.0	42.45	48.27	77.49	0.0	45.61	66.31	78.41	47.3	66.64	70.21	49.34	46.07	55.44	64.12	41.87	93.24
33	50.16	76.38	81.04	38.08	94.79	40.2	61.1	24.7	63.95	81.61	18.68	26.93	48.8	68.54	44.27	48.51	34.37	43.28	41.23	48.84	43.01	82.38	66.49	46.01	70.03	82.04	60.41	34.06	84.05	24.21	65.19	63.6	45.61	0.0	22.02	75.18	2.24	23.35	80.61	45.45	37.01	32.28	65.6	26.25	62.59
34	69.38	81.88	74.95	52.01	98.74	29.07	43.29	8.06	49.37	67.36	34.18	13.04	55.15	65.86	28.16	65.38	54.42	51.92	55.04	54.63	40.36	74.25	86.65	53.76	88.46	87.32	74.24	53.45	92.48	32.39	75.0	58.6	66.31	22.02	0.0	74.25	21.21	3.16	85.59	50.57	42.72	31.06	68.51	34.53	47.1
35	71.39	23.02	18.44	51.01	29.15	47.71	58.69	66.53	47.1	48.38	93.47	61.62	31.06	9.49	55.46	60.21	71.03	38.12	50.04	30.15	33.97	25.81	85.09	35.06	76.03	24.7	50.57	68.03	37.59	51.48	36.36	18.68	78.41	75.18	74.25	0.0	77.03	71.45	22.85	31.78	39.22	44.2	14.56	49.77	50.25
36	52.09	78.52	82.57	40.31	96.9	41.05	61.35	24.6	64.63	82.39	17.26	27.2	50.91	70.26	44.64	50.64	36.22	45.45	43.46	50.93	44.6	83.74	68.25	48.17	72.01	84.17	62.63	36.01	86.27	26.25	67.42	65.15	47.3	2.24	21.21	77.03	0.0	22.8	82.73	47.51	39.05	33.84	67.62	28.32	63.15
37	69.26	79.61	71.87	51.04	96.25	25.94	40.45	5.0	46.27	64.28	36.69	10.0	53.14	62.97	25.08	64.78	54.63	50.22	54.01	52.55	37.64	71.11	86.73	51.92	88.07	85.0	73.06	53.49	90.48	31.06	73.25	55.61	66.64	23.35	3.16	71.45	22.8	0.0	83.24	48.47	40.8	28.65	66.04	33.14	44.05
38	61.4	4.47	40.82	47.41	14.42	63.32	79.0	78.71	68.26	71.17	97.31	74.25	31.83	30.59	72.57	50.8	66.13	37.64	45.19	31.89	46.82	48.37	71.45	34.71	60.42	2.0	37.0	63.32	15.0	56.64	22.09	39.2	70.21	80.61	85.59	22.85	82.73	83.24	0.0	35.61	44.05	54.59	17.72	54.49	71.11
39	44.29	31.62	43.57	20.88	49.52	33.38	55.54	44.27	48.83	60.31	62.97	40.26	5.0	28.07	43.57	33.84	40.31	8.06	21.02	4.12	17.09	48.08	60.8	6.4	55.23	37.2	31.76	37.34	42.06	21.26	26.0	28.23	49.34	45.45	50.57	31.78	47.51	48.47	35.61	0.0	8.49	20.4	20.25	19.21	50.25
40	42.64	40.0	49.01	18.44	58.0	29.15	53.0	36.88	48.08	61.59	54.71	33.24	12.53	34.23	39.22	33.3	35.74	10.05	19.85	12.21	15.62	52.61	60.11	11.18	56.3	45.61	35.17	32.89	49.77	12.81	32.56	32.39	46.07	37.01	42.72	39.22	39.05	40.8	44.05	8.49	0.0	14.14	28.6	10.82	48.92
41	53.91	50.99	48.76	30.53	67.68	15.81	40.46	24.17	37.74	53.49	50.96	19.92	25.32	36.72	25.5	45.79	43.83	24.19	32.65	24.52	10.77	50.36	71.84	25.0	69.35	56.36	49.24	41.4	62.36	13.42	46.17	31.32	55.44	32.28	31.06	44.2	33.84	28.65	54.59	20.4	14.14	0.0	37.44	13.6	37.8
42	56.89	15.03	31.62	37.34	30.23	45.61	62.2	61.4	52.17	57.8	83.22	56.82	18.03	17.03	54.92	45.71	57.31	25.0	36.06	17.46	29.15	38.29	70.58	21.84	61.77	19.65	36.24	54.33	29.27	41.4	22.67	23.77	64.12	65.6	68.51	14.56	67.62	66.04	17.72	20.25	28.6	37.44	0.0	39.41	54.74
43	40.8	50.33	58.22	18.68	68.59	29.0	53.76	30.02	51.31	66.71	43.91	27.46	22.67	44.15	38.01	33.62	30.23	17.89	21.38	22.63	21.38	61.03	58.82	20.25	57.38	55.97	40.0	27.8	59.06	2.24	40.85	41.01	41.87	26.25	34.53	49.77	28.32	33.14	54.49	19.21	10.82	13.6	39.41	0.0	51.4
44	91.22	69.46	39.81	67.21	79.4	23.26	8.94	40.01	3.61	20.4	79.51	36.22	54.59	41.05	19.0	82.22	81.61	57.43	68.77	53.24	33.6	35.23	108.93	56.6	105.0	73.11	81.99	79.2	84.01	51.04	73.74	32.0	93.24	62.59	47.1	50.25	63.15	44.05	71.11	50.25	48.92	37.8	54.74	51.4	0.0
;
