set K:= 1	2	3	4	5	6;
set C_H:= 1	2	3	4	5	6	7	8	9	10	11	12	13	14	15	16	17	18	19	20	21	22	23;
set C_S:= 24	25	26	27	28	29	30	31	32	33;
set C_F:= 34	35	36;
set M:= 37	38	39	40;
set L_B:= 41	42	43	44	45	46;
set A1:=
(0,*) 1 2 3 4 5 6 7 8 9 10 11 12 13 14 15 16 17 18 19 20 21 22 23 34 35 36 37 38 39 40 41 42 43 44 45 46
(1,*) 0 2 3 4 5 6 7 8 9 10 11 12 13 14 15 16 17 18 19 20 21 22 23 34 35 36 37 38 39 40 41 42 43 44 45 46
(2,*) 0 1 3 4 5 6 7 8 9 10 11 12 13 14 15 16 17 18 19 20 21 22 23 34 35 36 37 38 39 40 41 42 43 44 45 46
(3,*) 0 1 2 4 5 6 7 8 9 10 11 12 13 14 15 16 17 18 19 20 21 22 23 34 35 36 37 38 39 40 41 42 43 44 45 46
(4,*) 0 1 2 3 5 6 7 8 9 10 11 12 13 14 15 16 17 18 19 20 21 22 23 34 35 36 37 38 39 40 41 42 43 44 45 46
(5,*) 0 1 2 3 4 6 7 8 9 10 11 12 13 14 15 16 17 18 19 20 21 22 23 34 35 36 37 38 39 40 41 42 43 44 45 46
(6,*) 0 1 2 3 4 5 7 8 9 10 11 12 13 14 15 16 17 18 19 20 21 22 23 34 35 36 37 38 39 40 41 42 43 44 45 46
(7,*) 0 1 2 3 4 5 6 8 9 10 11 12 13 14 15 16 17 18 19 20 21 22 23 34 35 36 37 38 39 40 41 42 43 44 45 46
(8,*) 0 1 2 3 4 5 6 7 9 10 11 12 13 14 15 16 17 18 19 20 21 22 23 34 35 36 37 38 39 40 41 42 43 44 45 46
(9,*) 0 1 2 3 4 5 6 7 8 10 11 12 13 14 15 16 17 18 19 20 21 22 23 34 35 36 37 38 39 40 41 42 43 44 45 46
(10,*) 0 1 2 3 4 5 6 7 8 9 11 12 13 14 15 16 17 18 19 20 21 22 23 34 35 36 37 38 39 40 41 42 43 44 45 46
(11,*) 0 1 2 3 4 5 6 7 8 9 10 12 13 14 15 16 17 18 19 20 21 22 23 34 35 36 37 38 39 40 41 42 43 44 45 46
(12,*) 0 1 2 3 4 5 6 7 8 9 10 11 13 14 15 16 17 18 19 20 21 22 23 34 35 36 37 38 39 40 41 42 43 44 45 46
(13,*) 0 1 2 3 4 5 6 7 8 9 10 11 12 14 15 16 17 18 19 20 21 22 23 34 35 36 37 38 39 40 41 42 43 44 45 46
(14,*) 0 1 2 3 4 5 6 7 8 9 10 11 12 13 15 16 17 18 19 20 21 22 23 34 35 36 37 38 39 40 41 42 43 44 45 46
(15,*) 0 1 2 3 4 5 6 7 8 9 10 11 12 13 14 16 17 18 19 20 21 22 23 34 35 36 37 38 39 40 41 42 43 44 45 46
(16,*) 0 1 2 3 4 5 6 7 8 9 10 11 12 13 14 15 17 18 19 20 21 22 23 34 35 36 37 38 39 40 41 42 43 44 45 46
(17,*) 0 1 2 3 4 5 6 7 8 9 10 11 12 13 14 15 16 18 19 20 21 22 23 34 35 36 37 38 39 40 41 42 43 44 45 46
(18,*) 0 1 2 3 4 5 6 7 8 9 10 11 12 13 14 15 16 17 19 20 21 22 23 34 35 36 37 38 39 40 41 42 43 44 45 46
(19,*) 0 1 2 3 4 5 6 7 8 9 10 11 12 13 14 15 16 17 18 20 21 22 23 34 35 36 37 38 39 40 41 42 43 44 45 46
(20,*) 0 1 2 3 4 5 6 7 8 9 10 11 12 13 14 15 16 17 18 19 21 22 23 34 35 36 37 38 39 40 41 42 43 44 45 46
(21,*) 0 1 2 3 4 5 6 7 8 9 10 11 12 13 14 15 16 17 18 19 20 22 23 34 35 36 37 38 39 40 41 42 43 44 45 46
(22,*) 0 1 2 3 4 5 6 7 8 9 10 11 12 13 14 15 16 17 18 19 20 21 23 34 35 36 37 38 39 40 41 42 43 44 45 46
(23,*) 0 1 2 3 4 5 6 7 8 9 10 11 12 13 14 15 16 17 18 19 20 21 22 34 35 36 37 38 39 40 41 42 43 44 45 46
(34,*) 0 1 2 3 4 5 6 7 8 9 10 11 12 13 14 15 16 17 18 19 20 21 22 23 35 36 37 38 39 40 41 42 43 44 45 46
(35,*) 0 1 2 3 4 5 6 7 8 9 10 11 12 13 14 15 16 17 18 19 20 21 22 23 34 36 37 38 39 40 41 42 43 44 45 46
(36,*) 0 1 2 3 4 5 6 7 8 9 10 11 12 13 14 15 16 17 18 19 20 21 22 23 34 35 37 38 39 40 41 42 43 44 45 46
(37,*) 0 1 2 3 4 5 6 7 8 9 10 11 12 13 14 15 16 17 18 19 20 21 22 23 34 35 36 38 39 40 41 42 43 44 45 46
(38,*) 0 1 2 3 4 5 6 7 8 9 10 11 12 13 14 15 16 17 18 19 20 21 22 23 34 35 36 37 39 40 41 42 43 44 45 46
(39,*) 0 1 2 3 4 5 6 7 8 9 10 11 12 13 14 15 16 17 18 19 20 21 22 23 34 35 36 37 38 40 41 42 43 44 45 46
(40,*) 0 1 2 3 4 5 6 7 8 9 10 11 12 13 14 15 16 17 18 19 20 21 22 23 34 35 36 37 38 39 41 42 43 44 45 46
(41,*) 0 1 2 3 4 5 6 7 8 9 10 11 12 13 14 15 16 17 18 19 20 21 22 23 34 35 36 37 38 39 40 42 43 44 45 46
(42,*) 0 1 2 3 4 5 6 7 8 9 10 11 12 13 14 15 16 17 18 19 20 21 22 23 34 35 36 37 38 39 40 41 43 44 45 46
(43,*) 0 1 2 3 4 5 6 7 8 9 10 11 12 13 14 15 16 17 18 19 20 21 22 23 34 35 36 37 38 39 40 41 42 44 45 46
(44,*) 0 1 2 3 4 5 6 7 8 9 10 11 12 13 14 15 16 17 18 19 20 21 22 23 34 35 36 37 38 39 40 41 42 43 45 46
(45,*) 0 1 2 3 4 5 6 7 8 9 10 11 12 13 14 15 16 17 18 19 20 21 22 23 34 35 36 37 38 39 40 41 42 43 44 46
(46,*) 0 1 2 3 4 5 6 7 8 9 10 11 12 13 14 15 16 17 18 19 20 21 22 23 34 35 36 37 38 39 40 41 42 43 44 45
;
set A2:=
(37,*) 38
(38,*) 37
(39,*) 40
(40,*) 39
;
param BigM:=99999;
param n:= 6;
param d:=
1	1
2	23
3	5
4	7
5	20
6	19
7	19
8	2
9	26
10	13
11	17
12	14
13	8
14	10
15	5
16	19
17	12
18	8
19	3
20	18
21	21
22	66
23	21
24	18
25	12
26	16
27	19
28	9
29	18
30	4
31	20
32	26
33	19
34	23
35	21
36	8
;
param Q:=100;
param w:=
[37,*] 38 1
[38,*] 37 1
[39,*] 40 1
[40,*] 39 1
;
param V:=
[37,*] 38 85
[38,*] 37 85
[39,*] 40 85
[40,*] 39 85
;
param f:=
37	100
38	100
39	100
40	100
41	100
42	100
43	100
44	100
45	100
46	100
;
param e:
	37	38	39	40	41	42	43	44	45	46:=
24	1	0	0	1	1	1	0	1	1	1	
25	1	0	0	0	1	1	0	1	1	1	
26	0	1	1	0	0	1	0	0	0	0	
27	0	1	1	0	0	1	0	0	0	1	
28	0	1	0	0	0	0	0	0	0	0	
29	1	0	0	0	0	0	0	1	0	1	
30	0	0	1	0	0	1	1	0	0	1	
31	0	1	1	0	1	1	0	1	1	1	
32	0	1	1	0	1	1	0	0	0	1	
33	0	0	0	1	1	1	0	1	1	1	
34	0	1	0	1	0	1	0	0	0	0	
35	0	0	1	0	0	1	0	0	0	1	
36	0	0	0	1	1	1	0	1	1	0	
;
param p:=
1	1
2	1
3	1
4	1
5	1
6	1
;
param G:=
37	85
38	74
39	74
40	85
41	74
42	89
43	84
44	95
45	87
46	85
;
param s:=
0	0
1	15
2	15
3	15
4	15
5	15
6	15
7	15
8	15
9	15
10	15
11	15
12	15
13	15
14	15
15	15
16	15
17	15
18	15
19	15
20	15
21	15
22	15
23	15
34	15
35	15
36	15
37	10
38	10
39	10
40	10
41	10
42	10
43	10
44	10
45	10
46	10
;
param t:
	0	1	2	3	4	5	6	7	8	9	10	11	12	13	14	15	16	17	18	19	20	21	22	23	24	25	26	27	28	29	30	31	32	33	34	35	36	37	38	39	40	41	42	43	44	45	46:=
0	0.0	57.22	61.66	24.21	74.53	55.36	70.84	69.66	94.37	41.88	11.18	16.03	36.24	23.32	43.46	39.32	72.45	90.61	56.75	91.92	18.03	42.15	52.09	20.1	25.0	16.12	78.82	67.78	104.04	10.0	50.16	58.26	66.64	38.48	86.65	69.38	71.39	12.21	91.93	69.26	61.4	40.25	50.61	64.47	31.62	43.46	34.79
1	57.22	0.0	5.66	42.94	18.87	14.87	29.73	60.42	77.1	52.5	46.53	61.68	33.3	40.72	27.8	18.0	37.85	66.75	92.96	48.83	67.74	27.66	78.52	57.01	33.06	58.87	69.87	75.15	70.77	65.92	76.38	43.68	70.77	30.41	41.4	81.88	23.02	64.2	71.34	79.61	4.47	31.14	39.81	104.81	30.89	27.8	59.67
2	61.66	5.66	0.0	48.37	13.42	13.45	32.56	65.25	81.0	58.14	51.2	66.85	38.95	46.07	33.42	22.36	41.19	70.26	98.6	50.12	71.25	33.3	84.17	60.02	37.05	64.08	74.53	80.5	73.05	70.61	82.04	48.7	76.06	36.07	42.54	87.32	24.7	68.01	75.06	85.0	2.0	36.8	45.18	110.42	36.36	33.42	65.3
3	24.21	42.94	48.37	0.0	61.77	47.38	48.66	46.32	70.8	20.4	15.26	20.02	13.15	3.16	21.1	28.28	49.04	66.48	51.86	68.96	41.73	20.02	40.31	38.91	22.56	17.03	55.95	48.37	79.88	28.46	38.08	34.06	46.1	16.03	64.33	52.01	51.01	36.07	68.01	51.04	47.41	17.26	26.4	62.94	12.08	21.1	19.7
4	74.53	18.87	13.42	61.77	0.0	21.38	38.47	74.85	87.82	70.71	64.29	80.23	52.01	59.48	45.97	35.44	47.68	76.24	111.66	51.42	83.0	46.01	96.9	71.18	49.65	77.47	83.49	91.59	75.95	83.68	94.79	59.06	86.95	49.04	43.93	98.74	29.15	80.16	81.5	96.25	14.42	49.58	56.61	123.6	49.74	45.97	78.41
5	55.36	14.87	13.45	47.38	21.38	0.0	44.6	73.44	91.44	61.29	46.07	63.51	41.18	44.55	37.95	19.1	52.63	81.39	99.16	63.29	62.13	37.34	86.27	50.01	30.46	61.03	83.22	86.33	85.62	65.0	84.05	56.44	82.28	38.91	55.76	92.48	37.59	59.68	85.84	90.48	15.0	40.31	51.42	110.31	36.4	37.95	66.22
6	70.84	29.73	32.56	48.66	38.47	44.6	0.0	38.6	49.37	45.61	59.81	68.36	35.51	48.27	27.66	39.6	9.22	38.0	87.09	21.63	85.87	28.86	70.26	77.94	52.43	65.38	46.07	58.0	41.15	76.9	68.54	26.08	53.04	32.76	15.81	65.86	9.49	81.02	43.1	62.97	30.59	31.4	28.16	99.72	39.22	27.66	56.89
7	69.66	60.42	65.25	46.32	74.85	73.44	38.6	0.0	24.76	28.32	61.59	58.9	38.9	48.37	37.22	59.21	30.41	24.04	58.01	45.19	87.62	38.33	41.05	85.09	64.2	56.64	10.2	21.02	41.44	70.77	40.2	17.03	16.16	39.05	46.04	29.07	47.71	81.84	23.32	25.94	63.32	36.88	23.35	70.18	46.17	37.22	39.12
8	94.37	77.1	81.0	70.8	87.82	91.44	49.37	24.76	0.0	53.04	86.02	83.55	62.18	72.67	58.87	80.08	40.2	12.53	76.9	44.1	112.29	60.17	61.35	109.29	87.24	81.34	17.0	37.11	26.83	95.48	61.1	38.48	34.18	61.74	48.75	43.29	58.69	106.53	6.71	40.45	79.0	59.51	46.07	87.97	69.32	58.87	63.41
9	41.88	52.5	58.14	20.4	70.71	61.29	45.61	28.32	53.04	0.0	35.11	30.61	20.12	23.19	24.76	43.08	42.11	51.11	42.06	62.0	59.91	24.84	26.25	58.87	42.01	28.32	37.01	28.07	66.85	42.45	24.21	22.09	25.71	22.47	59.41	32.39	51.48	54.08	51.4	31.06	56.64	21.4	17.46	54.56	25.96	24.76	12.17
10	11.18	46.53	51.2	15.26	64.29	46.07	59.81	61.59	86.02	35.11	0.0	18.44	25.81	13.45	32.65	28.86	61.77	81.34	58.6	81.02	27.02	31.3	50.64	23.77	15.81	16.64	71.2	62.59	94.02	19.42	48.51	48.8	60.73	27.78	75.61	65.38	60.21	21.63	83.1	64.78	50.8	29.68	41.01	67.96	20.62	32.65	31.0
11	16.03	61.68	66.85	20.02	80.23	63.51	68.36	58.9	83.55	30.61	18.44	0.0	33.02	21.38	41.01	45.18	67.91	81.54	41.11	88.07	32.28	40.0	36.22	36.12	33.97	3.0	67.18	53.71	96.6	12.21	34.37	50.57	53.25	36.0	83.86	54.42	71.03	26.68	82.01	54.63	66.13	37.05	43.66	49.74	31.58	41.01	20.81
12	36.24	33.3	38.95	13.15	52.01	41.18	35.51	38.9	62.18	20.12	25.81	33.02	0.0	13.0	8.0	23.09	36.25	56.22	59.67	55.97	52.8	7.07	45.45	47.63	25.3	30.02	49.04	46.53	68.25	41.48	43.28	23.85	43.1	3.16	51.2	51.92	38.12	47.43	58.52	50.22	37.64	4.12	16.12	71.61	7.28	8.0	26.4
13	23.32	40.72	46.07	3.16	59.48	44.55	48.27	48.37	72.67	23.19	13.45	21.38	13.0	0.0	20.62	25.5	49.24	67.9	54.82	68.95	40.36	19.42	43.46	36.72	19.42	18.44	58.14	51.24	80.8	28.64	41.23	35.36	48.84	15.52	64.03	55.04	50.04	34.83	69.66	54.01	45.19	17.09	27.59	65.76	10.2	20.62	22.85
14	43.46	27.8	33.42	21.1	45.97	37.95	27.66	37.22	58.87	24.76	32.65	41.01	8.0	20.62	0.0	22.02	29.15	51.62	66.03	48.47	59.36	1.41	50.93	53.04	28.84	38.01	47.38	48.38	62.24	49.24	48.84	20.62	44.38	5.1	43.42	54.63	30.15	54.2	54.56	52.55	31.89	4.12	14.0	78.23	12.21	0.0	33.12
15	39.32	18.0	22.36	28.28	35.44	19.1	39.6	59.21	80.08	43.08	28.86	45.18	23.09	25.5	22.02	0.0	45.22	71.69	80.06	60.96	50.01	21.0	67.42	39.92	15.13	42.54	69.35	69.43	79.63	48.27	65.19	42.43	65.76	21.38	54.2	75.0	36.36	46.27	75.27	73.25	22.09	23.19	36.01	91.22	17.49	22.02	47.2
16	72.45	37.85	41.19	49.04	47.68	52.63	9.22	30.41	40.2	42.11	61.77	67.91	36.25	49.24	29.15	45.22	0.0	29.07	82.28	20.22	88.51	30.53	65.15	81.69	56.59	65.0	37.22	50.61	34.41	77.49	63.6	20.62	45.61	34.0	17.46	58.6	18.68	83.35	34.01	55.61	39.2	32.2	25.02	94.92	41.34	29.15	54.01
17	90.61	66.75	70.26	66.48	76.24	81.39	38.0	24.04	12.53	51.11	81.34	81.54	56.22	67.9	51.62	71.69	29.07	0.0	81.22	31.62	108.19	53.0	64.63	103.86	80.45	79.06	21.21	42.05	18.03	93.01	63.95	32.56	38.01	55.22	36.25	49.37	47.1	102.55	5.83	46.27	68.26	53.01	40.36	93.02	63.01	51.62	62.61
18	56.75	92.96	98.6	51.86	111.66	99.16	87.09	58.01	76.9	42.06	58.6	41.11	59.67	54.82	66.03	80.06	82.28	81.22	0.0	101.0	70.11	65.8	17.26	76.69	72.72	42.15	60.67	39.81	99.13	49.37	18.68	61.68	43.29	62.63	99.72	34.18	93.47	65.38	78.77	36.69	97.31	62.2	59.09	12.65	62.94	66.03	33.3
19	91.92	48.83	50.12	68.96	51.42	63.29	21.63	45.19	44.1	62.0	81.02	88.07	55.97	68.95	48.47	60.96	20.22	31.62	101.0	0.0	107.35	49.77	83.74	99.57	74.06	85.15	48.6	66.21	25.0	97.42	82.38	40.05	61.33	53.49	7.62	74.25	25.81	102.42	37.44	71.11	48.37	51.87	45.18	113.56	60.42	48.47	74.03
20	18.03	67.74	71.25	41.73	83.0	62.13	85.87	87.62	112.29	59.91	27.02	32.28	52.8	40.36	59.36	50.01	88.51	108.19	70.11	107.35	0.0	57.98	68.25	13.0	34.93	33.24	96.83	85.49	121.04	21.1	66.49	75.69	84.53	54.64	101.55	86.65	85.09	5.83	109.71	86.73	71.45	56.61	67.94	75.71	47.17	59.36	52.39
21	42.15	27.66	33.3	20.02	46.01	37.34	28.86	38.33	60.17	24.84	31.3	40.0	7.07	19.42	1.41	21.0	30.53	53.0	65.8	49.77	57.98	0.0	50.91	51.62	27.46	37.0	48.51	49.04	63.66	48.05	48.8	21.84	45.12	4.0	44.64	55.15	31.06	52.84	55.9	53.14	31.83	3.61	15.03	77.94	10.82	1.41	32.76
22	52.09	78.52	84.17	40.31	96.9	86.27	70.26	41.05	61.35	26.25	50.64	36.22	45.45	43.46	50.93	67.42	65.15	64.63	17.26	83.74	68.25	50.91	0.0	72.01	62.63	36.01	44.64	24.6	82.39	47.3	2.24	44.6	27.2	48.17	82.57	21.21	77.03	62.8	62.59	22.8	82.73	47.38	42.54	29.83	49.93	50.93	20.62
23	20.1	57.01	60.02	38.91	71.18	50.01	77.94	85.09	109.29	58.87	23.77	36.12	47.63	36.72	53.04	39.92	81.69	103.86	76.69	99.57	13.0	51.62	72.01	0.0	25.55	36.0	94.83	86.13	115.28	27.86	70.03	71.4	84.43	48.84	93.3	88.46	76.03	13.45	106.02	88.07	60.42	50.99	63.6	83.82	41.04	53.04	53.76
24	25.0	33.06	37.05	22.56	49.65	30.46	52.43	64.2	87.24	42.01	15.81	33.97	25.3	19.42	28.84	15.13	56.59	80.45	72.72	74.06	34.93	27.46	62.63	25.55	0.0	31.83	74.33	70.01	90.61	34.54	60.41	48.75	67.19	25.5	67.74	74.24	50.57	31.14	83.24	73.06	37.0	27.73	41.23	82.8	18.03	28.84	42.06
25	16.12	58.87	64.08	17.03	77.47	61.03	65.38	56.64	81.34	28.32	16.64	3.0	30.02	18.44	38.01	42.54	65.0	79.06	42.15	85.15	33.24	37.0	36.01	36.0	31.83	0.0	65.12	52.33	93.94	14.14	34.06	47.85	51.62	33.0	80.89	53.45	68.03	27.51	79.65	53.49	63.32	34.06	40.85	51.31	28.64	38.01	19.24
26	78.82	69.87	74.53	55.95	83.49	83.22	46.07	10.2	17.0	37.01	71.2	67.18	49.04	58.14	47.38	69.35	37.22	21.21	60.67	48.6	96.83	48.51	44.64	94.83	74.33	65.12	0.0	21.02	39.2	79.25	44.27	27.02	17.46	49.24	50.91	28.16	55.46	91.02	18.11	25.08	72.57	47.07	33.54	72.17	56.32	47.38	46.75
27	67.78	75.15	80.5	48.37	91.59	86.33	58.0	21.02	37.11	28.07	62.59	53.71	46.53	51.24	48.38	69.43	50.61	42.05	39.81	66.21	85.49	49.04	24.6	86.13	70.01	52.33	21.02	0.0	60.07	65.86	24.7	32.8	5.0	48.05	66.89	8.06	66.53	79.71	39.12	5.0	78.71	46.32	35.34	51.16	53.24	48.38	33.11
28	104.04	70.77	73.05	79.88	75.95	85.62	41.15	41.44	26.83	66.85	94.02	96.6	68.25	80.8	62.24	79.63	34.41	18.03	99.13	25.0	121.04	63.66	82.39	115.28	90.61	93.94	39.2	60.07	0.0	107.54	81.61	46.14	56.0	66.6	32.14	67.36	48.38	115.6	21.84	64.28	71.17	64.54	53.54	111.0	74.33	62.24	78.77
29	10.0	65.92	70.61	28.46	83.68	65.0	76.9	70.77	95.48	42.45	19.42	12.21	41.48	28.64	49.24	48.27	77.49	93.01	49.37	97.42	21.1	48.05	47.3	27.86	34.54	14.14	79.25	65.86	107.54	0.0	45.61	61.4	65.46	44.15	92.65	66.31	78.41	16.03	93.72	66.64	70.21	45.61	54.12	55.97	38.21	49.24	33.02
30	50.16	76.38	82.04	38.08	94.79	84.05	68.54	40.2	61.1	24.21	48.51	34.37	43.28	41.23	48.84	65.19	63.6	63.95	18.68	82.38	66.49	48.8	2.24	70.03	60.41	34.06	44.27	24.7	81.61	45.61	0.0	43.01	26.93	46.01	81.04	22.02	75.18	61.0	62.1	23.35	80.61	45.25	40.71	31.32	47.71	48.84	18.38
31	58.26	43.68	48.7	34.06	59.06	56.44	26.08	17.03	38.48	22.09	48.8	50.57	23.85	35.36	20.62	42.43	20.62	32.56	61.68	40.05	75.69	21.84	44.6	71.4	48.75	47.85	27.02	32.8	46.14	61.4	43.01	0.0	28.02	23.26	38.08	40.36	33.97	70.09	34.67	37.64	46.82	21.02	7.81	74.33	30.89	20.62	34.23
32	66.64	70.77	76.06	46.1	86.95	82.28	53.04	16.16	34.18	25.71	60.73	53.25	43.1	48.84	44.38	65.76	45.61	38.01	43.29	61.33	84.53	45.12	27.2	84.43	67.19	51.62	17.46	5.0	56.0	65.46	26.93	28.02	0.0	44.41	61.91	13.04	61.62	78.71	35.51	10.0	74.25	42.58	31.02	55.01	50.01	44.38	32.45
33	38.48	30.41	36.07	16.03	49.04	38.91	32.76	39.05	61.74	22.47	27.78	36.0	3.16	15.52	5.1	21.38	34.0	55.22	62.63	53.49	54.64	4.0	48.17	48.84	25.5	33.0	49.24	48.05	66.6	44.15	46.01	23.26	44.41	0.0	48.51	53.76	35.06	49.4	57.8	51.92	34.71	2.24	15.81	74.63	7.81	5.1	29.41
34	86.65	41.4	42.54	64.33	43.93	55.76	15.81	46.04	48.75	59.41	75.61	83.86	51.2	64.03	43.42	54.2	17.46	36.25	99.72	7.62	101.55	44.64	82.57	93.3	67.74	80.89	50.91	66.89	32.14	92.65	81.04	38.08	61.91	48.51	0.0	74.95	18.44	96.77	42.05	71.87	40.82	47.07	42.11	112.36	55.03	43.42	71.18
35	69.38	81.88	87.32	52.01	98.74	92.48	65.86	29.07	43.29	32.39	65.38	54.42	51.92	55.04	54.63	75.0	58.6	49.37	34.18	74.25	86.65	55.15	21.21	88.46	74.24	53.45	28.16	8.06	67.36	66.31	22.02	40.36	13.04	53.76	74.95	0.0	74.25	80.96	46.01	3.16	85.59	52.2	42.19	44.72	58.25	54.63	34.71
36	71.39	23.02	24.7	51.01	29.15	37.59	9.49	47.71	58.69	51.48	60.21	71.03	38.12	50.04	30.15	36.36	18.68	47.1	93.47	25.81	85.09	31.06	77.03	76.03	50.57	68.03	55.46	66.53	48.38	78.41	75.18	33.97	61.62	35.06	18.44	74.25	0.0	80.65	52.35	71.45	22.85	34.23	34.48	106.02	40.2	30.15	61.98
37	12.21	64.2	68.01	36.07	80.16	59.68	81.02	81.84	106.53	54.08	21.63	26.68	47.43	34.83	54.2	46.27	83.35	102.55	65.38	102.42	5.83	52.84	62.8	13.45	31.14	27.51	91.02	79.71	115.6	16.03	61.0	70.09	78.71	49.4	96.77	80.96	80.65	0.0	104.0	80.99	68.07	51.31	62.37	71.57	42.06	54.2	46.62
38	91.93	71.34	75.06	68.01	81.5	85.84	43.1	23.32	6.71	51.4	83.1	82.01	58.52	69.66	54.56	75.27	34.01	5.83	78.77	37.44	109.71	55.9	62.59	106.02	83.24	79.65	18.11	39.12	21.84	93.72	62.1	34.67	35.51	57.8	42.05	46.01	52.35	104.0	0.0	43.0	73.06	55.57	42.44	90.27	65.51	54.56	62.43
39	69.26	79.61	85.0	51.04	96.25	90.48	62.97	25.94	40.45	31.06	64.78	54.63	50.22	54.01	52.55	73.25	55.61	46.27	36.69	71.11	86.73	53.14	22.8	88.07	73.06	53.49	25.08	5.0	64.28	66.64	23.35	37.64	10.0	51.92	71.87	3.16	71.45	80.99	43.0	0.0	83.24	50.29	39.82	47.52	56.72	52.55	34.48
40	61.4	4.47	2.0	47.41	14.42	15.0	30.59	63.32	79.0	56.64	50.8	66.13	37.64	45.19	31.89	22.09	39.2	68.26	97.31	48.37	71.45	31.83	82.73	60.42	37.0	63.32	72.57	78.71	71.17	70.21	80.61	46.82	74.25	34.71	40.82	85.59	22.85	68.07	73.06	83.24	0.0	35.36	43.42	109.2	35.36	31.89	64.03
41	40.25	31.14	36.8	17.26	49.58	40.31	31.4	36.88	59.51	21.4	29.68	37.05	4.12	17.09	4.12	23.19	32.2	53.01	62.2	51.87	56.61	3.61	47.38	50.99	27.73	34.06	47.07	46.32	64.54	45.61	45.25	21.02	42.58	2.24	47.07	52.2	34.23	51.31	55.57	50.29	35.36	0.0	13.6	74.33	10.0	4.12	29.15
42	50.61	39.81	45.18	26.4	56.61	51.42	28.16	23.35	46.07	17.46	41.01	43.66	16.12	27.59	14.0	36.01	25.02	40.36	59.09	45.18	67.94	15.03	42.54	63.6	41.23	40.85	33.54	35.34	53.54	54.12	40.71	7.81	31.02	15.81	42.11	42.19	34.48	62.37	42.44	39.82	43.42	13.6	0.0	71.69	23.26	14.0	29.07
43	64.47	104.81	110.42	62.94	123.6	110.31	99.72	70.18	87.97	54.56	67.96	49.74	71.61	65.76	78.23	91.22	94.92	93.02	12.65	113.56	75.71	77.94	29.83	83.82	82.8	51.31	72.17	51.16	111.0	55.97	31.32	74.33	55.01	74.63	112.36	44.72	106.02	71.57	90.27	47.52	109.2	74.33	71.69	0.0	74.41	78.23	45.22
44	31.62	30.89	36.36	12.08	49.74	36.4	39.22	46.17	69.32	25.96	20.62	31.58	7.28	10.2	12.21	17.49	41.34	63.01	62.94	60.42	47.17	10.82	49.93	41.04	18.03	28.64	56.32	53.24	74.33	38.21	47.71	30.89	50.01	7.81	55.03	58.25	40.2	42.06	65.51	56.72	35.36	10.0	23.26	74.41	0.0	12.21	29.83
45	43.46	27.8	33.42	21.1	45.97	37.95	27.66	37.22	58.87	24.76	32.65	41.01	8.0	20.62	0.0	22.02	29.15	51.62	66.03	48.47	59.36	1.41	50.93	53.04	28.84	38.01	47.38	48.38	62.24	49.24	48.84	20.62	44.38	5.1	43.42	54.63	30.15	54.2	54.56	52.55	31.89	4.12	14.0	78.23	12.21	0.0	33.12
46	34.79	59.67	65.3	19.7	78.41	66.22	56.89	39.12	63.41	12.17	31.0	20.81	26.4	22.85	33.12	47.2	54.01	62.61	33.3	74.03	52.39	32.76	20.62	53.76	42.06	19.24	46.75	33.11	78.77	33.02	18.38	34.23	32.45	29.41	71.18	34.71	61.98	46.62	62.43	34.48	64.03	29.15	29.07	45.22	29.83	33.12	0.0
;
