set K:= 1	2	3	4	5	6;
set C_H:= 1	2	3	4	5	6	7	8	9	10	11	12	13	14;
set C_S:= 15	16	17	18	19	20	21	22	23	24	25	26;
set C_F:= 27	28	29	30	31	32	33	34	35	36	37	38;
set M:= 39	40	41	42	43	44;
set L_B:= 45	46	47	48	49	50;
set A1:=
(0,*) 1 2 3 4 5 6 7 8 9 10 11 12 13 14 27 28 29 30 31 32 33 34 35 36 37 38 39 40 41 42 43 44 45 46 47 48 49 50
(1,*) 0 2 3 4 5 6 7 8 9 10 11 12 13 14 27 28 29 30 31 32 33 34 35 36 37 38 39 40 41 42 43 44 45 46 47 48 49 50
(2,*) 0 1 3 4 5 6 7 8 9 10 11 12 13 14 27 28 29 30 31 32 33 34 35 36 37 38 39 40 41 42 43 44 45 46 47 48 49 50
(3,*) 0 1 2 4 5 6 7 8 9 10 11 12 13 14 27 28 29 30 31 32 33 34 35 36 37 38 39 40 41 42 43 44 45 46 47 48 49 50
(4,*) 0 1 2 3 5 6 7 8 9 10 11 12 13 14 27 28 29 30 31 32 33 34 35 36 37 38 39 40 41 42 43 44 45 46 47 48 49 50
(5,*) 0 1 2 3 4 6 7 8 9 10 11 12 13 14 27 28 29 30 31 32 33 34 35 36 37 38 39 40 41 42 43 44 45 46 47 48 49 50
(6,*) 0 1 2 3 4 5 7 8 9 10 11 12 13 14 27 28 29 30 31 32 33 34 35 36 37 38 39 40 41 42 43 44 45 46 47 48 49 50
(7,*) 0 1 2 3 4 5 6 8 9 10 11 12 13 14 27 28 29 30 31 32 33 34 35 36 37 38 39 40 41 42 43 44 45 46 47 48 49 50
(8,*) 0 1 2 3 4 5 6 7 9 10 11 12 13 14 27 28 29 30 31 32 33 34 35 36 37 38 39 40 41 42 43 44 45 46 47 48 49 50
(9,*) 0 1 2 3 4 5 6 7 8 10 11 12 13 14 27 28 29 30 31 32 33 34 35 36 37 38 39 40 41 42 43 44 45 46 47 48 49 50
(10,*) 0 1 2 3 4 5 6 7 8 9 11 12 13 14 27 28 29 30 31 32 33 34 35 36 37 38 39 40 41 42 43 44 45 46 47 48 49 50
(11,*) 0 1 2 3 4 5 6 7 8 9 10 12 13 14 27 28 29 30 31 32 33 34 35 36 37 38 39 40 41 42 43 44 45 46 47 48 49 50
(12,*) 0 1 2 3 4 5 6 7 8 9 10 11 13 14 27 28 29 30 31 32 33 34 35 36 37 38 39 40 41 42 43 44 45 46 47 48 49 50
(13,*) 0 1 2 3 4 5 6 7 8 9 10 11 12 14 27 28 29 30 31 32 33 34 35 36 37 38 39 40 41 42 43 44 45 46 47 48 49 50
(14,*) 0 1 2 3 4 5 6 7 8 9 10 11 12 13 27 28 29 30 31 32 33 34 35 36 37 38 39 40 41 42 43 44 45 46 47 48 49 50
(27,*) 0 1 2 3 4 5 6 7 8 9 10 11 12 13 14 28 29 30 31 32 33 34 35 36 37 38 39 40 41 42 43 44 45 46 47 48 49 50
(28,*) 0 1 2 3 4 5 6 7 8 9 10 11 12 13 14 27 29 30 31 32 33 34 35 36 37 38 39 40 41 42 43 44 45 46 47 48 49 50
(29,*) 0 1 2 3 4 5 6 7 8 9 10 11 12 13 14 27 28 30 31 32 33 34 35 36 37 38 39 40 41 42 43 44 45 46 47 48 49 50
(30,*) 0 1 2 3 4 5 6 7 8 9 10 11 12 13 14 27 28 29 31 32 33 34 35 36 37 38 39 40 41 42 43 44 45 46 47 48 49 50
(31,*) 0 1 2 3 4 5 6 7 8 9 10 11 12 13 14 27 28 29 30 32 33 34 35 36 37 38 39 40 41 42 43 44 45 46 47 48 49 50
(32,*) 0 1 2 3 4 5 6 7 8 9 10 11 12 13 14 27 28 29 30 31 33 34 35 36 37 38 39 40 41 42 43 44 45 46 47 48 49 50
(33,*) 0 1 2 3 4 5 6 7 8 9 10 11 12 13 14 27 28 29 30 31 32 34 35 36 37 38 39 40 41 42 43 44 45 46 47 48 49 50
(34,*) 0 1 2 3 4 5 6 7 8 9 10 11 12 13 14 27 28 29 30 31 32 33 35 36 37 38 39 40 41 42 43 44 45 46 47 48 49 50
(35,*) 0 1 2 3 4 5 6 7 8 9 10 11 12 13 14 27 28 29 30 31 32 33 34 36 37 38 39 40 41 42 43 44 45 46 47 48 49 50
(36,*) 0 1 2 3 4 5 6 7 8 9 10 11 12 13 14 27 28 29 30 31 32 33 34 35 37 38 39 40 41 42 43 44 45 46 47 48 49 50
(37,*) 0 1 2 3 4 5 6 7 8 9 10 11 12 13 14 27 28 29 30 31 32 33 34 35 36 38 39 40 41 42 43 44 45 46 47 48 49 50
(38,*) 0 1 2 3 4 5 6 7 8 9 10 11 12 13 14 27 28 29 30 31 32 33 34 35 36 37 39 40 41 42 43 44 45 46 47 48 49 50
(39,*) 0 1 2 3 4 5 6 7 8 9 10 11 12 13 14 27 28 29 30 31 32 33 34 35 36 37 38 40 41 42 43 44 45 46 47 48 49 50
(40,*) 0 1 2 3 4 5 6 7 8 9 10 11 12 13 14 27 28 29 30 31 32 33 34 35 36 37 38 39 41 42 43 44 45 46 47 48 49 50
(41,*) 0 1 2 3 4 5 6 7 8 9 10 11 12 13 14 27 28 29 30 31 32 33 34 35 36 37 38 39 40 42 43 44 45 46 47 48 49 50
(42,*) 0 1 2 3 4 5 6 7 8 9 10 11 12 13 14 27 28 29 30 31 32 33 34 35 36 37 38 39 40 41 43 44 45 46 47 48 49 50
(43,*) 0 1 2 3 4 5 6 7 8 9 10 11 12 13 14 27 28 29 30 31 32 33 34 35 36 37 38 39 40 41 42 44 45 46 47 48 49 50
(44,*) 0 1 2 3 4 5 6 7 8 9 10 11 12 13 14 27 28 29 30 31 32 33 34 35 36 37 38 39 40 41 42 43 45 46 47 48 49 50
(45,*) 0 1 2 3 4 5 6 7 8 9 10 11 12 13 14 27 28 29 30 31 32 33 34 35 36 37 38 39 40 41 42 43 44 46 47 48 49 50
(46,*) 0 1 2 3 4 5 6 7 8 9 10 11 12 13 14 27 28 29 30 31 32 33 34 35 36 37 38 39 40 41 42 43 44 45 47 48 49 50
(47,*) 0 1 2 3 4 5 6 7 8 9 10 11 12 13 14 27 28 29 30 31 32 33 34 35 36 37 38 39 40 41 42 43 44 45 46 48 49 50
(48,*) 0 1 2 3 4 5 6 7 8 9 10 11 12 13 14 27 28 29 30 31 32 33 34 35 36 37 38 39 40 41 42 43 44 45 46 47 49 50
(49,*) 0 1 2 3 4 5 6 7 8 9 10 11 12 13 14 27 28 29 30 31 32 33 34 35 36 37 38 39 40 41 42 43 44 45 46 47 48 50
(50,*) 0 1 2 3 4 5 6 7 8 9 10 11 12 13 14 27 28 29 30 31 32 33 34 35 36 37 38 39 40 41 42 43 44 45 46 47 48 49
;
set A2:=
(39,*) 40
(40,*) 39
(41,*) 42
(42,*) 41
(43,*) 44
(44,*) 43
;
param BigM:=99999;
param n:= 6;
param d:=
1	16
2	22
3	24
4	3
5	19
6	6
7	12
8	7
9	11
10	15
11	10
12	11
13	3
14	7
15	18
16	22
17	11
18	1
19	22
20	16
21	5
22	22
23	9
24	9
25	15
26	2
27	6
28	6
29	18
30	16
31	72
32	16
33	23
34	4
35	23
36	7
37	7
38	10
;
param Q:=100;
param w:=
[39,*] 40 0.5
[40,*] 39 0.5
[41,*] 42 0.5
[42,*] 41 0.5
[43,*] 44 0.5
[44,*] 43 0.5
;
param V:=
[39,*] 40 73
[40,*] 39 73
[41,*] 42 95
[42,*] 41 95
[43,*] 44 94
[44,*] 43 94
;
param e:
	39	40	41	42	43	44	45	46	47	48	49	50:=
15	0	0	1	0	0	1	0	0	1	0	0	0	
16	0	0	0	0	0	1	0	0	0	1	0	0	
17	0	0	1	0	0	0	0	0	1	0	0	0	
18	0	0	1	0	0	1	0	1	0	0	0	0	
19	0	1	0	0	0	0	0	1	0	0	0	0	
20	0	0	0	1	0	0	0	1	0	0	0	0	
21	0	1	0	0	0	0	0	0	0	1	0	0	
22	0	1	0	0	0	0	0	0	1	0	0	0	
23	0	1	0	0	0	0	0	0	1	0	0	0	
24	1	0	0	1	0	0	0	1	0	0	0	0	
25	0	0	1	0	0	1	0	1	0	0	0	0	
26	0	1	0	1	0	0	0	0	0	1	0	0	
27	1	0	0	0	1	0	1	0	1	1	1	1	
28	1	0	0	0	0	0	0	0	1	1	0	1	
29	0	0	0	0	0	1	0	0	0	1	0	0	
30	0	1	0	0	0	0	0	0	0	1	0	0	
31	0	1	0	0	0	0	1	1	0	0	1	0	
32	0	1	0	0	0	0	1	1	0	0	1	0	
33	1	0	0	0	1	0	0	1	0	0	0	0	
34	0	0	1	0	0	1	0	0	1	0	0	0	
35	1	0	0	0	0	0	0	1	0	0	0	0	
36	0	0	0	0	0	1	1	1	1	1	1	1	
37	0	0	0	0	1	0	0	0	0	1	0	0	
38	0	0	0	1	0	0	0	0	1	0	0	0	
;
param p:=
1	3
2	3
3	3
4	3
5	3
6	3
;
param G:=
39	73
40	71
41	95
42	71
43	94
44	93
45	95
46	93
47	79
48	98
49	94
50	91
;
param s:=
0	0
1	10
2	10
3	10
4	10
5	10
6	10
7	10
8	10
9	10
10	10
11	10
12	10
13	10
14	10
27	10
28	10
29	10
30	10
31	10
32	10
33	10
34	10
35	10
36	10
37	10
38	10
39	10
40	10
41	10
42	10
43	10
44	10
45	10
46	10
47	10
48	10
49	10
50	10
;
param t:
	0	1	2	3	4	5	6	7	8	9	10	11	12	13	14	15	16	17	18	19	20	21	22	23	24	25	26	27	28	29	30	31	32	33	34	35	36	37	38	39	40	41	42	43	44	45	46	47	48	49	50:=
0	0.0	60.03	18.44	77.79	15.23	30.07	42.05	67.2	56.32	45.12	10.2	49.4	45.25	64.9	85.09	40.0	52.84	61.77	48.17	8.94	80.52	32.31	26.68	18.44	74.24	42.76	38.83	56.92	57.72	24.41	42.05	12.17	8.25	87.13	54.33	72.69	28.84	60.83	46.69	73.74	14.56	54.45	71.06	78.77	33.38	31.02	27.46	44.91	42.19	31.05	39.29
1	60.03	0.0	50.6	26.08	74.43	68.03	87.66	38.47	18.97	65.3	70.0	33.29	41.04	57.27	40.25	71.02	55.61	60.03	72.47	56.89	28.43	78.79	71.69	42.05	14.56	78.89	50.99	17.09	12.65	76.16	58.0	48.0	52.15	46.17	84.02	14.42	38.63	45.69	42.8	25.63	65.97	84.81	21.02	37.11	72.01	32.28	33.14	17.46	31.24	30.59	23.41
2	18.44	50.6	0.0	72.72	27.2	46.17	38.42	68.41	42.05	58.03	27.2	32.31	50.16	72.11	68.96	55.32	61.61	70.34	62.51	10.0	66.27	28.84	21.63	18.97	65.15	59.46	20.59	52.8	52.15	42.8	24.74	16.0	12.65	86.28	70.34	64.62	32.31	65.3	28.43	69.63	16.0	70.6	57.08	77.16	49.98	30.23	24.21	39.41	43.27	28.43	35.38
3	77.79	26.08	72.72	0.0	92.97	76.24	110.94	25.61	44.72	67.05	86.83	59.36	42.76	48.41	58.14	75.71	52.8	53.25	74.0	76.97	44.18	101.55	94.34	59.46	18.0	83.95	76.42	20.88	20.59	88.09	83.55	65.79	70.94	22.0	85.44	14.14	50.64	37.74	68.82	5.39	86.76	86.38	41.3	14.87	79.51	46.84	50.7	33.54	38.05	46.82	38.63
4	15.23	74.43	27.2	92.97	0.0	37.95	32.25	82.1	68.73	55.46	8.94	59.46	59.67	78.1	96.17	48.08	65.6	74.4	56.92	18.11	93.06	24.08	21.54	33.53	88.81	48.37	44.41	72.11	72.8	26.0	45.25	27.2	22.36	102.22	60.53	87.48	43.91	75.07	54.59	88.96	12.81	60.41	83.73	93.94	40.02	46.24	42.45	59.91	57.31	46.17	54.41
5	30.07	68.03	46.17	76.24	37.95	0.0	69.86	56.89	72.47	18.44	29.12	71.22	34.06	44.94	102.45	10.2	32.25	40.0	18.97	38.47	94.34	60.83	56.14	32.8	79.7	13.42	66.48	57.27	60.17	15.62	70.88	31.3	33.53	77.67	24.33	76.66	29.53	46.17	71.69	71.11	44.05	24.52	85.15	71.45	4.24	36.36	38.29	50.57	38.83	38.83	44.72
6	42.05	87.66	38.42	110.94	32.25	69.86	0.0	106.15	75.29	86.65	40.79	61.19	86.02	106.68	96.08	80.05	94.83	103.77	88.77	37.2	97.67	10.0	16.97	55.32	101.98	80.62	40.45	91.21	90.44	58.14	36.0	50.0	44.41	124.58	92.78	102.0	68.41	101.61	52.35	108.0	27.78	92.66	89.5	115.52	72.18	67.9	62.24	77.8	80.72	66.48	73.76
7	67.2	38.47	68.41	25.61	82.1	56.89	106.15	0.0	56.0	44.18	74.43	67.08	23.41	22.8	77.79	54.0	28.64	27.78	50.64	69.31	64.62	96.21	89.2	50.91	39.45	62.03	78.79	22.0	26.08	70.88	85.91	56.64	62.29	20.88	61.61	34.99	38.42	12.65	74.73	20.52	79.25	62.59	58.94	15.13	59.41	38.29	44.2	32.57	25.46	40.0	34.0
8	56.32	18.97	42.05	44.72	68.73	72.47	75.29	56.0	0.0	74.4	66.48	15.62	52.8	72.28	30.0	77.79	68.03	74.0	81.22	50.64	24.33	67.47	60.83	41.18	29.73	84.9	35.78	34.0	30.07	76.94	42.19	45.69	48.08	65.15	92.2	31.62	43.86	61.19	25.61	44.6	58.03	92.85	15.03	56.04	76.69	36.8	34.21	26.93	42.05	33.94	30.53
9	45.12	65.3	58.03	67.05	55.46	18.44	86.65	44.18	74.4	0.0	46.52	76.97	25.06	27.86	103.48	10.77	16.12	22.36	7.21	52.35	93.38	77.2	71.81	40.79	74.43	18.11	76.94	51.11	54.92	33.94	82.39	42.05	46.04	64.03	18.87	70.71	31.3	32.0	79.7	61.68	59.67	19.72	84.86	59.3	18.6	38.08	42.54	48.8	34.06	41.18	44.05
10	10.2	70.0	27.2	86.83	8.94	29.12	40.79	74.43	66.48	46.52	0.0	59.06	51.61	69.43	95.08	39.29	56.85	65.6	48.08	17.2	90.71	32.06	28.28	28.07	84.1	40.05	46.69	65.97	67.08	18.44	48.83	22.0	18.44	94.83	52.15	82.39	36.77	66.84	55.61	82.57	17.09	52.09	81.25	86.82	31.4	40.02	37.12	54.45	50.16	40.45	48.66
11	49.4	33.29	32.31	59.36	59.46	71.22	61.19	67.08	15.62	76.97	59.06	0.0	58.86	80.22	36.88	78.23	73.76	80.89	83.19	42.05	36.5	54.15	48.0	38.42	45.25	84.4	20.88	45.61	42.38	72.47	26.83	41.04	41.62	78.79	93.3	46.86	45.69	70.0	10.0	58.59	47.54	93.81	28.46	69.46	75.43	39.22	34.44	35.06	48.37	36.06	36.22
12	45.25	41.04	50.16	42.76	59.67	34.06	86.02	23.41	52.8	25.06	51.61	58.86	0.0	22.36	80.45	32.98	15.23	22.09	32.25	48.83	69.43	76.03	69.34	31.3	49.4	41.23	64.78	26.08	30.0	47.54	71.39	36.06	41.62	44.27	43.91	45.65	17.89	15.62	64.03	37.48	58.41	44.78	61.4	37.48	37.01	21.21	27.46	25.94	10.77	24.08	22.8
13	64.9	57.27	72.11	48.41	78.1	44.94	106.68	22.8	72.28	27.86	69.43	80.22	22.36	0.0	97.51	38.63	12.81	6.0	32.56	69.77	85.09	96.75	90.35	53.14	61.22	45.61	87.13	40.25	44.72	60.46	93.74	57.27	62.61	38.83	42.0	56.85	39.85	11.66	86.02	43.28	78.89	43.0	78.29	36.67	46.07	43.57	49.82	45.71	32.0	46.39	44.05
14	85.09	40.25	68.96	58.14	96.17	102.45	96.08	77.79	30.0	103.48	95.08	36.88	80.45	97.51	0.0	107.52	95.41	100.24	110.45	78.43	14.0	90.09	84.38	71.02	40.2	114.77	56.04	57.27	52.8	106.68	60.13	75.18	76.97	80.1	121.66	44.41	73.59	85.91	44.05	60.67	84.4	122.35	19.24	72.56	106.67	66.53	64.2	54.82	70.0	63.78	59.46
15	40.0	71.02	55.32	75.71	48.08	10.2	80.05	54.0	77.79	10.77	39.29	78.23	32.98	38.63	107.52	0.0	26.68	33.11	8.94	48.17	98.41	71.02	66.27	40.25	81.44	8.25	75.29	58.31	61.74	24.41	80.05	39.85	42.76	74.24	15.23	78.0	33.94	42.19	79.62	70.41	54.15	15.65	89.5	69.03	8.6	41.01	44.2	53.82	40.25	43.86	48.41
16	52.84	55.61	61.61	52.8	65.6	32.25	94.83	28.64	68.03	16.12	56.85	73.76	15.23	12.81	95.41	26.68	0.0	8.94	22.09	58.31	84.02	84.97	78.79	42.76	62.48	34.23	78.1	39.6	43.86	47.71	84.38	46.17	51.26	48.0	32.98	58.41	30.07	16.12	78.41	47.42	67.08	33.96	76.28	43.74	33.62	35.13	41.01	41.15	26.0	38.21	37.95
17	61.77	60.03	70.34	53.25	74.4	40.0	103.77	27.78	74.0	22.36	65.6	80.89	22.09	6.0	100.24	33.11	8.94	0.0	26.68	67.23	88.2	93.91	87.73	51.42	65.12	39.85	86.37	43.27	47.71	55.61	92.78	55.03	60.17	44.72	36.0	60.83	38.47	15.62	86.09	48.01	76.03	37.0	81.01	42.15	40.82	43.01	49.09	47.13	32.56	46.0	44.72
18	48.17	72.47	62.51	74.0	56.92	18.97	88.77	50.64	81.22	7.21	48.08	83.19	32.25	32.56	110.45	8.94	22.09	26.68	0.0	56.0	100.5	79.62	74.67	46.17	81.63	13.42	82.0	58.31	62.13	33.29	87.13	46.69	50.16	70.03	11.66	77.9	37.74	38.21	85.44	68.62	62.51	12.53	91.92	65.76	17.49	44.65	48.76	55.87	41.23	47.71	50.99
19	8.94	56.89	10.0	76.97	18.11	38.47	37.2	69.31	50.64	52.35	17.2	42.05	48.83	69.77	78.43	48.17	58.31	67.23	56.0	0.0	74.97	27.2	20.59	18.44	71.39	51.42	30.0	56.36	56.46	33.29	33.11	12.81	7.21	88.41	62.8	70.34	31.24	64.4	38.42	73.36	10.0	62.97	65.62	79.63	41.98	31.4	26.42	43.46	43.86	30.53	38.47
20	80.52	28.43	66.27	44.18	93.06	94.34	97.67	64.62	24.33	93.38	90.71	36.5	69.43	85.09	14.0	98.41	84.02	88.2	100.5	74.97	0.0	90.55	84.21	64.62	26.31	106.02	57.27	44.94	40.5	100.32	62.64	69.57	72.28	66.12	111.95	30.59	64.9	73.43	45.61	46.87	82.22	112.7	9.49	58.69	98.48	57.98	56.8	44.69	59.4	55.57	50.0
21	32.31	78.79	28.84	101.55	24.08	60.83	10.0	96.21	67.47	77.2	32.06	54.15	76.03	96.75	90.09	71.02	84.97	93.91	79.62	27.2	90.55	0.0	7.21	45.34	93.23	72.11	34.06	81.61	80.99	50.04	31.05	40.0	34.41	114.77	84.21	93.04	58.41	91.61	46.04	98.47	17.89	84.15	82.04	105.76	63.39	57.98	52.4	68.24	70.77	56.64	64.03
22	26.68	71.69	21.63	94.34	21.54	56.14	16.97	89.2	60.83	71.81	28.28	48.0	69.34	90.35	84.38	66.27	78.79	87.73	74.67	20.59	84.21	7.21	0.0	38.42	86.16	68.03	28.64	74.4	73.78	46.69	26.83	33.29	27.78	107.63	80.0	85.91	51.61	84.88	40.45	91.26	12.17	80.01	75.54	98.6	59.01	50.93	45.28	61.03	63.78	49.52	56.85
23	18.44	42.05	18.97	59.46	33.53	32.8	55.32	50.91	41.18	40.79	28.07	38.42	31.3	53.14	71.02	40.25	42.76	51.42	46.17	18.44	64.62	45.34	38.42	0.0	56.04	46.04	36.22	38.63	39.29	35.78	42.0	6.32	11.66	70.0	55.46	54.33	13.42	46.65	39.4	55.54	28.43	55.9	55.15	61.29	37.01	13.04	9.06	26.48	25.46	12.65	20.88
24	74.24	14.56	65.15	18.0	88.81	79.7	101.98	39.45	29.73	74.43	84.1	45.25	49.4	61.22	40.2	81.44	62.48	65.12	81.63	71.39	26.31	93.23	86.16	56.04	0.0	89.55	64.4	23.32	19.7	89.11	71.22	62.13	66.48	40.0	93.3	4.47	50.99	49.68	55.17	20.62	80.52	94.15	23.54	32.39	83.49	45.28	47.01	30.15	41.23	44.05	36.22
25	42.76	78.89	59.46	83.95	48.37	13.42	80.62	62.03	84.9	18.11	40.05	84.4	41.23	45.61	114.77	8.25	34.23	39.85	13.42	51.42	106.02	72.11	68.03	46.04	89.55	0.0	79.85	66.48	69.86	22.8	84.12	44.72	46.82	82.1	12.17	86.16	41.23	50.04	85.09	78.64	56.14	12.04	97.01	77.1	9.49	48.27	50.93	61.59	48.33	50.99	56.04
26	38.83	50.99	20.59	76.42	44.41	66.48	40.45	78.79	35.78	76.94	46.69	20.88	64.78	87.13	56.04	75.29	78.1	86.37	82.0	30.0	57.27	34.06	28.64	36.22	64.4	79.85	0.0	59.36	57.2	63.25	7.21	35.44	33.11	93.74	90.44	65.3	48.04	78.59	12.0	74.65	31.62	90.76	49.34	84.31	70.38	43.57	37.34	46.53	55.79	40.79	44.94
27	56.92	17.09	52.8	20.88	72.11	57.27	91.21	22.0	34.0	51.11	65.97	45.61	26.08	40.25	57.27	58.31	39.6	43.27	58.31	56.36	44.94	81.61	74.4	38.63	23.32	66.48	59.36	0.0	4.47	68.03	66.57	44.94	50.16	34.41	69.97	19.7	30.07	28.64	53.85	17.0	66.24	70.83	38.08	25.0	60.88	25.96	29.97	13.45	18.44	26.0	17.89
28	57.72	12.65	52.15	20.59	72.8	60.17	90.44	26.08	30.07	54.92	67.08	42.38	30.0	44.72	52.8	61.74	43.86	47.71	62.13	56.46	40.5	80.99	73.78	39.29	19.7	69.86	57.2	4.47	0.0	70.26	64.4	45.61	50.6	36.72	73.78	16.49	32.06	33.11	50.99	17.69	66.21	74.63	33.62	27.29	63.89	27.17	30.36	13.0	21.54	26.68	18.44
29	24.41	76.16	42.8	88.09	26.0	15.62	58.14	70.88	76.94	33.94	18.44	72.47	47.54	60.46	106.68	24.41	47.71	55.61	33.29	33.29	100.32	50.04	46.69	35.78	89.11	22.8	63.25	68.03	70.26	0.0	66.24	31.62	31.11	91.76	34.93	86.58	38.21	60.93	70.77	83.22	35.44	34.71	90.87	84.93	15.81	43.93	43.66	59.03	50.04	45.61	52.95
30	42.05	58.0	24.74	83.55	45.25	70.88	36.0	85.91	42.19	82.39	48.83	26.83	71.39	93.74	60.13	80.05	84.38	92.78	87.13	33.11	62.64	31.05	26.83	42.0	71.22	84.12	7.21	66.57	64.4	66.24	0.0	40.45	37.36	100.96	95.08	72.25	54.33	85.44	17.09	81.84	32.56	95.34	55.15	91.53	74.63	50.22	43.93	53.71	62.64	47.54	52.0
31	12.17	48.0	16.0	65.79	27.2	31.3	50.0	56.64	45.69	42.05	22.0	41.04	36.06	57.27	75.18	39.85	46.17	55.03	46.69	12.81	69.57	40.0	33.29	6.32	62.13	44.72	35.44	44.94	45.61	31.62	40.45	0.0	5.66	76.03	55.03	60.53	18.44	51.61	40.5	61.85	22.63	55.36	60.08	67.42	35.36	19.24	15.3	32.76	31.24	18.97	27.2
32	8.25	52.15	12.65	70.94	22.36	33.53	44.41	62.29	48.08	46.04	18.44	41.62	41.62	62.61	76.97	42.76	51.26	60.17	50.16	7.21	72.28	34.41	27.78	11.66	66.48	46.82	33.11	50.16	50.6	31.11	37.36	5.66	0.0	81.61	57.72	65.12	24.08	57.2	39.7	67.12	16.97	57.97	62.82	72.95	37.34	24.7	20.25	37.64	36.88	24.17	32.31
33	87.13	46.17	86.28	22.0	102.22	77.67	124.58	20.88	65.15	64.03	94.83	78.79	44.27	38.83	80.1	74.24	48.0	44.72	70.03	88.41	66.12	114.77	107.63	70.0	40.0	82.1	93.74	34.41	36.72	91.76	100.96	76.03	81.61	0.0	80.4	36.06	58.31	32.06	87.66	20.62	98.41	81.39	63.2	9.43	80.06	57.01	62.37	47.63	44.94	58.14	50.91
34	54.33	84.02	70.34	85.44	60.53	24.33	92.78	61.61	92.2	18.87	52.15	93.3	43.91	42.0	121.66	15.23	32.98	36.0	11.66	62.8	111.95	84.21	80.0	55.46	93.3	12.17	90.44	69.97	73.78	34.93	95.08	55.03	57.72	80.4	0.0	89.55	48.41	49.03	94.85	80.06	68.03	1.0	103.28	76.69	21.02	55.44	59.08	67.27	52.8	58.41	62.23
35	72.69	14.42	64.62	14.14	87.48	76.66	102.0	34.99	31.62	70.71	82.39	46.86	45.65	56.85	44.41	78.0	58.41	60.83	77.9	70.34	30.59	93.04	85.91	54.33	4.47	86.16	65.3	19.7	16.49	86.58	72.25	60.53	65.12	36.06	89.55	0.0	48.37	45.34	56.64	16.28	79.7	90.43	27.17	28.16	80.36	43.01	45.28	28.02	37.95	42.05	34.0
36	28.84	38.63	32.31	50.64	43.91	29.53	68.41	38.42	43.86	31.3	36.77	45.69	17.89	39.85	73.59	33.94	30.07	38.47	37.74	31.24	64.9	58.41	51.61	13.42	50.99	41.23	48.04	30.07	32.06	38.21	54.33	18.44	24.08	58.31	48.41	48.37	0.0	33.29	49.03	46.1	41.04	49.04	55.8	50.09	33.62	7.07	11.4	21.19	13.42	10.0	15.23
37	60.83	45.69	65.3	37.74	75.07	46.17	101.61	12.65	61.19	32.0	66.84	70.0	15.62	11.66	85.91	42.19	16.12	15.62	38.21	64.4	73.43	91.61	84.88	46.65	49.68	50.04	78.59	28.64	33.11	60.93	85.44	51.61	57.2	32.06	49.03	45.34	33.29	0.0	76.42	32.45	74.03	50.01	66.71	27.66	48.27	35.47	41.79	35.06	22.8	37.95	34.23
38	46.69	42.8	28.43	68.82	54.59	71.69	52.35	74.73	25.61	79.7	55.61	10.0	64.03	86.02	44.05	79.62	78.41	86.09	85.44	38.42	45.61	46.04	40.45	39.4	55.17	85.09	12.0	53.85	50.99	70.77	17.09	40.5	39.7	87.66	94.85	56.64	49.03	76.42	0.0	67.74	42.05	95.27	38.08	78.26	75.8	43.29	37.66	42.2	54.04	40.2	42.19
39	73.74	25.63	69.63	5.39	88.96	71.11	108.0	20.52	44.6	61.68	82.57	58.59	37.48	43.28	60.67	70.41	47.42	48.01	68.62	73.36	46.87	98.47	91.26	55.54	20.62	78.64	74.65	17.0	17.69	83.22	81.84	61.85	67.12	20.62	80.06	16.28	46.1	32.45	67.74	0.0	83.24	80.99	43.0	12.0	74.33	42.72	46.96	30.23	33.24	42.95	34.89
40	14.56	65.97	16.0	86.76	12.81	44.05	27.78	79.25	58.03	59.67	17.09	47.54	58.41	78.89	84.4	54.15	67.08	76.03	62.51	10.0	82.22	17.89	12.17	28.43	80.52	56.14	31.62	66.24	66.21	35.44	32.56	22.63	16.97	98.41	68.03	79.7	41.04	74.03	42.05	83.24	0.0	68.07	73.06	89.63	47.01	41.4	36.36	53.23	53.81	40.5	48.37
41	54.45	84.81	70.6	86.38	60.41	24.52	92.66	62.59	92.85	19.72	52.09	93.81	44.78	43.0	122.35	15.65	33.96	37.0	12.53	62.97	112.7	84.15	80.01	55.9	94.15	12.04	90.76	70.83	74.63	34.71	95.34	55.36	57.97	81.39	1.0	90.43	49.04	50.01	95.27	80.99	68.07	0.0	104.0	77.67	21.1	56.08	59.64	68.01	53.6	59.03	62.94
42	71.06	21.02	57.08	41.3	83.73	85.15	89.5	58.94	15.03	84.86	81.25	28.46	61.4	78.29	19.24	89.5	76.28	81.01	91.92	65.62	9.49	82.04	75.54	55.15	23.54	97.01	49.34	38.08	33.62	90.87	55.15	60.08	62.82	63.2	103.28	27.17	55.8	66.71	38.08	43.0	73.06	104.0	0.0	55.0	89.31	48.83	47.41	36.07	51.09	46.32	41.11
43	78.77	37.11	77.16	14.87	93.94	71.45	115.52	15.13	56.04	59.3	86.82	69.46	37.48	36.67	72.56	69.03	43.74	42.15	65.76	79.63	58.69	105.76	98.6	61.29	32.39	77.1	84.31	25.0	27.29	84.93	91.53	67.42	72.95	9.43	76.69	28.16	50.09	27.66	78.26	12.0	89.63	77.67	55.0	0.0	74.17	48.26	53.41	38.29	36.67	49.2	41.77
44	33.38	72.01	49.98	79.51	40.02	4.24	72.18	59.41	76.69	18.6	31.4	75.43	37.01	46.07	106.67	8.6	33.62	40.82	17.49	41.98	98.48	63.39	59.01	37.01	83.49	9.49	70.38	60.88	63.89	15.81	74.63	35.36	37.34	80.06	21.02	80.36	33.62	48.27	75.8	74.33	47.01	21.1	89.31	74.17	0.0	40.5	42.52	54.56	42.45	43.01	48.76
45	31.02	32.28	30.23	46.84	46.24	36.36	67.9	38.29	36.8	38.08	40.02	39.22	21.21	43.57	66.53	41.01	35.13	43.01	44.65	31.4	57.98	57.98	50.93	13.04	45.28	48.27	43.57	25.96	27.17	43.93	50.22	19.24	24.7	57.01	55.44	43.01	7.07	35.47	43.29	42.72	41.4	56.08	48.83	48.26	40.5	0.0	6.32	15.13	13.04	3.16	9.06
46	27.46	33.14	24.21	50.7	42.45	38.29	62.24	44.2	34.21	42.54	37.12	34.44	27.46	49.82	64.2	44.2	41.01	49.09	48.76	26.42	56.8	52.4	45.28	9.06	47.01	50.93	37.34	29.97	30.36	43.66	43.93	15.3	20.25	62.37	59.08	45.28	11.4	41.79	37.66	46.96	36.36	59.64	47.41	53.41	42.52	6.32	0.0	17.46	19.24	4.24	12.08
47	44.91	17.46	39.41	33.54	59.91	50.57	77.8	32.57	26.93	48.8	54.45	35.06	25.94	45.71	54.82	53.82	41.15	47.13	55.87	43.46	44.69	68.24	61.03	26.48	30.15	61.59	46.53	13.45	13.0	59.03	53.71	32.76	37.64	47.63	67.27	28.02	21.19	35.06	42.2	30.23	53.23	68.01	36.07	38.29	54.56	15.13	17.46	0.0	15.26	14.04	6.08
48	42.19	31.24	43.27	38.05	57.31	38.83	80.72	25.46	42.05	34.06	50.16	48.37	10.77	32.0	70.0	40.25	26.0	32.56	41.23	43.86	59.4	70.77	63.78	25.46	41.23	48.33	55.79	18.44	21.54	50.04	62.64	31.24	36.88	44.94	52.8	37.95	13.42	22.8	54.04	33.24	53.81	53.6	51.09	36.67	42.45	13.04	19.24	15.26	0.0	15.23	12.17
49	31.05	30.59	28.43	46.82	46.17	38.83	66.48	40.0	33.94	41.18	40.45	36.06	24.08	46.39	63.78	43.86	38.21	46.0	47.71	30.53	55.57	56.64	49.52	12.65	44.05	50.99	40.79	26.0	26.68	45.61	47.54	18.97	24.17	58.14	58.41	42.05	10.0	37.95	40.2	42.95	40.5	59.03	46.32	49.2	43.01	3.16	4.24	14.04	15.23	0.0	8.25
50	39.29	23.41	35.38	38.63	54.41	44.72	73.76	34.0	30.53	44.05	48.66	36.22	22.8	44.05	59.46	48.41	37.95	44.72	50.99	38.47	50.0	64.03	56.85	20.88	36.22	56.04	44.94	17.89	18.44	52.95	52.0	27.2	32.31	50.91	62.23	34.0	15.23	34.23	42.19	34.89	48.37	62.94	41.11	41.77	48.76	9.06	12.08	6.08	12.17	8.25	0.0
;
