set K:= 1	2	3	4	5	6	7;
set C_H:= 1	2	3	4	5	6	7	8	9	10	11	12	13	14	15	16	17;
set C_S:= 18	19	20	21	22	23	24	25	26	27	28	29	30	31	32;
set C_F:= 33	34	35	36	37	38	39	40	41	42	43	44	45	46	47;
set M:= 48	49	50	51;
set L_B:= 52	53	54	55	56	57	58;
set A1:=
(0,*) 1 2 3 4 5 6 7 8 9 10 11 12 13 14 15 16 17 33 34 35 36 37 38 39 40 41 42 43 44 45 46 47 48 49 50 51 52 53 54 55 56 57 58
(1,*) 0 2 3 4 5 6 7 8 9 10 11 12 13 14 15 16 17 33 34 35 36 37 38 39 40 41 42 43 44 45 46 47 48 49 50 51 52 53 54 55 56 57 58
(2,*) 0 1 3 4 5 6 7 8 9 10 11 12 13 14 15 16 17 33 34 35 36 37 38 39 40 41 42 43 44 45 46 47 48 49 50 51 52 53 54 55 56 57 58
(3,*) 0 1 2 4 5 6 7 8 9 10 11 12 13 14 15 16 17 33 34 35 36 37 38 39 40 41 42 43 44 45 46 47 48 49 50 51 52 53 54 55 56 57 58
(4,*) 0 1 2 3 5 6 7 8 9 10 11 12 13 14 15 16 17 33 34 35 36 37 38 39 40 41 42 43 44 45 46 47 48 49 50 51 52 53 54 55 56 57 58
(5,*) 0 1 2 3 4 6 7 8 9 10 11 12 13 14 15 16 17 33 34 35 36 37 38 39 40 41 42 43 44 45 46 47 48 49 50 51 52 53 54 55 56 57 58
(6,*) 0 1 2 3 4 5 7 8 9 10 11 12 13 14 15 16 17 33 34 35 36 37 38 39 40 41 42 43 44 45 46 47 48 49 50 51 52 53 54 55 56 57 58
(7,*) 0 1 2 3 4 5 6 8 9 10 11 12 13 14 15 16 17 33 34 35 36 37 38 39 40 41 42 43 44 45 46 47 48 49 50 51 52 53 54 55 56 57 58
(8,*) 0 1 2 3 4 5 6 7 9 10 11 12 13 14 15 16 17 33 34 35 36 37 38 39 40 41 42 43 44 45 46 47 48 49 50 51 52 53 54 55 56 57 58
(9,*) 0 1 2 3 4 5 6 7 8 10 11 12 13 14 15 16 17 33 34 35 36 37 38 39 40 41 42 43 44 45 46 47 48 49 50 51 52 53 54 55 56 57 58
(10,*) 0 1 2 3 4 5 6 7 8 9 11 12 13 14 15 16 17 33 34 35 36 37 38 39 40 41 42 43 44 45 46 47 48 49 50 51 52 53 54 55 56 57 58
(11,*) 0 1 2 3 4 5 6 7 8 9 10 12 13 14 15 16 17 33 34 35 36 37 38 39 40 41 42 43 44 45 46 47 48 49 50 51 52 53 54 55 56 57 58
(12,*) 0 1 2 3 4 5 6 7 8 9 10 11 13 14 15 16 17 33 34 35 36 37 38 39 40 41 42 43 44 45 46 47 48 49 50 51 52 53 54 55 56 57 58
(13,*) 0 1 2 3 4 5 6 7 8 9 10 11 12 14 15 16 17 33 34 35 36 37 38 39 40 41 42 43 44 45 46 47 48 49 50 51 52 53 54 55 56 57 58
(14,*) 0 1 2 3 4 5 6 7 8 9 10 11 12 13 15 16 17 33 34 35 36 37 38 39 40 41 42 43 44 45 46 47 48 49 50 51 52 53 54 55 56 57 58
(15,*) 0 1 2 3 4 5 6 7 8 9 10 11 12 13 14 16 17 33 34 35 36 37 38 39 40 41 42 43 44 45 46 47 48 49 50 51 52 53 54 55 56 57 58
(16,*) 0 1 2 3 4 5 6 7 8 9 10 11 12 13 14 15 17 33 34 35 36 37 38 39 40 41 42 43 44 45 46 47 48 49 50 51 52 53 54 55 56 57 58
(17,*) 0 1 2 3 4 5 6 7 8 9 10 11 12 13 14 15 16 33 34 35 36 37 38 39 40 41 42 43 44 45 46 47 48 49 50 51 52 53 54 55 56 57 58
(33,*) 0 1 2 3 4 5 6 7 8 9 10 11 12 13 14 15 16 17 34 35 36 37 38 39 40 41 42 43 44 45 46 47 48 49 50 51 52 53 54 55 56 57 58
(34,*) 0 1 2 3 4 5 6 7 8 9 10 11 12 13 14 15 16 17 33 35 36 37 38 39 40 41 42 43 44 45 46 47 48 49 50 51 52 53 54 55 56 57 58
(35,*) 0 1 2 3 4 5 6 7 8 9 10 11 12 13 14 15 16 17 33 34 36 37 38 39 40 41 42 43 44 45 46 47 48 49 50 51 52 53 54 55 56 57 58
(36,*) 0 1 2 3 4 5 6 7 8 9 10 11 12 13 14 15 16 17 33 34 35 37 38 39 40 41 42 43 44 45 46 47 48 49 50 51 52 53 54 55 56 57 58
(37,*) 0 1 2 3 4 5 6 7 8 9 10 11 12 13 14 15 16 17 33 34 35 36 38 39 40 41 42 43 44 45 46 47 48 49 50 51 52 53 54 55 56 57 58
(38,*) 0 1 2 3 4 5 6 7 8 9 10 11 12 13 14 15 16 17 33 34 35 36 37 39 40 41 42 43 44 45 46 47 48 49 50 51 52 53 54 55 56 57 58
(39,*) 0 1 2 3 4 5 6 7 8 9 10 11 12 13 14 15 16 17 33 34 35 36 37 38 40 41 42 43 44 45 46 47 48 49 50 51 52 53 54 55 56 57 58
(40,*) 0 1 2 3 4 5 6 7 8 9 10 11 12 13 14 15 16 17 33 34 35 36 37 38 39 41 42 43 44 45 46 47 48 49 50 51 52 53 54 55 56 57 58
(41,*) 0 1 2 3 4 5 6 7 8 9 10 11 12 13 14 15 16 17 33 34 35 36 37 38 39 40 42 43 44 45 46 47 48 49 50 51 52 53 54 55 56 57 58
(42,*) 0 1 2 3 4 5 6 7 8 9 10 11 12 13 14 15 16 17 33 34 35 36 37 38 39 40 41 43 44 45 46 47 48 49 50 51 52 53 54 55 56 57 58
(43,*) 0 1 2 3 4 5 6 7 8 9 10 11 12 13 14 15 16 17 33 34 35 36 37 38 39 40 41 42 44 45 46 47 48 49 50 51 52 53 54 55 56 57 58
(44,*) 0 1 2 3 4 5 6 7 8 9 10 11 12 13 14 15 16 17 33 34 35 36 37 38 39 40 41 42 43 45 46 47 48 49 50 51 52 53 54 55 56 57 58
(45,*) 0 1 2 3 4 5 6 7 8 9 10 11 12 13 14 15 16 17 33 34 35 36 37 38 39 40 41 42 43 44 46 47 48 49 50 51 52 53 54 55 56 57 58
(46,*) 0 1 2 3 4 5 6 7 8 9 10 11 12 13 14 15 16 17 33 34 35 36 37 38 39 40 41 42 43 44 45 47 48 49 50 51 52 53 54 55 56 57 58
(47,*) 0 1 2 3 4 5 6 7 8 9 10 11 12 13 14 15 16 17 33 34 35 36 37 38 39 40 41 42 43 44 45 46 48 49 50 51 52 53 54 55 56 57 58
(48,*) 0 1 2 3 4 5 6 7 8 9 10 11 12 13 14 15 16 17 33 34 35 36 37 38 39 40 41 42 43 44 45 46 47 50 51 52 53 54 55 56 57 58
(49,*) 0 1 2 3 4 5 6 7 8 9 10 11 12 13 14 15 16 17 33 34 35 36 37 38 39 40 41 42 43 44 45 46 47 50 51 52 53 54 55 56 57 58
(50,*) 0 1 2 3 4 5 6 7 8 9 10 11 12 13 14 15 16 17 33 34 35 36 37 38 39 40 41 42 43 44 45 46 47 48 49 52 53 54 55 56 57 58
(51,*) 0 1 2 3 4 5 6 7 8 9 10 11 12 13 14 15 16 17 33 34 35 36 37 38 39 40 41 42 43 44 45 46 47 48 49 52 53 54 55 56 57 58
(52,*) 0 1 2 3 4 5 6 7 8 9 10 11 12 13 14 15 16 17 33 34 35 36 37 38 39 40 41 42 43 44 45 46 47 48 49 50 51 53 54 55 56 57 58
(53,*) 0 1 2 3 4 5 6 7 8 9 10 11 12 13 14 15 16 17 33 34 35 36 37 38 39 40 41 42 43 44 45 46 47 48 49 50 51 52 54 55 56 57 58
(54,*) 0 1 2 3 4 5 6 7 8 9 10 11 12 13 14 15 16 17 33 34 35 36 37 38 39 40 41 42 43 44 45 46 47 48 49 50 51 52 53 55 56 57 58
(55,*) 0 1 2 3 4 5 6 7 8 9 10 11 12 13 14 15 16 17 33 34 35 36 37 38 39 40 41 42 43 44 45 46 47 48 49 50 51 52 53 54 56 57 58
(56,*) 0 1 2 3 4 5 6 7 8 9 10 11 12 13 14 15 16 17 33 34 35 36 37 38 39 40 41 42 43 44 45 46 47 48 49 50 51 52 53 54 55 57 58
(57,*) 0 1 2 3 4 5 6 7 8 9 10 11 12 13 14 15 16 17 33 34 35 36 37 38 39 40 41 42 43 44 45 46 47 48 49 50 51 52 53 54 55 56 58
(58,*) 0 1 2 3 4 5 6 7 8 9 10 11 12 13 14 15 16 17 33 34 35 36 37 38 39 40 41 42 43 44 45 46 47 48 49 50 51 52 53 54 55 56 57
;
set A2:=
(48,*) 49
(49,*) 48
(50,*) 51
(51,*) 50
;
param BigM:=99999;
param n:= 7;
param d:=
1	20
2	14
3	11
4	25
5	2
6	18
7	26
8	14
9	5
10	12
11	8
12	3
13	13
14	25
15	8
16	16
17	4
18	5
19	22
20	22
21	9
22	11
23	15
24	23
25	16
26	9
27	10
28	2
29	13
30	16
31	18
32	16
33	10
34	18
35	24
36	16
37	14
38	8
39	12
40	15
41	2
42	3
43	20
44	23
45	9
46	14
47	7
;
param Q:=100;
param w:=
[48,*] 49 0.5
[49,*] 48 0.5
[50,*] 51 0.5
[51,*] 50 0.5
;
param V:=
[48,*] 49 99
[49,*] 48 99
[50,*] 51 85
[51,*] 50 85
;
param e:
	48	49	50	51	52	53	54	55	56	57	58:=
18	0	0	0	1	0	0	1	0	0	0	0	
19	0	1	0	0	0	0	0	0	0	0	1	
20	0	1	0	0	0	1	0	0	0	0	0	
21	1	0	0	0	0	1	0	0	0	0	0	
22	0	1	0	0	0	0	0	0	0	0	1	
23	0	0	1	0	0	0	0	0	0	1	0	
24	0	1	0	0	1	0	1	0	0	0	0	
25	0	0	0	1	0	0	0	0	0	1	0	
26	1	0	0	0	0	1	0	0	0	0	0	
27	1	0	0	0	0	1	0	0	0	0	0	
28	0	1	0	0	0	1	0	0	0	0	0	
29	0	1	0	0	0	0	1	0	0	0	0	
30	1	0	0	0	0	0	0	1	0	0	1	
31	1	0	0	0	0	1	0	0	0	0	0	
32	0	0	1	0	0	0	0	0	1	0	0	
33	1	0	0	0	0	1	0	1	0	1	1	
34	1	0	0	0	0	1	0	1	0	1	0	
35	0	0	1	0	1	0	0	0	1	0	1	
36	0	0	0	1	0	0	1	0	0	0	0	
37	1	0	0	1	0	0	0	0	0	1	0	
38	1	0	0	0	0	1	0	0	0	0	0	
39	1	0	0	1	0	0	0	0	0	1	0	
40	1	0	0	0	0	1	0	1	0	1	1	
41	1	0	0	0	0	1	0	1	0	0	0	
42	0	1	0	0	1	0	1	0	1	0	0	
43	1	0	0	0	0	0	0	1	0	0	0	
44	0	0	0	1	0	1	0	0	0	0	0	
45	0	1	0	0	1	0	1	1	1	0	1	
46	0	1	1	0	0	0	1	0	0	0	0	
47	0	1	0	0	1	0	1	0	1	0	0	
;
param p:=
1	3
2	3
3	3
4	3
5	3
6	3
7	3
;
param G:=
48	72
49	99
50	75
51	85
52	97
53	89
54	84
55	92
56	87
57	76
58	97
;
param s:=
0	0
1	10
2	10
3	10
4	10
5	10
6	10
7	10
8	10
9	10
10	10
11	10
12	10
13	10
14	10
15	10
16	10
17	10
33	10
34	10
35	10
36	10
37	10
38	10
39	10
40	10
41	10
42	10
43	10
44	10
45	10
46	10
47	10
48	10
49	10
50	10
51	10
52	10
53	10
54	10
55	10
56	10
57	10
58	10
;
param t:
	0	1	2	3	4	5	6	7	8	9	10	11	12	13	14	15	16	17	18	19	20	21	22	23	24	25	26	27	28	29	30	31	32	33	34	35	36	37	38	39	40	41	42	43	44	45	46	47	48	49	50	51	52	53	54	55	56	57	58:=
0	0.0	48.08	58.31	87.32	47.41	48.37	82.1	58.0	97.02	48.17	26.68	81.71	60.17	18.87	44.27	60.46	88.0	88.77	77.79	44.18	36.22	88.57	11.66	16.12	12.81	72.8	56.36	81.63	36.22	34.53	54.33	92.65	38.21	70.88	80.62	36.88	63.81	94.09	78.89	90.0	70.26	74.24	37.74	72.25	62.77	38.05	36.06	14.14	84.93	24.17	46.53	86.68	35.01	76.9	28.84	61.98	33.06	84.85	46.53
1	48.08	0.0	97.32	101.98	8.94	52.5	84.4	91.76	106.3	20.59	21.54	98.08	76.03	36.06	42.52	37.95	87.13	99.04	63.91	10.2	20.59	106.83	56.57	60.3	38.21	44.05	80.5	104.31	14.14	14.42	65.6	115.38	74.97	85.28	86.56	71.39	41.76	90.35	101.55	88.84	76.42	95.41	31.62	102.16	49.19	50.12	82.87	36.22	94.11	24.33	92.27	72.12	51.48	93.24	31.62	73.88	51.62	90.91	61.91
2	58.31	97.32	0.0	55.71	92.35	58.82	69.43	12.81	69.08	86.02	79.7	50.16	44.05	61.61	65.12	86.35	76.58	62.61	86.09	97.53	92.48	51.42	46.65	42.19	61.35	98.08	31.24	40.79	89.84	87.36	50.12	48.0	22.36	48.41	64.03	26.08	87.36	83.74	39.29	78.1	59.46	39.4	70.03	24.08	79.12	52.61	31.3	63.25	61.91	74.73	23.35	91.84	49.25	47.89	66.27	49.82	48.09	66.03	45.88
3	87.32	101.98	55.71	0.0	93.72	49.52	26.0	43.68	13.42	82.8	94.4	6.0	27.78	77.18	59.46	71.55	30.59	8.94	54.59	107.52	108.41	8.25	78.59	75.71	81.41	77.79	32.25	16.97	102.18	99.36	36.88	20.4	56.04	17.2	20.1	54.33	69.86	36.06	17.2	31.05	26.83	16.49	70.71	33.29	59.09	54.41	80.22	82.37	12.04	88.81	76.69	55.01	55.23	10.44	74.03	28.32	56.44	18.11	42.72
4	47.41	8.94	92.35	93.72	0.0	44.41	75.6	85.91	97.67	11.66	22.63	90.0	68.26	32.56	34.41	29.12	78.23	90.51	55.03	18.11	26.68	98.81	54.41	57.72	36.06	36.06	73.54	96.75	18.97	17.89	57.69	107.7	70.11	77.2	77.9	66.27	32.98	81.41	94.02	79.92	67.88	87.82	24.17	95.52	40.25	43.08	80.52	34.18	85.56	23.32	89.27	63.32	44.92	85.21	26.08	65.8	45.35	82.22	54.56
5	48.37	52.5	58.82	49.52	44.41	0.0	35.44	48.66	54.92	34.0	46.52	45.61	24.17	32.25	10.0	28.07	40.45	47.2	31.62	58.14	60.03	54.41	44.94	44.72	38.05	39.29	32.06	52.8	53.25	50.48	13.42	63.53	40.5	32.8	35.78	36.06	28.64	46.04	50.16	42.43	25.06	43.86	21.26	54.33	20.59	10.77	62.29	38.21	42.44	41.23	66.22	39.82	14.76	40.8	26.0	21.4	17.0	40.25	13.15
6	82.1	84.4	69.43	26.0	75.6	35.44	0.0	56.64	23.32	64.03	81.71	26.68	26.83	67.47	43.86	49.68	7.21	18.44	29.12	91.59	94.85	34.06	76.24	74.67	72.99	53.67	38.83	39.85	87.66	84.97	28.07	46.17	60.93	21.26	6.32	57.58	47.2	14.42	38.63	8.94	12.17	34.0	55.46	52.15	36.88	44.41	86.16	73.35	14.04	76.55	85.96	29.02	47.1	25.08	61.35	22.14	49.04	8.25	36.12
7	58.0	91.76	12.81	43.68	85.91	48.66	56.64	0.0	56.92	78.41	76.03	37.95	31.62	57.27	56.04	76.66	63.78	50.16	74.24	93.23	89.55	40.2	46.69	42.52	58.31	87.86	18.87	30.0	85.91	83.26	38.63	38.83	19.8	35.61	51.22	21.63	77.28	70.94	28.07	65.3	46.86	27.2	62.51	15.23	68.41	44.05	38.47	60.03	49.24	70.68	33.24	79.61	41.3	35.34	60.17	37.44	40.61	53.25	35.51
8	97.02	106.3	69.08	13.42	97.67	54.92	23.32	56.92	0.0	86.28	101.21	18.97	36.88	85.09	64.4	72.8	24.74	8.25	52.0	112.8	114.91	19.8	89.11	86.58	89.89	76.94	44.05	30.0	108.17	105.39	43.86	30.53	68.12	26.31	19.8	66.0	70.46	28.0	30.53	24.33	30.0	29.73	76.03	46.65	60.0	61.74	92.78	90.62	12.53	95.77	89.74	50.22	63.32	22.2	80.62	35.47	64.85	15.62	50.92
9	48.17	20.59	86.02	82.8	11.66	34.0	64.03	78.41	86.28	0.0	27.86	79.32	58.14	30.53	24.17	18.11	66.57	79.25	43.68	29.12	36.0	88.2	52.84	55.46	35.61	27.2	64.56	86.76	28.0	26.08	47.41	97.53	64.28	66.57	66.48	60.13	22.09	69.77	84.1	68.26	56.64	77.82	16.0	86.83	28.64	34.53	78.0	34.06	74.28	26.08	85.73	52.17	37.12	74.63	21.54	55.23	38.01	70.77	45.22
10	26.68	21.54	79.7	94.4	22.63	46.52	81.71	76.03	101.21	27.86	0.0	89.64	66.84	18.87	37.95	44.72	86.02	93.3	68.03	18.11	14.14	97.84	36.0	40.05	18.44	55.03	68.12	93.38	10.2	8.0	57.69	104.69	57.58	77.2	82.29	54.63	48.66	90.71	90.55	87.93	71.55	84.85	26.68	88.2	52.04	40.0	62.13	16.49	88.68	5.66	72.01	77.01	39.62	84.65	20.59	66.29	38.9	86.76	51.86
11	81.71	98.08	50.16	6.0	90.0	45.61	26.68	37.95	18.97	79.32	89.64	0.0	22.8	72.11	55.61	69.08	32.31	12.81	54.04	103.25	103.71	8.94	72.8	69.86	76.16	76.16	26.31	13.42	97.67	94.85	32.56	20.1	50.04	12.81	20.4	48.37	67.68	38.47	12.81	33.11	24.74	10.77	66.6	28.43	56.92	49.68	74.24	77.18	13.89	84.02	70.83	55.44	50.22	5.0	69.43	24.21	51.31	19.7	37.8
12	60.17	76.03	44.05	27.78	68.26	24.17	26.83	31.62	36.88	58.14	66.84	22.8	0.0	49.4	34.0	50.64	34.0	28.64	43.08	80.72	80.92	31.11	52.35	50.04	53.67	60.0	12.81	28.64	74.97	72.14	10.77	39.45	34.18	10.77	22.8	31.05	50.16	41.18	26.0	35.78	15.62	19.7	44.41	32.25	40.0	26.91	59.46	54.59	25.08	61.22	59.17	48.02	27.46	17.8	46.69	5.83	28.65	26.31	15.0
13	18.87	36.06	61.61	77.18	32.56	32.25	67.47	57.27	85.09	30.53	18.87	72.11	49.4	0.0	26.31	41.62	72.69	76.97	59.67	36.06	32.8	80.0	22.36	25.3	6.32	54.04	49.52	74.97	28.64	26.0	41.23	86.28	39.29	60.03	67.05	36.06	44.94	78.23	72.14	74.67	56.32	66.6	18.87	69.34	44.27	23.41	48.08	6.0	72.62	13.42	56.72	68.66	21.95	67.12	10.0	49.66	20.81	71.47	34.48
14	44.27	42.52	65.12	59.46	34.41	10.0	43.86	56.04	64.4	24.17	37.95	55.61	34.0	26.31	0.0	21.54	48.08	56.85	33.53	48.41	50.99	64.4	43.27	44.05	32.56	34.0	40.79	62.61	43.91	41.18	23.32	73.43	44.94	42.8	44.94	40.5	23.32	52.95	59.93	50.0	34.41	53.67	11.66	63.15	18.87	12.65	64.03	32.25	52.01	32.98	69.46	42.45	16.55	50.8	18.11	31.4	18.36	49.4	21.38
15	60.46	37.95	86.35	71.55	29.12	28.07	49.68	76.66	72.8	18.11	44.72	69.08	50.64	41.62	21.54	0.0	50.99	66.57	26.0	47.07	54.04	78.0	62.23	63.78	47.71	12.81	60.0	78.59	46.04	44.0	40.2	88.54	66.48	56.92	53.25	62.03	4.0	53.25	76.16	52.5	44.72	69.86	22.8	82.1	12.81	34.18	84.88	46.65	61.59	41.76	90.82	34.21	38.08	64.85	31.62	46.32	39.81	57.2	41.19
16	88.0	87.13	76.58	30.59	78.23	40.45	7.21	63.78	24.74	66.57	86.02	32.31	34.0	72.69	48.08	50.99	0.0	22.09	27.78	94.83	98.79	38.83	82.61	81.22	78.41	53.25	46.04	45.69	91.39	88.77	34.53	50.99	68.03	28.28	12.81	64.62	48.08	7.21	44.72	2.0	18.97	40.5	59.46	58.82	38.42	50.04	93.23	78.64	18.68	81.04	93.15	25.5	53.01	31.38	65.97	29.15	55.04	12.65	42.58
17	88.77	99.04	62.61	8.94	90.51	47.2	18.44	50.16	8.25	79.25	93.3	12.81	28.64	76.97	56.85	66.57	22.09	0.0	47.54	105.26	107.07	17.09	80.89	78.41	81.71	71.69	36.22	25.61	100.44	97.65	35.78	29.12	60.3	18.11	13.42	58.03	64.5	27.2	25.46	22.36	22.63	23.32	68.41	41.23	53.85	53.67	85.16	82.46	5.0	87.82	82.57	47.1	55.15	14.87	72.72	27.31	56.65	10.2	42.72
18	77.79	63.91	86.09	54.59	55.03	31.62	29.12	74.24	52.0	43.68	68.03	54.04	43.08	59.67	33.53	26.0	27.78	47.54	0.0	72.8	78.92	62.29	76.03	76.16	65.97	25.61	55.46	66.12	71.02	68.73	36.06	74.11	70.77	44.41	34.53	66.48	22.36	28.28	64.28	28.84	30.27	58.55	42.19	74.73	16.0	42.19	93.72	65.51	42.95	64.03	96.9	9.06	46.32	51.04	50.64	37.34	48.55	37.36	41.77
19	44.18	10.2	97.53	107.52	18.11	58.14	91.59	93.23	112.8	29.12	18.11	103.25	80.72	36.06	48.41	47.07	94.83	105.26	72.8	0.0	11.31	111.8	54.04	58.14	36.5	54.0	83.76	108.41	8.0	10.2	70.71	119.63	75.29	90.51	93.23	72.11	50.99	98.49	105.6	96.6	82.8	99.64	36.88	104.71	57.58	54.04	80.02	34.53	100.42	22.8	90.05	81.25	54.64	98.31	34.41	79.21	54.38	97.65	66.07
20	36.22	20.59	92.48	108.41	26.68	60.03	94.85	89.55	114.91	36.0	14.14	103.71	80.92	32.8	50.99	54.04	98.79	107.07	78.92	11.31	0.0	111.95	47.07	51.42	31.3	62.51	82.22	107.52	8.0	10.2	71.61	118.83	70.68	91.21	95.77	68.0	58.03	103.09	104.69	100.66	85.09	98.99	39.4	102.08	63.15	54.04	72.25	29.53	102.4	19.8	82.73	87.69	53.76	98.72	34.41	80.21	53.04	100.24	65.95
21	88.57	106.83	51.42	8.25	98.81	54.41	34.06	40.2	19.8	88.2	97.84	8.94	31.11	80.0	64.4	78.0	38.83	17.09	62.29	111.8	111.95	0.0	79.12	75.89	83.76	84.9	32.31	10.77	106.08	103.25	41.23	12.17	54.92	21.63	28.0	53.85	76.55	44.27	12.17	39.29	33.53	14.56	75.29	27.86	65.79	58.0	78.03	84.88	20.22	92.2	73.44	63.07	58.26	13.6	77.79	33.02	59.2	26.31	46.01
22	11.66	56.57	46.65	78.59	54.41	44.94	76.24	46.69	89.11	52.84	36.0	72.8	52.35	22.36	43.27	62.23	82.61	80.89	76.03	54.04	47.07	79.12	0.0	4.47	18.44	74.97	46.82	71.55	46.04	44.0	48.17	82.37	26.91	62.8	74.0	26.08	65.12	89.11	68.88	84.59	64.12	64.62	39.7	61.22	62.13	34.18	26.31	20.4	77.41	32.25	36.01	84.58	30.36	68.15	31.62	55.01	28.16	78.03	40.11
23	16.12	60.3	42.19	75.71	57.72	44.72	74.67	42.52	86.58	55.46	40.05	69.86	50.04	25.3	44.05	63.78	81.22	78.41	76.16	58.14	51.42	75.89	4.47	0.0	22.09	76.58	43.68	68.03	50.16	48.04	46.69	78.71	22.8	60.3	72.11	22.36	66.48	87.86	65.39	83.19	62.51	61.35	41.62	57.2	62.8	34.0	22.8	24.08	75.11	36.06	32.02	84.53	29.97	65.31	34.0	53.08	27.73	76.03	38.64
24	12.81	38.21	61.35	81.41	36.06	38.05	72.99	58.31	89.89	35.61	18.44	76.16	53.67	6.32	32.56	47.71	78.41	81.71	65.97	36.5	31.3	83.76	18.44	22.09	0.0	60.0	52.5	78.1	28.64	26.31	46.17	89.38	39.4	64.4	72.28	36.72	51.11	84.1	75.29	80.4	61.61	70.0	25.06	71.22	50.6	28.64	44.72	2.0	77.49	14.0	54.08	74.95	26.57	71.2	16.12	54.42	25.08	76.66	39.0
25	72.8	44.05	98.08	77.79	36.06	39.29	53.67	87.86	76.94	27.2	55.03	76.16	60.0	54.04	34.0	12.81	53.25	71.69	25.61	54.0	62.51	84.9	74.97	76.58	60.0	0.0	70.46	86.83	54.59	52.95	50.16	96.1	78.79	64.78	58.31	74.32	10.77	53.81	84.59	54.41	51.42	78.41	35.38	92.09	20.0	46.52	97.65	58.82	66.85	52.8	103.45	31.4	50.54	72.37	44.05	55.08	52.35	61.74	52.39
26	56.36	80.5	31.24	32.25	73.54	32.06	38.83	18.87	44.05	64.56	68.12	26.31	12.81	49.52	40.79	60.0	46.04	36.22	55.46	83.76	82.22	32.31	46.82	43.68	52.5	70.46	0.0	25.61	77.2	74.4	20.4	36.88	24.08	18.97	34.0	22.09	60.13	53.25	22.8	47.71	28.28	17.89	49.4	22.36	50.64	30.46	49.03	53.81	33.96	62.48	47.42	60.75	29.15	22.02	49.4	18.6	29.41	36.77	19.42
27	81.63	104.31	40.79	16.97	96.75	52.8	39.85	30.0	30.0	86.76	93.38	13.42	28.64	74.97	62.61	78.59	45.69	25.61	66.12	108.41	107.52	10.77	71.55	68.03	78.1	86.83	25.61	0.0	102.18	99.36	39.4	11.31	46.17	22.09	33.53	45.69	77.67	51.88	2.83	46.52	36.0	8.94	72.72	17.09	67.08	54.41	68.26	79.4	27.29	87.73	63.13	68.25	53.91	15.13	74.03	32.28	54.49	33.11	42.44
28	36.22	14.14	89.84	102.18	18.97	53.25	87.66	85.91	108.17	28.0	10.2	97.67	74.97	28.64	43.91	46.04	91.39	100.44	71.02	8.0	8.0	106.08	46.04	50.16	28.64	54.59	77.2	102.18	0.0	2.83	65.3	113.45	67.68	85.04	88.84	64.62	50.04	95.52	99.36	93.23	78.23	93.51	32.25	97.75	55.32	48.08	72.03	26.68	95.69	15.23	82.05	79.76	48.27	92.7	28.28	73.88	47.8	93.3	60.11
29	34.53	14.42	87.36	99.36	17.89	50.48	84.97	83.26	105.39	26.08	8.0	94.85	72.14	26.0	41.18	44.0	88.77	97.65	68.73	10.2	10.2	103.25	44.0	48.04	26.31	52.95	74.4	99.36	2.83	0.0	62.48	110.63	65.15	82.22	86.09	62.03	48.0	92.97	96.54	90.62	75.47	90.69	29.53	95.02	52.95	45.25	70.11	24.33	92.91	12.65	80.01	77.52	45.45	89.87	25.46	71.06	45.0	90.55	57.28
30	54.33	65.6	50.12	36.88	57.69	13.42	28.07	38.63	43.86	47.41	57.69	32.56	10.77	41.23	23.32	40.2	34.53	35.78	36.06	70.71	71.61	41.23	48.17	46.69	46.17	50.16	20.4	39.4	65.3	62.48	0.0	50.12	35.61	19.8	26.31	31.62	40.0	41.23	36.77	36.5	16.0	30.46	34.06	42.0	30.27	17.89	60.03	46.82	31.38	52.15	61.72	42.45	19.65	27.66	37.2	8.6	21.38	30.59	8.06
31	92.65	115.38	48.0	20.4	107.7	63.53	46.17	38.83	30.53	97.53	104.69	20.1	39.45	86.28	73.43	88.54	50.99	29.12	74.11	119.63	118.83	12.17	82.37	78.71	89.38	96.1	36.88	11.31	113.45	110.63	50.12	0.0	56.46	31.62	40.05	56.36	87.36	56.32	14.14	51.42	44.72	20.0	83.76	24.08	76.66	65.6	77.28	90.69	32.39	99.04	71.11	75.17	65.19	23.77	85.28	42.54	65.8	38.47	53.6
32	38.21	74.97	22.36	56.04	70.11	40.5	60.93	19.8	68.12	64.28	57.58	50.04	34.18	39.29	44.94	66.48	68.03	60.3	70.77	75.29	70.68	54.92	26.91	22.8	39.4	78.79	24.08	46.17	67.68	65.15	35.61	56.46	0.0	42.76	56.92	4.47	68.03	75.15	43.68	69.86	49.19	40.45	48.37	34.41	61.06	32.31	25.3	41.23	57.87	52.5	26.17	77.83	28.46	46.01	44.05	38.91	26.93	60.17	29.0
33	70.88	85.28	48.41	17.2	77.2	32.8	21.26	35.61	26.31	66.57	77.2	12.81	10.77	60.03	42.8	56.92	28.28	18.11	44.41	90.51	91.21	21.63	62.8	60.3	64.4	64.78	18.97	22.09	85.04	82.22	19.8	31.62	42.76	0.0	15.62	40.2	55.79	35.38	20.0	29.73	14.14	14.14	53.81	31.3	45.12	37.2	67.91	65.3	15.13	71.61	66.31	47.43	38.08	8.06	56.85	11.4	39.36	17.89	25.55
34	80.62	86.56	64.03	20.1	77.9	35.78	6.32	51.22	19.8	66.48	82.29	20.4	22.8	67.05	44.94	53.25	12.81	13.42	34.53	93.23	95.77	28.0	74.0	72.11	72.28	58.31	34.0	33.53	88.84	86.09	26.31	40.05	56.92	15.62	0.0	53.85	51.11	19.8	32.31	14.14	10.77	27.78	56.6	46.04	40.5	43.68	82.22	72.8	8.54	76.97	81.39	35.13	45.89	18.79	61.74	19.03	47.68	4.47	34.13
35	36.88	71.39	26.08	54.33	66.27	36.06	57.58	21.63	66.0	60.13	54.63	48.37	31.05	36.06	40.5	62.03	64.62	58.03	66.48	72.11	68.0	53.85	26.08	22.36	36.72	74.32	22.09	45.69	64.62	62.03	31.62	56.36	4.47	40.2	53.85	0.0	63.56	71.69	43.08	66.48	45.69	39.29	44.18	35.38	56.6	27.86	28.64	38.47	55.33	49.4	30.41	73.66	24.04	44.1	40.2	35.47	22.56	57.27	24.76
36	63.81	41.76	87.36	69.86	32.98	28.64	47.2	77.28	70.46	22.09	48.66	67.68	50.16	44.94	23.32	4.0	48.08	64.5	22.36	50.99	58.03	76.55	65.12	66.48	51.11	10.77	60.13	77.67	50.04	48.0	40.0	87.36	68.03	55.79	51.11	63.56	0.0	50.0	75.31	49.52	43.08	69.05	26.08	82.0	10.77	35.78	87.2	50.12	59.54	45.61	92.78	30.36	39.82	63.6	34.99	45.54	41.68	54.92	41.77
37	94.09	90.35	83.74	36.06	81.41	46.04	14.42	70.94	28.0	69.77	90.71	38.47	41.18	78.23	52.95	53.25	7.21	27.2	28.28	98.49	103.09	44.27	89.11	87.86	84.1	53.81	53.25	51.88	95.52	92.97	41.23	56.32	75.15	35.38	19.8	71.69	50.0	0.0	51.11	5.66	26.0	47.2	64.03	65.6	41.18	56.04	100.32	84.21	24.6	85.91	100.34	23.71	59.21	38.01	71.02	36.25	61.29	18.87	49.24
38	78.89	101.55	39.29	17.2	94.02	50.16	38.63	28.07	30.53	84.1	90.55	12.81	26.0	72.14	59.93	76.16	44.72	25.46	64.28	105.6	104.69	12.17	68.88	65.39	75.29	84.59	22.8	2.83	99.36	96.54	36.77	14.14	43.68	20.0	32.31	43.08	75.31	51.11	0.0	45.65	34.06	6.32	69.97	16.12	64.78	51.61	66.12	76.58	26.63	84.9	61.29	66.71	51.09	13.6	71.22	29.83	51.66	32.25	39.66
39	90.0	88.84	78.1	31.05	79.92	42.43	8.94	65.3	24.33	68.26	87.93	33.11	35.78	74.67	50.0	52.5	2.0	22.36	28.84	96.6	100.66	39.29	84.59	83.19	80.4	54.41	47.71	46.52	93.23	90.62	36.5	51.42	69.86	29.73	14.14	66.48	49.52	5.66	45.65	0.0	20.88	41.62	61.35	60.0	40.0	52.04	95.08	80.62	19.31	82.97	94.89	25.96	55.01	32.45	67.91	31.02	57.04	13.42	44.55
40	70.26	76.42	59.46	26.83	67.88	25.06	12.17	46.86	30.0	56.64	71.55	24.74	15.62	56.32	34.41	44.72	18.97	22.63	30.27	82.8	85.09	33.53	64.12	62.51	61.61	51.42	28.28	36.0	78.23	75.47	16.0	44.72	49.19	14.14	10.77	45.69	43.08	26.0	34.06	20.88	0.0	28.28	46.04	44.94	32.31	32.98	74.32	62.1	17.69	66.21	74.63	33.62	35.36	21.1	50.99	10.3	37.22	15.23	24.02
41	74.24	95.41	39.4	16.49	87.82	43.86	34.0	27.2	29.73	77.82	84.85	10.77	19.7	66.6	53.67	69.86	40.5	23.32	58.55	99.64	98.99	14.56	64.62	61.35	70.0	78.41	17.89	8.94	93.51	90.69	30.46	20.0	40.45	14.14	27.78	39.29	69.05	47.2	6.32	41.62	28.28	0.0	63.81	18.44	58.55	45.61	64.03	71.22	23.35	79.2	60.21	61.4	45.28	9.22	65.3	23.54	45.97	28.43	33.6
42	37.74	31.62	70.03	70.71	24.17	21.26	55.46	62.51	76.03	16.0	26.68	66.6	44.41	18.87	11.66	22.8	59.46	68.41	42.19	36.88	39.4	75.29	39.7	41.62	25.06	35.38	49.4	72.72	32.25	29.53	34.06	83.76	48.37	53.81	56.6	44.18	26.08	64.03	69.97	61.35	46.04	63.81	0.0	71.47	26.31	18.97	63.53	24.17	63.6	22.09	70.58	51.24	21.21	61.72	8.94	42.45	22.02	61.06	30.41
43	72.25	102.16	24.08	33.29	95.52	54.33	52.15	15.23	46.65	86.83	88.2	28.43	32.25	69.34	63.15	82.1	58.82	41.23	74.73	104.71	102.08	27.86	61.22	57.2	71.22	92.09	22.36	17.09	97.75	95.02	42.0	24.08	34.41	31.3	46.04	35.38	82.0	65.6	16.12	60.0	44.94	18.44	71.47	0.0	72.11	52.5	53.37	72.8	41.73	82.68	47.04	78.55	50.7	27.66	70.68	37.66	50.57	46.86	41.77
44	62.77	49.19	79.12	59.09	40.25	20.59	36.88	68.41	60.0	28.64	52.04	56.92	40.0	44.27	18.87	12.81	38.42	53.85	16.0	57.58	63.15	65.79	62.13	62.8	50.6	20.0	50.64	67.08	55.32	52.95	30.27	76.66	61.06	45.12	40.5	56.6	10.77	41.18	64.78	40.0	32.31	58.55	26.31	72.11	0.0	29.73	82.07	50.0	48.88	48.04	86.61	25.02	33.97	52.89	34.93	35.13	36.07	44.41	33.24
45	38.05	50.12	52.61	54.41	43.08	10.77	44.41	44.05	61.74	34.53	40.0	49.68	26.91	23.41	12.65	34.18	50.04	53.67	42.19	54.04	54.04	58.0	34.18	34.0	28.64	46.52	30.46	54.41	48.08	45.25	17.89	65.6	32.31	37.2	43.68	27.86	35.78	56.04	51.61	52.04	32.98	45.61	18.97	52.5	29.73	0.0	52.35	29.12	49.24	34.41	57.14	50.54	4.24	44.69	19.8	26.42	6.4	48.08	12.04
46	36.06	82.87	31.3	80.22	80.52	62.29	86.16	38.47	92.78	78.0	62.13	74.24	59.46	48.08	64.03	84.88	93.23	85.16	93.72	80.02	72.25	78.03	26.31	22.8	44.72	97.65	49.03	68.26	72.03	70.11	60.03	77.28	25.3	67.91	82.22	28.64	87.2	100.32	66.12	95.08	74.32	64.03	63.53	53.37	82.07	52.35	0.0	46.69	82.98	58.55	11.18	101.4	48.1	70.58	56.46	64.08	46.01	85.44	52.7
47	14.14	36.22	63.25	82.37	34.18	38.21	73.35	60.03	90.62	34.06	16.49	77.18	54.59	6.0	32.25	46.65	78.64	82.46	65.51	34.53	29.53	84.88	20.4	24.08	2.0	58.82	53.81	79.4	26.68	24.33	46.82	90.69	41.23	65.3	72.8	38.47	50.12	84.21	76.58	80.62	62.1	71.22	24.17	72.8	50.0	29.12	46.69	0.0	78.19	12.0	56.08	74.53	27.31	72.2	15.23	55.15	25.94	77.2	39.81
48	84.93	94.11	61.91	12.04	85.56	42.44	14.04	49.24	12.53	74.28	88.68	13.89	25.08	72.62	52.01	61.59	18.68	5.0	42.95	100.42	102.4	20.22	77.41	75.11	77.49	66.85	33.96	27.29	95.69	92.91	31.38	32.39	57.87	15.13	8.54	55.33	59.54	24.6	26.63	19.31	17.69	23.35	63.6	41.73	48.88	49.24	82.98	78.19	0.0	83.24	80.99	43.0	50.92	14.21	68.1	23.09	52.5	6.08	38.6
49	24.17	24.33	74.73	88.81	23.32	41.23	76.55	70.68	95.77	26.08	5.66	84.02	61.22	13.42	32.98	41.76	81.04	87.82	64.03	22.8	19.8	92.2	32.25	36.06	14.0	52.8	62.48	87.73	15.23	12.65	52.15	99.04	52.5	71.61	76.97	49.4	45.61	85.91	84.9	82.97	66.21	79.2	22.09	82.68	48.04	34.41	58.55	12.0	83.24	0.0	68.07	73.06	33.97	79.03	15.23	60.75	33.24	81.44	46.23
50	46.53	92.27	23.35	76.69	89.27	66.22	85.96	33.24	89.74	85.73	72.01	70.83	59.17	56.72	69.46	90.82	93.15	82.57	96.9	90.05	82.73	73.44	36.01	32.02	54.08	103.45	47.42	63.13	82.05	80.01	61.72	71.11	26.17	66.31	81.39	30.41	92.78	100.34	61.29	94.89	74.63	60.21	70.58	47.04	86.61	57.14	11.18	56.08	80.99	68.07	0.0	104.0	53.0	67.72	64.29	64.35	51.11	84.17	55.15
51	86.68	72.12	91.84	55.01	63.32	39.82	29.02	79.61	50.22	52.17	77.01	55.44	48.02	68.66	42.45	34.21	25.5	47.1	9.06	81.25	87.69	63.07	84.58	84.53	74.95	31.4	60.75	68.25	79.76	77.52	42.45	75.17	77.83	47.43	35.13	73.66	30.36	23.71	66.71	25.96	33.62	61.4	51.24	78.55	25.02	50.54	101.4	74.53	43.0	73.06	104.0	0.0	54.59	53.15	59.68	42.19	56.82	37.01	48.92
52	35.01	51.48	49.25	55.23	44.92	14.76	47.1	41.3	63.32	37.12	39.62	50.22	27.46	21.95	16.55	38.08	53.01	55.15	46.32	54.64	53.76	58.26	30.36	29.97	26.57	50.54	29.15	53.91	48.27	45.45	19.65	65.19	28.46	38.08	45.89	24.04	39.82	59.21	51.09	55.01	35.36	45.28	21.21	50.7	33.97	4.24	48.1	27.31	50.92	33.97	53.0	54.59	0.0	45.22	20.25	27.86	2.24	50.22	12.53
53	76.9	93.24	47.89	10.44	85.21	40.8	25.08	35.34	22.2	74.63	84.65	5.0	17.8	67.12	50.8	64.85	31.38	14.87	51.04	98.31	98.72	13.6	68.15	65.31	71.2	72.37	22.02	15.13	92.7	89.87	27.66	23.77	46.01	8.06	18.79	44.1	63.6	38.01	13.6	32.45	21.1	9.22	61.72	27.66	52.89	44.69	70.58	72.2	14.21	79.03	67.72	53.15	45.22	0.0	64.44	19.42	46.32	19.21	32.8
54	28.84	31.62	66.27	74.03	26.08	26.0	61.35	60.17	80.62	21.54	20.59	69.43	46.69	10.0	18.11	31.62	65.97	72.72	50.64	34.41	34.41	77.79	31.62	34.0	16.12	44.05	49.4	74.03	28.28	25.46	37.2	85.28	44.05	56.85	61.74	40.2	34.99	71.02	71.22	67.91	50.99	65.3	8.94	70.68	34.93	19.8	56.46	15.23	68.1	15.23	64.29	59.68	20.25	64.44	0.0	45.8	20.12	66.21	31.83
55	61.98	73.88	49.82	28.32	65.8	21.4	22.14	37.44	35.47	55.23	66.29	24.21	5.83	49.66	31.4	46.32	29.15	27.31	37.34	79.21	80.21	33.02	55.01	53.08	54.42	55.08	18.6	32.28	73.88	71.06	8.6	42.54	38.91	11.4	19.03	35.47	45.54	36.25	29.83	31.02	10.3	23.54	42.45	37.66	35.13	26.42	64.08	55.15	23.09	60.75	64.35	42.19	27.86	19.42	45.8	0.0	29.41	23.02	15.52
56	33.06	51.62	48.09	56.44	45.35	17.0	49.04	40.61	64.85	38.01	38.9	51.31	28.65	20.81	18.36	39.81	55.04	56.65	48.55	54.38	53.04	59.2	28.16	27.73	25.08	52.35	29.41	54.49	47.8	45.0	21.38	65.8	26.93	39.36	47.68	22.56	41.68	61.29	51.66	57.04	37.22	45.97	22.02	50.57	36.07	6.4	46.01	25.94	52.5	33.24	51.11	56.82	2.24	46.32	20.12	29.41	0.0	51.97	13.93
57	84.85	90.91	66.03	18.11	82.22	40.25	8.25	53.25	15.62	70.77	86.76	19.7	26.31	71.47	49.4	57.2	12.65	10.2	37.36	97.65	100.24	26.31	78.03	76.03	76.66	61.74	36.77	33.11	93.3	90.55	30.59	38.47	60.17	17.89	4.47	57.27	54.92	18.87	32.25	13.42	15.23	28.43	61.06	46.86	44.41	48.08	85.44	77.2	6.08	81.44	84.17	37.01	50.22	19.21	66.21	23.02	51.97	0.0	38.33
58	46.53	61.91	45.88	42.72	54.56	13.15	36.12	35.51	50.92	45.22	51.86	37.8	15.0	34.48	21.38	41.19	42.58	42.72	41.77	66.07	65.95	46.01	40.11	38.64	39.0	52.39	19.42	42.44	60.11	57.28	8.06	53.6	29.0	25.55	34.13	24.76	41.77	49.24	39.66	44.55	24.02	33.6	30.41	41.77	33.24	12.04	52.7	39.81	38.6	46.23	55.15	48.92	12.53	32.8	31.83	15.52	13.93	38.33	0.0
;
