vehicles
vehicle_idx, capacity, cost_per_unit_distance
1,100,3
2,100,3
3,100,3
4,100,3
5,100,3
6,100,3
depot
node_idx,x,y
0,14,68
home delivery customers
node_idx,x,y,service_time,demand
1,73,2,10,8
2,37,44,10,9
3,18,98,10,9
4,17,28,10,3
5,78,63,10,8
6,42,48,10,8
7,83,27,10,13
8,63,59,10,8
9,32,88,10,14
10,22,73,10,23
11,88,94,10,9
12,58,78,10,13
13,43,62,10,14
14,17,32,10,18
15,98,77,10,14
self pickup customers
node_idx,x,y,service_time,demand,locker_idxs
16,13,47,10,24,45
17,58,98,10,9,44
18,72,67,10,14,44
19,2,28,10,18,45
20,87,1,10,8,51
21,58,32,10,18,51-49-50
22,53,84,10,3,44
23,38,37,10,24,46
24,42,88,10,24,44
25,38,23,10,13,45
26,63,32,10,24,46-50-47-49-51
27,73,1,10,14,45
28,12,24,10,4,45
29,48,23,10,13,50-46
flexible customers
node_idx,x,y,service_time,demand,locker_idxs
30,34,63,10,19,46-50-47-49-48-51
31,33,42,10,18,51-48-49-47-50-46
32,24,79,10,14,48
33,1,2,10,13,45
34,32,82,10,4,44
35,97,38,10,24,50
36,39,53,10,14,48-49-47-51-46-50
37,42,77,10,18,49-48-44
38,79,92,10,2,44
39,22,39,10,9,45
40,87,79,10,24,44
41,48,53,10,8,48-49-47-51-46-50
42,7,37,10,4,45
43,34,12,10,18,45
lockers
node_idx,x,y,service_time,capacity,cost_per_unit_good
44,65,88,10,80
45,25,15,10,88
46,46,44,10,98
47,50,51,10,76
48,49,59,10,90
49,50,53,10,98
50,50,44,10,86
51,54,52,10,98
mrt lines
start_node_idx,end_node_idx,freight_capacity,cost_per_unit_good
44,45,88,0.5
45,44,88,0.5
distance matrix
,0,1,2,3,4,5,6,7,8,9,10,11,12,13,14,15,16,17,18,19,20,21,22,23,24,25,26,27,28,29,30,31,32,33,34,35,36,37,38,39,40,41,42,43,44,45,46,47,48,49,50,51,
0,0.0,88.53,33.24,30.27,40.11,64.2,34.41,80.26,49.82,26.91,9.43,78.43,45.12,29.61,36.12,84.48,21.02,53.25,58.01,41.76,99.09,56.85,42.15,39.2,34.41,51.0,60.8,89.27,44.05,56.4,20.62,32.2,14.87,67.27,22.8,88.26,29.15,29.41,69.29,30.08,73.82,37.16,31.78,59.46,54.78,54.13,40.0,39.81,36.14,39.0,43.27,43.08
1,88.53,0.0,55.32,110.64,61.74,61.2,55.47,26.93,57.87,95.27,87.42,93.21,77.47,67.08,63.53,79.06,75.0,97.16,65.01,75.61,14.04,33.54,84.4,49.5,91.42,40.82,31.62,1.0,64.85,32.65,72.4,56.57,91.27,72.0,89.89,43.27,61.29,81.15,90.2,63.01,78.26,56.8,74.71,40.26,86.37,49.73,49.93,54.13,61.85,55.95,47.89,53.49
2,33.24,55.32,0.0,57.25,25.61,45.19,6.4,49.04,30.02,44.28,32.65,71.42,39.96,18.97,23.32,69.35,24.19,57.94,41.88,38.48,65.95,24.19,43.08,7.07,44.28,21.02,28.64,56.08,32.02,23.71,19.24,4.47,37.34,55.32,38.33,60.3,9.22,33.38,63.78,15.81,61.03,14.21,30.81,32.14,52.15,31.38,9.0,14.76,19.21,15.81,13.0,18.79
3,30.27,110.64,57.25,0.0,70.01,69.46,55.46,96.26,59.55,17.2,25.32,70.11,44.72,43.83,66.01,82.71,51.24,40.0,62.27,71.81,119.04,77.18,37.7,64.2,26.0,77.62,79.88,111.51,74.24,80.78,38.48,57.97,19.92,97.49,21.26,99.2,49.66,31.89,61.29,59.14,71.57,54.08,61.98,87.48,48.05,83.29,60.83,56.86,49.82,55.22,62.77,58.41
4,40.11,61.74,25.61,70.01,0.0,70.33,32.02,66.01,55.47,61.85,45.28,96.94,64.66,42.8,4.0,94.67,19.42,81.12,67.42,15.0,75.03,41.19,66.57,22.85,65.0,21.59,46.17,62.17,6.4,31.4,38.91,21.26,51.48,30.53,56.04,80.62,33.3,55.01,89.11,12.08,86.61,39.82,13.45,23.35,76.84,15.26,33.12,40.22,44.55,41.4,36.67,44.1
5,64.2,61.2,45.19,69.46,70.33,0.0,39.0,36.35,15.52,52.35,56.89,32.57,25.0,35.01,68.43,24.41,66.94,40.31,7.21,83.67,62.65,36.89,32.65,47.71,43.83,56.57,34.44,62.2,76.66,50.0,44.0,49.66,56.32,98.23,49.77,31.4,40.26,38.63,29.02,60.93,18.36,31.62,75.61,67.36,28.18,71.51,37.22,30.46,29.27,29.73,33.84,26.4
6,34.41,55.47,6.4,55.46,32.02,39.0,0.0,46.07,23.71,41.23,32.02,65.05,34.0,14.04,29.68,63.06,29.02,52.5,35.51,44.72,65.07,22.63,37.64,11.7,40.0,25.32,26.4,56.3,38.42,25.71,17.0,10.82,35.85,61.62,35.44,55.9,5.83,29.0,57.49,21.93,54.64,7.81,36.69,36.88,46.14,37.12,5.66,8.54,13.04,9.43,8.94,12.65
7,80.26,26.93,49.04,96.26,66.01,36.35,46.07,0.0,37.74,79.51,76.4,67.19,56.8,53.15,66.19,52.2,72.8,75.27,41.48,81.01,26.31,25.5,64.41,46.1,73.5,45.18,20.62,27.86,71.06,35.23,60.8,52.2,78.64,85.73,75.01,17.8,51.11,64.66,65.12,62.17,52.15,43.6,76.66,51.24,63.6,59.23,40.72,40.8,46.69,42.01,37.12,38.29
8,49.82,57.87,30.02,59.55,55.47,15.52,23.71,37.74,0.0,42.45,43.32,43.01,19.65,20.22,53.34,39.36,51.42,39.32,12.04,68.43,62.77,27.46,26.93,33.3,35.81,43.83,27.0,58.86,61.85,39.0,29.27,34.48,43.83,84.22,38.6,39.96,24.74,27.66,36.67,45.62,31.24,16.16,60.17,55.23,29.07,58.14,22.67,15.26,14.0,14.32,19.85,11.4
9,26.91,95.27,44.28,17.2,61.85,52.35,41.23,79.51,42.45,0.0,18.03,56.32,27.86,28.23,57.97,66.91,45.19,27.86,45.18,67.08,102.93,61.74,21.38,51.35,10.0,65.28,64.01,96.18,67.05,66.94,25.08,46.01,12.04,91.42,6.0,82.01,35.69,14.87,47.17,50.01,55.73,38.48,56.8,76.03,33.0,73.33,46.17,41.15,33.62,39.36,47.54,42.19
10,9.43,87.42,32.65,25.32,45.28,56.89,32.02,76.4,43.32,18.03,0.0,69.26,36.35,23.71,41.3,76.11,27.51,43.83,50.36,49.24,97.0,54.56,32.89,39.4,25.0,52.5,57.98,88.23,50.01,56.36,15.62,32.89,6.32,74.04,13.45,82.76,26.25,20.4,60.08,34.0,65.28,32.8,39.0,62.17,45.54,58.08,37.64,35.61,30.41,34.41,40.31,38.28
11,78.43,93.21,71.42,70.11,96.94,32.57,65.05,67.19,43.01,56.32,69.26,0.0,34.0,55.22,94.26,19.72,88.51,30.27,31.38,108.41,93.01,68.88,36.4,75.82,46.39,86.84,66.85,94.2,103.32,81.49,62.27,75.69,65.73,126.62,57.27,56.72,63.89,49.04,9.22,85.91,15.03,57.28,99.05,98.18,23.77,101.04,65.3,57.38,52.4,55.9,62.8,54.04
12,45.12,77.47,39.96,44.72,64.66,25.0,34.0,56.8,19.65,27.86,36.35,34.0,0.0,21.93,61.62,40.01,54.64,20.0,17.8,75.07,82.28,46.0,7.81,45.62,18.87,58.52,46.27,78.45,70.94,55.9,28.3,43.83,34.01,95.0,26.31,55.87,31.4,16.03,25.24,53.08,29.02,26.93,65.44,70.23,12.21,71.12,36.06,28.16,21.02,26.25,34.93,26.31
13,29.61,67.08,18.97,43.83,42.8,35.01,14.04,53.15,20.22,28.23,23.71,55.22,21.93,0.0,39.7,57.01,33.54,39.0,29.43,53.26,75.21,33.54,24.17,25.5,26.02,39.32,36.06,67.98,49.04,39.32,9.06,22.36,25.5,73.24,22.83,59.09,9.85,15.03,46.86,31.14,47.17,10.3,43.83,50.8,34.06,50.33,18.25,13.04,6.71,11.4,19.31,14.87
14,36.12,63.53,23.32,66.01,4.0,68.43,29.68,66.19,53.34,57.97,41.3,94.26,61.62,39.7,0.0,92.66,15.52,77.7,65.19,15.52,76.56,41.0,63.25,21.59,61.33,22.85,46.0,64.01,9.43,32.28,35.36,18.87,47.52,34.0,52.2,80.22,30.41,51.48,86.28,8.6,84.31,37.44,11.18,26.25,73.76,18.79,31.38,38.08,41.87,39.12,35.11,42.06
15,84.48,79.06,69.35,82.71,94.67,24.41,63.06,52.2,39.36,66.91,76.11,19.72,40.01,57.01,92.66,0.0,90.14,45.18,27.86,107.78,76.79,60.21,45.54,72.11,57.07,80.72,57.01,80.01,101.02,73.59,65.51,73.82,74.03,122.61,66.19,39.01,63.69,56.0,24.21,84.97,11.18,55.46,99.4,91.22,34.79,95.78,61.59,54.59,52.2,53.67,58.25,50.61
16,21.02,75.0,24.19,51.24,19.42,66.94,29.02,72.8,51.42,45.19,27.51,88.51,54.64,33.54,15.52,90.14,0.0,68.01,62.3,21.95,87.13,47.43,54.49,26.93,50.22,34.66,52.2,75.6,23.02,42.44,26.4,20.62,33.84,46.57,39.82,84.48,26.68,41.73,79.88,12.04,80.62,35.51,11.66,40.82,66.22,34.18,33.14,37.22,37.95,37.48,37.12,41.3
17,53.25,97.16,57.94,40.0,81.12,40.31,52.5,75.27,39.32,27.86,43.83,30.27,20.0,39.0,77.7,45.18,68.01,0.0,34.01,89.64,101.24,66.0,14.87,64.2,18.87,77.62,66.19,98.15,87.13,75.66,42.44,61.33,38.95,111.65,30.53,71.56,48.85,26.4,21.84,69.12,34.67,46.1,79.51,89.29,12.21,89.32,55.32,47.68,40.02,45.71,54.59,46.17
18,58.01,65.01,41.88,62.27,67.42,7.21,35.51,41.48,12.04,45.18,50.36,31.38,17.8,29.43,65.19,27.86,62.3,34.01,0.0,80.13,67.68,37.7,25.5,45.34,36.62,55.61,36.14,66.01,73.82,50.12,38.21,46.32,49.48,96.26,42.72,38.29,35.85,31.62,25.96,57.31,19.21,27.78,71.59,66.85,22.14,70.09,34.71,27.2,24.35,26.08,31.83,23.43
19,41.76,75.61,38.48,71.81,15.0,83.67,44.72,81.01,68.43,67.08,49.24,108.41,75.07,53.26,15.52,107.78,21.95,89.64,80.13,0.0,89.19,56.14,75.74,37.11,72.11,36.35,61.13,75.96,10.77,46.27,47.42,34.01,55.54,26.02,61.77,95.52,44.65,63.25,100.12,22.83,99.13,52.35,10.3,35.78,87.0,26.42,46.82,53.23,56.3,54.12,50.6,57.27
20,99.09,14.04,65.95,119.04,75.03,62.65,65.07,26.31,62.77,102.93,97.0,93.01,82.28,75.21,76.56,76.79,87.13,101.24,67.68,89.19,0.0,42.45,89.69,60.8,97.95,53.71,39.2,14.0,78.45,44.78,81.57,67.8,100.26,86.01,97.91,38.33,70.77,88.32,91.35,75.29,78.0,65.0,87.73,54.13,89.74,63.56,59.41,62.2,69.34,63.82,56.73,60.75
21,56.85,33.54,24.19,77.18,41.19,36.89,22.63,25.5,27.46,61.74,54.56,68.88,46.0,33.54,41.0,60.21,47.43,66.0,37.7,56.14,42.45,0.0,52.24,20.62,58.24,21.93,5.0,34.44,46.69,13.45,39.2,26.93,58.01,64.41,56.36,39.46,28.32,47.76,63.57,36.67,55.23,23.26,51.24,31.24,56.44,37.12,16.97,20.62,28.46,22.47,14.42,20.4
22,42.15,84.4,43.08,37.7,66.57,32.65,37.64,64.41,26.93,21.38,32.89,36.4,7.81,24.17,63.25,45.54,54.49,14.87,25.5,75.74,89.69,52.24,0.0,49.34,11.7,62.82,52.95,85.38,72.67,61.2,28.32,46.52,29.43,97.1,21.1,63.66,34.01,13.04,27.2,54.64,34.37,31.4,65.76,74.46,12.65,74.46,40.61,33.14,25.32,31.14,40.11,32.02
23,39.2,49.5,7.07,64.2,22.85,47.71,11.7,46.1,33.3,51.35,39.4,75.82,45.62,25.5,21.59,72.11,26.93,64.2,45.34,37.11,60.8,20.62,49.34,0.0,51.16,14.0,25.5,50.21,29.07,17.2,26.31,7.07,44.27,50.93,45.4,59.01,16.03,40.2,68.6,16.12,64.54,18.87,31.0,25.32,57.71,25.55,10.63,18.44,24.6,20.0,13.89,21.93
24,34.41,91.42,44.28,26.0,65.0,43.83,40.0,73.5,35.81,10.0,25.0,46.39,18.87,26.02,61.33,57.07,50.22,18.87,36.62,72.11,97.95,58.24,11.7,51.16,0.0,65.12,59.81,92.36,70.68,65.28,26.25,46.87,20.12,95.27,11.66,74.33,35.13,11.0,37.22,52.92,45.89,35.51,61.85,76.42,23.0,74.95,44.18,37.85,29.83,35.9,44.72,37.95
25,51.0,40.82,21.02,77.62,21.59,56.57,25.32,45.18,43.83,65.28,52.5,86.84,58.52,39.32,22.85,80.72,34.66,77.62,55.61,36.35,53.71,21.93,62.82,14.0,65.12,0.0,26.57,41.34,26.02,10.0,40.2,19.65,57.72,42.54,59.3,60.88,30.02,54.15,80.26,22.63,74.41,31.62,34.01,11.7,70.38,15.26,22.47,30.46,37.64,32.31,24.19,33.12
26,60.8,31.62,28.64,79.88,46.17,34.44,26.4,20.62,27.0,64.01,57.98,66.85,46.27,36.06,46.0,57.01,52.2,66.19,36.14,61.13,39.2,5.0,52.95,25.5,59.81,26.57,0.0,32.57,51.62,17.49,42.45,31.62,61.07,68.88,58.83,34.53,31.89,49.66,62.1,41.59,52.77,25.81,56.22,35.23,56.04,41.63,20.81,23.02,30.41,24.7,17.69,21.93
27,89.27,1.0,56.08,111.51,62.17,62.2,56.3,27.86,58.86,96.18,88.23,94.2,78.45,67.98,64.01,80.01,75.6,98.15,66.01,75.96,14.0,34.44,85.38,50.21,92.36,41.34,32.57,0.0,65.19,33.3,73.25,57.28,92.11,72.01,90.79,44.1,62.13,82.08,91.2,63.6,79.25,57.7,75.18,40.52,87.37,50.0,50.77,55.04,62.77,56.86,48.76,54.42
28,44.05,64.85,32.02,74.24,6.4,76.66,38.42,71.06,61.85,67.05,50.01,103.32,70.94,49.04,9.43,101.02,23.02,87.13,73.82,10.77,78.45,46.69,72.67,29.07,70.68,26.02,51.62,65.19,0.0,36.01,44.78,27.66,56.29,24.6,61.35,86.15,39.62,60.9,95.46,18.03,93.01,46.23,13.93,25.06,83.1,15.81,39.45,46.62,50.93,47.8,42.94,50.48
29,56.4,32.65,23.71,80.78,31.4,50.0,25.71,35.23,39.0,66.94,56.36,81.49,55.9,39.32,32.28,73.59,42.44,75.66,50.12,46.27,44.78,13.45,61.2,17.2,65.28,10.0,17.49,33.3,36.01,0.0,42.38,24.21,60.93,51.48,61.13,51.24,31.32,54.33,75.64,30.53,68.24,30.0,43.32,17.8,67.19,24.35,21.1,28.07,36.01,30.07,21.1,29.61
30,20.62,72.4,19.24,38.48,38.91,44.0,17.0,60.8,29.27,25.08,15.62,62.27,28.3,9.06,35.36,65.51,26.4,42.44,38.21,47.42,81.57,39.2,28.32,26.31,26.25,40.2,42.45,73.25,44.78,42.38,0.0,21.02,18.87,69.35,19.1,67.78,11.18,16.12,53.54,26.83,55.36,17.2,37.48,51.0,39.82,48.84,22.47,20.0,15.52,18.87,24.84,22.83
31,32.2,56.57,4.47,57.97,21.26,49.66,10.82,52.2,34.48,46.01,32.89,75.69,43.83,22.36,18.87,73.82,20.62,61.33,46.32,34.01,67.8,26.93,46.52,7.07,46.87,19.65,31.62,57.28,27.66,24.21,21.02,0.0,38.08,51.22,40.01,64.12,12.53,36.14,67.94,11.4,65.46,18.6,26.48,30.02,56.04,28.16,13.15,19.24,23.35,20.25,17.12,23.26
32,14.87,91.27,37.34,19.92,51.48,56.32,35.85,78.64,43.83,12.04,6.32,65.73,34.01,25.5,47.52,74.03,33.84,38.95,49.48,55.54,100.26,58.01,29.43,44.27,20.12,57.72,61.07,92.11,56.29,60.93,18.87,38.08,0.0,80.36,8.54,83.73,30.02,18.11,56.52,40.05,63.0,35.38,45.31,67.74,41.98,64.01,41.34,38.21,32.02,36.77,43.6,40.36
33,67.27,72.0,55.32,97.49,30.53,98.23,61.62,85.73,84.22,91.42,74.04,126.62,95.0,73.24,34.0,122.61,46.57,111.65,96.26,26.02,86.01,64.41,97.1,50.93,95.27,42.54,68.88,72.01,24.6,51.48,69.35,51.22,80.36,0.0,85.8,102.53,63.6,85.48,119.1,42.54,115.43,69.35,35.51,34.48,107.2,27.29,61.55,69.3,74.52,70.72,64.54,72.86
34,22.8,89.89,38.33,21.26,56.04,49.77,35.44,75.01,38.6,6.0,13.45,57.27,26.31,22.83,52.2,66.19,39.82,30.53,42.72,61.77,97.91,56.36,21.1,45.4,11.66,59.3,58.83,90.79,61.35,61.13,19.1,40.01,8.54,85.8,0.0,78.49,29.83,11.18,48.05,44.15,55.08,33.12,51.48,70.03,33.54,67.36,40.5,35.85,28.6,34.13,42.05,37.2
35,88.26,43.27,60.3,99.2,80.62,31.4,55.9,17.8,39.96,82.01,82.76,56.72,55.87,59.09,80.22,39.01,84.48,71.56,38.29,95.52,38.33,39.46,63.66,59.01,74.33,60.88,34.53,44.1,86.15,51.24,67.78,64.12,83.73,102.53,78.49,0.0,59.91,67.42,56.92,75.01,42.2,51.24,90.01,68.15,59.36,75.58,51.35,48.76,52.39,49.34,47.38,45.22
36,29.15,61.29,9.22,49.66,33.3,40.26,5.83,51.11,24.74,35.69,26.25,63.89,31.4,9.85,30.41,63.69,26.68,48.85,35.85,44.65,70.77,28.32,34.01,16.03,35.13,30.02,31.89,62.13,39.62,31.32,11.18,12.53,30.02,63.6,29.83,59.91,0.0,24.19,55.87,22.02,54.59,9.0,35.78,41.3,43.6,40.5,11.4,11.18,11.66,11.0,14.21,15.03
37,29.41,81.15,33.38,31.89,55.01,38.63,29.0,64.66,27.66,14.87,20.4,49.04,16.03,15.03,51.48,56.0,41.73,26.4,31.62,63.25,88.32,47.76,13.04,40.2,11.0,54.15,49.66,82.08,60.9,54.33,16.12,36.14,18.11,85.48,11.18,67.42,24.19,0.0,39.92,42.94,45.04,24.74,53.15,65.49,25.5,64.29,33.24,27.2,19.31,25.3,33.96,27.73
38,69.29,90.2,63.78,61.29,89.11,29.02,57.49,65.12,36.67,47.17,60.08,9.22,25.24,46.86,86.28,24.21,79.88,21.84,25.96,100.12,91.35,63.57,27.2,68.6,37.22,80.26,62.1,91.2,95.46,75.64,53.54,67.94,56.52,119.1,48.05,56.92,55.87,39.92,0.0,77.83,15.26,49.82,90.6,91.79,14.56,94.05,58.25,50.22,44.6,48.6,56.08,47.17
39,30.08,63.01,15.81,59.14,12.08,60.93,21.93,62.17,45.62,50.01,34.0,85.91,53.08,31.14,8.6,84.97,12.04,69.12,57.31,22.83,75.29,36.67,54.64,16.12,52.92,22.63,41.59,63.6,18.03,30.53,26.83,11.4,40.05,42.54,44.15,75.01,22.02,42.94,77.83,0.0,76.32,29.53,15.13,29.55,65.19,24.19,24.52,30.46,33.6,31.3,28.44,34.54
40,73.82,78.26,61.03,71.57,86.61,18.36,54.64,52.15,31.24,55.73,65.28,15.03,29.02,47.17,84.31,11.18,80.62,34.67,19.21,99.13,78.0,55.23,34.37,64.54,45.89,74.41,52.77,79.25,93.01,68.24,55.36,65.46,63.0,115.43,55.08,42.2,54.59,45.04,15.26,76.32,0.0,46.87,90.35,85.43,23.77,89.11,53.91,46.4,42.94,45.22,50.93,42.64
41,37.16,56.8,14.21,54.08,39.82,31.62,7.81,43.6,16.16,38.48,32.8,57.28,26.93,10.3,37.44,55.46,35.51,46.1,27.78,52.35,65.0,23.26,31.4,18.87,35.51,31.62,25.81,57.7,46.23,30.0,17.2,18.6,35.38,69.35,33.12,51.24,9.0,24.74,49.82,29.53,46.87,0.0,44.01,43.32,38.91,44.42,9.22,2.83,6.08,2.0,9.22,6.08
42,31.78,74.71,30.81,61.98,13.45,75.61,36.69,76.66,60.17,56.8,39.0,99.05,65.44,43.83,11.18,99.4,11.66,79.51,71.59,10.3,87.73,51.24,65.76,31.0,61.85,34.01,56.22,75.18,13.93,43.32,37.48,26.48,45.31,35.51,51.48,90.01,35.78,53.15,90.6,15.13,90.35,44.01,0.0,36.8,77.23,28.43,39.62,45.22,47.41,45.88,43.57,49.34
43,59.46,40.26,32.14,87.48,23.35,67.36,36.88,51.24,55.23,76.03,62.17,98.18,70.23,50.8,26.25,91.22,40.82,89.29,66.85,35.78,54.13,31.24,74.46,25.32,76.42,11.7,35.23,40.52,25.06,17.8,51.0,30.02,67.74,34.48,70.03,68.15,41.3,65.49,91.79,29.55,85.43,43.32,36.8,0.0,82.08,9.49,34.18,42.15,49.34,44.01,35.78,44.72
44,54.78,86.37,52.15,48.05,76.84,28.18,46.14,63.6,29.07,33.0,45.54,23.77,12.21,34.06,73.76,34.79,66.22,12.21,22.14,87.0,89.74,56.44,12.65,57.71,23.0,70.38,56.04,87.37,83.1,67.19,39.82,56.04,41.98,107.2,33.54,59.36,43.6,25.5,14.56,65.19,23.77,38.91,77.23,82.08,0.0,83.24,47.93,39.92,33.12,38.08,46.49,37.64
45,54.13,49.73,31.38,83.29,15.26,71.51,37.12,59.23,58.14,73.33,58.08,101.04,71.12,50.33,18.79,95.78,34.18,89.32,70.09,26.42,63.56,37.12,74.46,25.55,74.95,15.26,41.63,50.0,15.81,24.35,48.84,28.16,64.01,27.29,67.36,75.58,40.5,64.29,94.05,24.19,89.11,44.42,28.43,9.49,83.24,0.0,35.81,43.83,50.12,45.49,38.29,47.01
46,40.0,49.93,9.0,60.83,33.12,37.22,5.66,40.72,22.67,46.17,37.64,65.3,36.06,18.25,31.38,61.59,33.14,55.32,34.71,46.82,59.41,16.97,40.61,10.63,44.18,22.47,20.81,50.77,39.45,21.1,22.47,13.15,41.34,61.55,40.5,51.35,11.4,33.24,58.25,24.52,53.91,9.22,39.62,34.18,47.93,35.81,0.0,8.06,15.3,9.85,4.0,11.31
47,39.81,54.13,14.76,56.86,40.22,30.46,8.54,40.8,15.26,41.15,35.61,57.38,28.16,13.04,38.08,54.59,37.22,47.68,27.2,53.23,62.2,20.62,33.14,18.44,37.85,30.46,23.02,55.04,46.62,28.07,20.0,19.24,38.21,69.3,35.85,48.76,11.18,27.2,50.22,30.46,46.4,2.83,45.22,42.15,39.92,43.83,8.06,0.0,8.06,2.0,7.0,4.12
48,36.14,61.85,19.21,49.82,44.55,29.27,13.04,46.69,14.0,33.62,30.41,52.4,21.02,6.71,41.87,52.2,37.95,40.02,24.35,56.3,69.34,28.46,25.32,24.6,29.83,37.64,30.41,62.77,50.93,36.01,15.52,23.35,32.02,74.52,28.6,52.39,11.66,19.31,44.6,33.6,42.94,6.08,47.41,49.34,33.12,50.12,15.3,8.06,0.0,6.08,15.03,8.6
49,39.0,55.95,15.81,55.22,41.4,29.73,9.43,42.01,14.32,39.36,34.41,55.9,26.25,11.4,39.12,53.67,37.48,45.71,26.08,54.12,63.82,22.47,31.14,20.0,35.9,32.31,24.7,56.86,47.8,30.07,18.87,20.25,36.77,70.72,34.13,49.34,11.0,25.3,48.6,31.3,45.22,2.0,45.88,44.01,38.08,45.49,9.85,2.0,6.08,0.0,9.0,4.12
50,43.27,47.89,13.0,62.77,36.67,33.84,8.94,37.12,19.85,47.54,40.31,62.8,34.93,19.31,35.11,58.25,37.12,54.59,31.83,50.6,56.73,14.42,40.11,13.89,44.72,24.19,17.69,48.76,42.94,21.1,24.84,17.12,43.6,64.54,42.05,47.38,14.21,33.96,56.08,28.44,50.93,9.22,43.57,35.78,46.49,38.29,4.0,7.0,15.03,9.0,0.0,8.94
51,43.08,53.49,18.79,58.41,44.1,26.4,12.65,38.29,11.4,42.19,38.28,54.04,26.31,14.87,42.06,50.61,41.3,46.17,23.43,57.27,60.75,20.4,32.02,21.93,37.95,33.12,21.93,54.42,50.48,29.61,22.83,23.26,40.36,72.86,37.2,45.22,15.03,27.73,47.17,34.54,42.64,6.08,49.34,44.72,37.64,47.01,11.31,4.12,8.6,4.12,8.94,0.0
