set K:= 1	2	3	4	5	6;
set C_H:= 1	2	3	4	5	6	7	8	9	10	11	12	13	14	15	16	17	18	19	20	21	22	23	24	25	26	27;
set C_S:= 28	29	30	31	32	33	34	35	36	37	38	39	40;
set C_F:= 41	42	43	44;
set M:= 45	46	47	48	49	50;
set L_B:= 51	52	53	54	55	56;
set A1:=
(0,*) 1 2 3 4 5 6 7 8 9 10 11 12 13 14 15 16 17 18 19 20 21 22 23 24 25 26 27 41 42 43 44 45 46 47 48 49 50 51 52 53 54 55 56
(1,*) 0 2 3 4 5 6 7 8 9 10 11 12 13 14 15 16 17 18 19 20 21 22 23 24 25 26 27 41 42 43 44 45 46 47 48 49 50 51 52 53 54 55 56
(2,*) 0 1 3 4 5 6 7 8 9 10 11 12 13 14 15 16 17 18 19 20 21 22 23 24 25 26 27 41 42 43 44 45 46 47 48 49 50 51 52 53 54 55 56
(3,*) 0 1 2 4 5 6 7 8 9 10 11 12 13 14 15 16 17 18 19 20 21 22 23 24 25 26 27 41 42 43 44 45 46 47 48 49 50 51 52 53 54 55 56
(4,*) 0 1 2 3 5 6 7 8 9 10 11 12 13 14 15 16 17 18 19 20 21 22 23 24 25 26 27 41 42 43 44 45 46 47 48 49 50 51 52 53 54 55 56
(5,*) 0 1 2 3 4 6 7 8 9 10 11 12 13 14 15 16 17 18 19 20 21 22 23 24 25 26 27 41 42 43 44 45 46 47 48 49 50 51 52 53 54 55 56
(6,*) 0 1 2 3 4 5 7 8 9 10 11 12 13 14 15 16 17 18 19 20 21 22 23 24 25 26 27 41 42 43 44 45 46 47 48 49 50 51 52 53 54 55 56
(7,*) 0 1 2 3 4 5 6 8 9 10 11 12 13 14 15 16 17 18 19 20 21 22 23 24 25 26 27 41 42 43 44 45 46 47 48 49 50 51 52 53 54 55 56
(8,*) 0 1 2 3 4 5 6 7 9 10 11 12 13 14 15 16 17 18 19 20 21 22 23 24 25 26 27 41 42 43 44 45 46 47 48 49 50 51 52 53 54 55 56
(9,*) 0 1 2 3 4 5 6 7 8 10 11 12 13 14 15 16 17 18 19 20 21 22 23 24 25 26 27 41 42 43 44 45 46 47 48 49 50 51 52 53 54 55 56
(10,*) 0 1 2 3 4 5 6 7 8 9 11 12 13 14 15 16 17 18 19 20 21 22 23 24 25 26 27 41 42 43 44 45 46 47 48 49 50 51 52 53 54 55 56
(11,*) 0 1 2 3 4 5 6 7 8 9 10 12 13 14 15 16 17 18 19 20 21 22 23 24 25 26 27 41 42 43 44 45 46 47 48 49 50 51 52 53 54 55 56
(12,*) 0 1 2 3 4 5 6 7 8 9 10 11 13 14 15 16 17 18 19 20 21 22 23 24 25 26 27 41 42 43 44 45 46 47 48 49 50 51 52 53 54 55 56
(13,*) 0 1 2 3 4 5 6 7 8 9 10 11 12 14 15 16 17 18 19 20 21 22 23 24 25 26 27 41 42 43 44 45 46 47 48 49 50 51 52 53 54 55 56
(14,*) 0 1 2 3 4 5 6 7 8 9 10 11 12 13 15 16 17 18 19 20 21 22 23 24 25 26 27 41 42 43 44 45 46 47 48 49 50 51 52 53 54 55 56
(15,*) 0 1 2 3 4 5 6 7 8 9 10 11 12 13 14 16 17 18 19 20 21 22 23 24 25 26 27 41 42 43 44 45 46 47 48 49 50 51 52 53 54 55 56
(16,*) 0 1 2 3 4 5 6 7 8 9 10 11 12 13 14 15 17 18 19 20 21 22 23 24 25 26 27 41 42 43 44 45 46 47 48 49 50 51 52 53 54 55 56
(17,*) 0 1 2 3 4 5 6 7 8 9 10 11 12 13 14 15 16 18 19 20 21 22 23 24 25 26 27 41 42 43 44 45 46 47 48 49 50 51 52 53 54 55 56
(18,*) 0 1 2 3 4 5 6 7 8 9 10 11 12 13 14 15 16 17 19 20 21 22 23 24 25 26 27 41 42 43 44 45 46 47 48 49 50 51 52 53 54 55 56
(19,*) 0 1 2 3 4 5 6 7 8 9 10 11 12 13 14 15 16 17 18 20 21 22 23 24 25 26 27 41 42 43 44 45 46 47 48 49 50 51 52 53 54 55 56
(20,*) 0 1 2 3 4 5 6 7 8 9 10 11 12 13 14 15 16 17 18 19 21 22 23 24 25 26 27 41 42 43 44 45 46 47 48 49 50 51 52 53 54 55 56
(21,*) 0 1 2 3 4 5 6 7 8 9 10 11 12 13 14 15 16 17 18 19 20 22 23 24 25 26 27 41 42 43 44 45 46 47 48 49 50 51 52 53 54 55 56
(22,*) 0 1 2 3 4 5 6 7 8 9 10 11 12 13 14 15 16 17 18 19 20 21 23 24 25 26 27 41 42 43 44 45 46 47 48 49 50 51 52 53 54 55 56
(23,*) 0 1 2 3 4 5 6 7 8 9 10 11 12 13 14 15 16 17 18 19 20 21 22 24 25 26 27 41 42 43 44 45 46 47 48 49 50 51 52 53 54 55 56
(24,*) 0 1 2 3 4 5 6 7 8 9 10 11 12 13 14 15 16 17 18 19 20 21 22 23 25 26 27 41 42 43 44 45 46 47 48 49 50 51 52 53 54 55 56
(25,*) 0 1 2 3 4 5 6 7 8 9 10 11 12 13 14 15 16 17 18 19 20 21 22 23 24 26 27 41 42 43 44 45 46 47 48 49 50 51 52 53 54 55 56
(26,*) 0 1 2 3 4 5 6 7 8 9 10 11 12 13 14 15 16 17 18 19 20 21 22 23 24 25 27 41 42 43 44 45 46 47 48 49 50 51 52 53 54 55 56
(27,*) 0 1 2 3 4 5 6 7 8 9 10 11 12 13 14 15 16 17 18 19 20 21 22 23 24 25 26 41 42 43 44 45 46 47 48 49 50 51 52 53 54 55 56
(41,*) 0 1 2 3 4 5 6 7 8 9 10 11 12 13 14 15 16 17 18 19 20 21 22 23 24 25 26 27 42 43 44 45 46 47 48 49 50 51 52 53 54 55 56
(42,*) 0 1 2 3 4 5 6 7 8 9 10 11 12 13 14 15 16 17 18 19 20 21 22 23 24 25 26 27 41 43 44 45 46 47 48 49 50 51 52 53 54 55 56
(43,*) 0 1 2 3 4 5 6 7 8 9 10 11 12 13 14 15 16 17 18 19 20 21 22 23 24 25 26 27 41 42 44 45 46 47 48 49 50 51 52 53 54 55 56
(44,*) 0 1 2 3 4 5 6 7 8 9 10 11 12 13 14 15 16 17 18 19 20 21 22 23 24 25 26 27 41 42 43 45 46 47 48 49 50 51 52 53 54 55 56
(45,*) 0 1 2 3 4 5 6 7 8 9 10 11 12 13 14 15 16 17 18 19 20 21 22 23 24 25 26 27 41 42 43 44 46 47 48 49 50 51 52 53 54 55 56
(46,*) 0 1 2 3 4 5 6 7 8 9 10 11 12 13 14 15 16 17 18 19 20 21 22 23 24 25 26 27 41 42 43 44 45 47 48 49 50 51 52 53 54 55 56
(47,*) 0 1 2 3 4 5 6 7 8 9 10 11 12 13 14 15 16 17 18 19 20 21 22 23 24 25 26 27 41 42 43 44 45 46 48 49 50 51 52 53 54 55 56
(48,*) 0 1 2 3 4 5 6 7 8 9 10 11 12 13 14 15 16 17 18 19 20 21 22 23 24 25 26 27 41 42 43 44 45 46 47 49 50 51 52 53 54 55 56
(49,*) 0 1 2 3 4 5 6 7 8 9 10 11 12 13 14 15 16 17 18 19 20 21 22 23 24 25 26 27 41 42 43 44 45 46 47 48 50 51 52 53 54 55 56
(50,*) 0 1 2 3 4 5 6 7 8 9 10 11 12 13 14 15 16 17 18 19 20 21 22 23 24 25 26 27 41 42 43 44 45 46 47 48 49 51 52 53 54 55 56
(51,*) 0 1 2 3 4 5 6 7 8 9 10 11 12 13 14 15 16 17 18 19 20 21 22 23 24 25 26 27 41 42 43 44 45 46 47 48 49 50 52 53 54 55 56
(52,*) 0 1 2 3 4 5 6 7 8 9 10 11 12 13 14 15 16 17 18 19 20 21 22 23 24 25 26 27 41 42 43 44 45 46 47 48 49 50 51 53 54 55 56
(53,*) 0 1 2 3 4 5 6 7 8 9 10 11 12 13 14 15 16 17 18 19 20 21 22 23 24 25 26 27 41 42 43 44 45 46 47 48 49 50 51 52 54 55 56
(54,*) 0 1 2 3 4 5 6 7 8 9 10 11 12 13 14 15 16 17 18 19 20 21 22 23 24 25 26 27 41 42 43 44 45 46 47 48 49 50 51 52 53 55 56
(55,*) 0 1 2 3 4 5 6 7 8 9 10 11 12 13 14 15 16 17 18 19 20 21 22 23 24 25 26 27 41 42 43 44 45 46 47 48 49 50 51 52 53 54 56
(56,*) 0 1 2 3 4 5 6 7 8 9 10 11 12 13 14 15 16 17 18 19 20 21 22 23 24 25 26 27 41 42 43 44 45 46 47 48 49 50 51 52 53 54 55
;
set A2:=
(45,*) 46
(46,*) 45
(47,*) 48
(48,*) 47
(49,*) 50
(50,*) 49
;
param BigM:=99999;
param n:= 6;
param d:=
1	19
2	12
3	20
4	17
5	8
6	14
7	2
8	8
9	5
10	22
11	14
12	15
13	2
14	24
15	20
16	6
17	13
18	24
19	8
20	22
21	17
22	22
23	8
24	5
25	3
26	18
27	12
28	6
29	7
30	23
31	21
32	10
33	6
34	21
35	11
36	16
37	11
38	11
39	17
40	23
41	2
42	17
43	10
44	21
;
param Q:=100;
param w:=
[45,*] 46 1
[46,*] 45 1
[47,*] 48 1
[48,*] 47 1
[49,*] 50 1
[50,*] 49 1
;
param V:=
[45,*] 46 83
[46,*] 45 83
[47,*] 48 92
[48,*] 47 92
[49,*] 50 80
[50,*] 49 80
;
param f:=
45	100
46	100
47	100
48	100
49	100
50	100
51	100
52	100
53	100
54	100
55	100
56	100
;
param e:
	45	46	47	48	49	50	51	52	53	54	55	56:=
28	1	0	0	0	0	1	0	0	0	0	0	0	
29	0	0	1	0	1	0	0	0	0	1	0	0	
30	0	0	0	0	1	0	0	1	0	1	0	1	
31	0	0	0	1	0	0	1	0	0	0	1	0	
32	0	1	1	0	1	0	0	0	0	0	1	0	
33	0	1	0	1	0	0	1	0	1	0	1	1	
34	0	0	1	0	0	0	1	0	1	1	1	1	
35	0	0	0	1	0	0	0	0	0	0	0	0	
36	0	1	0	0	0	0	0	0	1	0	0	0	
37	1	0	0	0	0	1	0	1	0	0	0	0	
38	0	0	0	1	0	0	1	0	0	0	0	0	
39	0	1	1	0	0	0	0	0	1	0	1	0	
40	0	0	0	1	0	0	0	0	0	0	0	0	
41	0	1	1	0	1	0	0	0	0	0	1	0	
42	0	0	1	0	1	0	0	0	0	1	1	1	
43	1	0	0	0	0	1	0	1	0	0	0	0	
44	0	0	0	1	0	0	1	0	1	0	0	0	
;
param p:=
1	1
2	1
3	1
4	1
5	1
6	1
;
param G:=
45	81
46	83
47	92
48	79
49	74
50	80
51	97
52	94
53	74
54	86
55	79
56	96
;
param s:=
0	0
1	15
2	15
3	15
4	15
5	15
6	15
7	15
8	15
9	15
10	15
11	15
12	15
13	15
14	15
15	15
16	15
17	15
18	15
19	15
20	15
21	15
22	15
23	15
24	15
25	15
26	15
27	15
41	15
42	15
43	15
44	15
45	10
46	10
47	10
48	10
49	10
50	10
51	10
52	10
53	10
54	10
55	10
56	10
;
param t:
	0	1	2	3	4	5	6	7	8	9	10	11	12	13	14	15	16	17	18	19	20	21	22	23	24	25	26	27	28	29	30	31	32	33	34	35	36	37	38	39	40	41	42	43	44	45	46	47	48	49	50	51	52	53	54	55	56:=
0	0.0	20.88	66.6	66.91	30.23	28.6	82.07	18.68	69.66	60.41	43.83	19.7	56.22	65.0	54.2	45.61	9.06	43.08	30.15	34.83	25.3	66.71	47.8	67.36	86.45	59.21	42.05	28.65	78.89	49.74	67.45	50.01	36.4	24.33	25.0	69.86	40.36	93.35	54.12	21.02	65.79	31.14	35.69	88.09	41.73	86.98	17.49	37.16	58.31	48.38	71.85	23.19	65.76	19.92	49.34	24.21	40.8
1	20.88	0.0	79.65	86.15	12.08	40.72	94.34	38.01	83.19	51.0	54.08	14.14	55.9	54.23	64.64	64.28	29.43	34.23	29.41	46.96	14.56	87.56	33.24	88.23	99.13	79.01	42.19	9.43	86.28	70.21	85.84	48.75	56.44	24.08	37.7	58.55	34.48	105.12	42.3	34.21	56.04	50.22	56.52	98.08	25.08	98.74	23.71	57.94	53.85	69.26	80.81	24.04	81.91	1.0	67.6	40.02	55.97
2	66.6	79.65	0.0	36.67	79.71	39.12	15.62	50.45	4.0	71.2	26.25	85.6	46.57	76.69	17.03	32.56	59.41	66.12	54.82	32.76	90.44	60.88	79.23	66.49	19.85	40.02	48.04	80.78	26.0	69.35	30.02	49.37	69.26	57.58	42.44	80.52	106.96	27.02	75.11	81.4	74.22	73.01	53.16	24.74	81.39	20.81	83.44	61.13	57.72	59.14	17.49	57.01	15.26	78.77	29.15	42.45	26.25
3	66.91	86.15	36.67	0.0	91.2	50.45	45.4	48.37	35.11	97.53	48.02	86.12	75.8	103.35	45.97	22.02	57.87	86.98	71.57	46.82	91.98	26.02	98.76	32.06	46.01	9.22	71.11	91.05	62.65	42.72	7.07	75.8	49.58	71.2	51.79	107.91	103.25	54.01	98.23	72.45	101.71	56.4	35.85	57.87	97.67	50.16	79.38	41.23	85.98	32.8	54.12	70.04	21.54	85.15	19.42	47.17	35.47
4	30.23	12.08	79.71	91.2	0.0	42.43	93.52	44.64	83.49	40.31	53.49	25.96	49.2	43.0	63.56	69.18	37.58	24.7	25.55	48.05	25.02	95.52	21.38	96.77	98.49	84.85	36.8	3.0	82.62	79.92	90.01	42.01	66.61	22.14	40.11	47.1	44.28	103.77	31.0	46.04	45.1	60.96	64.62	95.72	13.0	97.49	35.78	67.12	45.19	77.88	78.23	22.8	84.17	12.53	72.03	44.05	58.42
5	28.6	40.72	39.12	50.45	42.43	0.0	54.2	18.03	42.54	50.25	15.26	46.75	35.11	55.97	25.61	29.15	23.41	37.12	21.19	6.4	51.4	61.22	48.38	64.38	58.82	45.69	24.21	42.95	50.54	54.59	48.26	31.38	46.57	21.02	3.61	60.88	68.62	65.3	48.88	46.82	55.15	46.17	34.99	59.55	47.38	58.9	46.04	41.63	41.88	47.8	43.27	20.0	41.77	39.81	31.05	8.25	16.03
6	82.07	94.34	15.62	45.4	93.52	54.2	0.0	66.07	13.42	80.01	40.31	100.9	55.0	85.09	29.97	46.82	75.01	77.67	68.15	47.8	105.6	71.18	90.8	77.1	5.1	51.01	59.67	94.81	23.32	82.76	38.33	59.3	83.93	71.55	57.63	88.36	122.43	11.4	85.38	97.01	82.22	88.1	67.78	12.65	93.96	5.39	99.01	75.61	66.03	72.37	19.24	71.12	25.08	93.49	43.01	57.98	41.87
7	18.68	38.01	50.45	48.37	44.64	18.03	66.07	0.0	53.08	64.4	31.78	38.28	52.63	69.81	40.85	26.93	9.85	48.8	32.65	22.36	43.97	51.08	57.43	52.84	70.09	41.0	40.31	43.93	66.73	39.05	48.76	48.1	29.15	29.07	15.3	74.81	57.69	77.47	60.81	31.06	69.63	28.16	20.81	73.57	53.67	71.22	33.6	25.61	58.18	34.41	58.69	27.66	47.71	37.01	30.68	10.05	24.21
8	69.66	83.19	4.0	35.11	83.49	42.54	13.42	53.08	0.0	75.13	30.08	88.81	50.45	80.6	21.02	33.53	62.24	70.11	58.69	36.24	93.74	60.02	83.22	65.76	17.03	39.32	52.04	84.5	27.78	69.87	28.23	53.34	70.58	61.35	45.79	84.4	109.99	24.7	79.1	83.87	78.1	74.69	54.42	24.08	85.33	18.79	86.31	62.3	61.61	59.54	19.85	60.75	13.6	82.3	29.83	45.45	29.0
9	60.41	51.0	71.2	97.53	40.31	50.25	80.01	64.4	75.13	0.0	49.66	65.03	25.02	5.83	54.82	78.24	63.06	17.46	31.91	51.61	65.12	111.4	21.02	114.63	85.0	94.58	26.63	43.29	61.0	103.41	93.52	22.14	92.96	36.67	50.93	10.63	84.59	87.37	10.3	80.78	5.39	89.89	84.39	76.79	29.73	82.1	72.84	90.0	14.04	97.67	61.03	38.01	82.22	51.01	79.08	57.31	62.43
10	43.83	54.08	26.25	48.02	53.49	15.26	40.31	31.78	30.08	49.66	0.0	61.52	28.28	55.46	10.63	30.61	38.48	41.19	28.64	9.49	65.86	64.82	54.04	69.07	45.18	46.01	23.77	54.63	35.34	63.6	43.86	27.78	58.14	31.38	18.87	59.94	83.63	51.04	51.42	61.85	53.71	59.14	44.15	44.55	55.44	44.65	61.29	51.79	38.01	55.15	28.02	30.87	33.38	53.25	30.41	21.84	14.42
11	19.7	14.14	85.6	86.12	25.96	46.75	100.9	38.28	88.81	65.03	61.52	0.0	68.01	68.36	72.12	65.15	28.46	48.04	40.85	53.15	6.0	83.29	47.3	83.02	105.42	78.09	53.85	23.09	95.6	63.32	86.98	61.03	49.04	34.93	43.28	72.69	22.47	112.04	56.44	23.02	70.11	41.79	53.01	106.08	38.9	105.65	11.4	52.47	67.08	64.38	89.27	34.44	85.42	14.04	68.95	43.57	60.21
12	56.22	55.9	46.57	75.8	49.2	35.11	55.0	52.63	50.45	25.02	28.28	68.01	0.0	30.27	30.87	58.8	55.15	26.4	27.2	33.62	70.26	92.96	38.47	97.01	60.01	74.28	14.32	51.61	37.0	89.47	71.02	7.21	81.61	33.24	37.36	33.96	90.08	62.65	31.05	77.1	27.66	80.6	69.78	52.39	44.2	57.22	72.37	76.69	11.18	81.99	36.12	33.96	58.6	55.46	58.69	43.32	42.52
13	65.0	54.23	76.69	103.35	43.0	55.97	85.09	69.81	80.6	5.83	55.46	68.36	30.27	0.0	60.44	84.05	68.1	21.93	37.2	57.43	68.01	117.15	22.36	120.34	90.05	100.4	32.45	46.0	65.49	108.85	99.32	27.86	98.18	41.68	56.57	5.0	87.14	92.14	12.0	85.07	3.61	94.89	89.94	81.39	31.4	87.01	76.69	95.43	19.1	103.28	66.01	43.05	87.92	54.33	84.91	62.94	68.26
14	54.2	64.64	17.03	45.97	63.56	25.61	29.97	40.85	21.02	54.82	10.63	72.12	30.87	60.44	0.0	32.89	48.37	49.09	38.28	19.42	76.49	66.24	62.2	71.11	34.93	46.04	31.02	64.85	25.96	68.73	40.61	32.76	65.12	41.59	29.21	64.51	94.18	40.5	58.22	71.55	58.19	67.08	50.04	33.97	64.54	34.13	71.61	58.01	41.79	59.44	17.89	41.18	27.73	63.82	31.3	31.3	19.0
15	45.61	64.28	32.56	22.02	69.18	29.15	46.82	26.93	33.53	78.24	30.61	65.15	58.8	84.05	32.89	0.0	36.69	66.21	50.33	26.63	70.88	34.21	77.49	38.59	49.66	16.55	51.61	69.03	56.14	37.01	21.84	57.38	37.16	49.48	30.08	88.81	83.65	57.78	77.83	54.2	82.8	41.88	21.02	57.27	75.93	52.2	59.48	28.79	67.94	27.07	47.1	48.27	23.6	63.29	4.24	25.18	16.28
16	9.06	29.43	59.41	57.87	37.58	23.41	75.01	9.85	62.24	63.06	38.48	28.46	55.15	68.1	48.37	36.69	0.0	46.32	31.38	29.07	34.21	58.24	53.04	59.24	79.2	50.16	41.59	36.4	73.82	42.8	58.52	49.65	30.48	26.42	19.92	73.06	48.01	86.37	58.01	23.41	68.43	26.83	27.2	81.84	48.01	80.06	24.08	29.68	58.94	40.31	66.24	25.06	57.45	28.44	40.5	17.2	33.24
17	43.08	34.23	66.12	86.98	24.7	37.12	77.67	48.8	70.11	17.46	41.19	48.04	26.4	21.93	49.09	66.21	46.32	0.0	16.4	40.16	48.66	97.91	13.15	100.6	82.76	82.76	18.11	27.51	62.61	87.78	83.93	19.72	76.61	20.0	36.89	26.83	68.45	86.68	12.04	63.32	22.8	73.06	69.35	77.25	17.8	80.78	55.44	74.33	20.59	82.88	60.08	21.4	74.55	34.13	67.78	43.01	51.55
18	30.15	29.41	54.82	71.57	25.55	21.19	68.15	32.65	58.69	31.91	28.64	40.85	27.2	37.2	38.28	50.33	31.38	16.4	0.0	25.18	43.42	81.54	27.2	84.2	73.16	66.85	13.0	27.2	57.38	71.7	69.05	20.4	61.06	6.08	20.59	42.2	63.07	78.26	28.43	51.16	37.22	58.18	53.04	70.18	27.02	72.01	45.4	58.26	28.16	66.53	52.7	7.0	61.01	28.84	52.2	26.63	36.5
19	34.83	46.96	32.76	46.82	48.05	6.4	47.8	22.36	36.24	51.61	9.49	53.15	33.62	57.43	19.42	26.63	29.07	40.16	25.18	0.0	57.8	60.11	52.17	63.78	52.43	43.05	25.0	48.76	44.78	56.08	43.93	31.14	49.5	26.17	9.9	62.2	74.97	58.9	51.48	52.39	56.22	50.01	36.4	53.26	52.04	52.5	52.2	43.68	41.77	48.37	37.22	25.32	36.22	46.07	27.73	12.37	11.4
20	25.3	14.56	90.44	91.98	25.02	51.4	105.6	43.97	93.74	65.12	65.86	6.0	70.26	68.01	76.49	70.88	34.21	48.66	43.42	57.8	0.0	89.27	46.27	88.96	110.21	84.01	56.36	22.02	99.36	69.12	92.72	63.16	54.82	37.74	48.01	72.11	19.92	116.66	56.01	28.18	70.03	47.43	59.01	110.34	37.48	110.26	16.55	58.42	68.41	70.35	93.35	37.44	90.8	14.87	74.63	48.76	65.37
21	66.71	87.56	60.88	26.02	95.52	61.22	71.18	51.08	60.02	111.4	64.82	83.29	92.96	117.15	66.24	34.21	58.24	97.91	81.54	60.11	89.27	0.0	107.91	6.08	72.0	20.88	84.96	94.56	86.68	24.17	33.0	91.22	36.67	79.26	61.03	122.02	95.75	80.02	109.86	64.28	116.18	44.72	31.05	83.49	104.69	76.06	74.0	31.0	101.83	19.0	77.79	77.9	46.53	86.59	34.99	54.92	50.45
22	47.8	33.24	79.23	98.76	21.38	48.38	90.8	57.43	83.22	21.02	54.04	47.3	38.47	22.36	62.2	77.49	53.04	13.15	27.2	52.17	46.27	107.91	0.0	110.14	95.9	93.98	31.26	24.33	75.24	95.67	96.1	32.31	83.45	28.65	47.54	26.02	65.01	99.72	10.77	66.19	25.0	78.87	78.24	90.14	9.06	93.86	56.65	82.33	30.48	91.84	73.08	30.02	87.28	33.53	79.4	53.23	63.56
23	67.36	88.23	66.49	32.06	96.77	64.38	77.1	52.84	65.76	114.63	69.07	83.02	97.01	120.34	71.11	38.59	59.24	100.6	84.2	63.78	88.96	6.08	110.14	0.0	78.01	26.48	88.39	95.63	92.18	21.38	39.01	94.92	35.01	81.54	63.89	125.26	94.19	86.05	112.61	63.0	119.52	43.05	32.2	89.36	106.47	82.02	73.25	30.59	105.55	18.97	83.24	80.16	52.35	87.28	39.81	57.63	54.64
24	86.45	99.13	19.85	46.01	98.49	58.82	5.1	70.09	17.03	85.0	45.18	105.42	60.01	90.05	34.93	49.66	79.2	82.76	73.16	52.43	110.21	72.0	95.9	78.01	0.0	52.35	64.76	99.74	27.31	84.9	39.0	64.38	86.82	76.49	62.2	93.26	126.81	8.25	90.45	100.9	87.14	91.3	70.68	14.21	99.04	5.0	103.25	78.39	71.01	74.46	24.08	76.03	26.93	98.27	45.69	62.29	45.97
25	59.21	79.01	40.02	9.22	84.85	45.69	51.01	41.0	39.32	94.58	46.01	78.09	74.28	100.4	46.04	16.55	50.16	82.76	66.85	43.05	84.01	20.88	93.98	26.48	52.35	0.0	67.96	84.48	65.8	34.0	14.32	73.41	40.36	65.8	46.49	105.12	94.58	60.53	94.37	63.56	99.05	47.2	26.83	63.07	92.18	56.08	70.88	32.02	83.87	23.85	56.92	64.56	26.02	78.01	15.62	41.23	32.2
26	42.05	42.19	48.04	71.11	36.8	24.21	59.67	40.31	52.04	26.63	23.77	53.85	14.32	32.45	31.02	51.61	41.59	18.11	13.0	25.0	56.36	84.96	31.26	88.39	64.76	67.96	0.0	38.9	46.04	78.55	67.42	8.06	69.46	18.97	25.55	37.2	76.06	68.95	27.66	63.01	31.24	67.72	59.08	59.93	34.54	62.94	58.05	65.37	17.89	72.01	42.54	19.65	57.07	41.68	52.48	31.91	35.85
27	28.65	9.43	80.78	91.05	3.0	42.95	94.81	43.93	84.5	43.29	54.63	23.09	51.61	46.0	64.85	69.03	36.4	27.51	27.2	48.76	22.02	94.56	24.33	95.63	99.74	84.48	38.9	0.0	84.5	78.39	90.09	44.41	64.9	23.26	40.45	50.09	41.3	105.19	34.0	43.6	48.09	59.03	63.57	97.35	15.81	98.88	33.12	65.74	47.93	76.69	79.88	23.77	84.72	10.0	72.01	44.01	58.86
28	78.89	86.28	26.0	62.65	82.62	50.54	23.32	66.73	27.78	61.0	35.34	95.6	37.0	65.49	25.96	56.14	73.82	62.61	57.38	44.78	99.36	86.68	75.24	92.18	27.31	65.8	46.04	84.5	0.0	93.05	55.9	42.95	90.67	62.23	54.12	68.12	118.0	27.17	68.01	97.17	62.29	92.96	75.17	16.0	80.13	23.09	96.38	83.22	47.07	83.22	9.06	62.24	41.15	85.59	53.46	57.01	44.55
29	49.74	70.21	69.35	42.72	79.92	54.59	82.76	39.05	69.87	103.41	63.6	63.32	89.47	108.85	68.73	37.01	42.8	87.78	71.7	56.08	69.12	24.17	95.67	21.38	84.9	34.0	78.55	78.39	93.05	0.0	48.3	85.96	14.32	67.9	53.0	113.85	73.03	93.15	99.76	42.19	108.6	22.09	19.7	93.9	90.8	88.07	52.95	13.45	96.38	10.44	84.02	66.48	57.97	69.32	40.2	46.65	50.01
30	67.45	85.84	30.02	7.07	90.01	48.26	38.33	48.76	28.23	93.52	43.86	86.98	71.02	99.32	40.61	21.84	58.52	83.93	69.05	43.93	92.72	33.0	96.1	39.01	39.0	14.32	67.42	90.09	55.9	48.3	0.0	71.55	53.81	69.26	50.04	103.75	105.12	47.04	94.87	74.95	97.49	60.14	39.05	50.8	95.63	43.1	81.02	45.28	81.49	38.08	47.51	68.18	14.76	84.85	18.25	46.1	32.56
31	50.01	48.75	49.37	75.8	42.01	31.38	59.3	48.1	53.34	22.14	27.78	61.03	7.21	27.86	32.76	57.38	49.65	19.72	20.4	31.14	63.16	91.22	32.31	94.92	64.38	73.41	8.06	44.41	42.95	85.96	71.55	0.0	77.25	26.48	33.11	32.2	83.01	67.68	26.08	71.0	25.94	75.69	66.37	57.87	37.44	61.98	65.76	72.9	10.63	79.06	41.0	27.29	60.08	48.33	57.8	39.36	41.23
32	36.4	56.44	69.26	49.58	66.61	46.57	83.93	29.15	70.58	92.96	58.14	49.04	81.61	98.18	65.12	37.16	30.48	76.61	61.06	49.5	54.82	36.67	83.45	35.01	86.82	40.36	69.46	64.9	90.67	14.32	53.81	77.25	0.0	56.61	44.27	103.17	59.21	94.94	88.41	28.02	98.27	8.06	16.16	93.96	77.99	89.32	38.64	8.6	87.32	18.38	81.88	55.22	60.42	55.57	41.15	38.33	46.17
33	24.33	24.08	57.58	71.2	22.14	21.02	71.55	29.07	61.35	36.67	31.38	34.93	33.24	41.68	41.59	49.48	26.42	20.0	6.08	26.17	37.74	79.26	28.65	81.54	76.49	65.8	18.97	23.26	62.23	67.9	69.26	26.48	56.61	0.0	19.42	46.65	57.25	81.99	31.89	45.28	42.05	53.24	49.82	74.4	26.48	75.66	39.32	54.45	34.06	63.41	57.01	1.41	62.39	23.43	51.79	24.7	37.0
34	25.0	37.7	42.44	51.79	40.11	3.61	57.63	15.3	45.79	50.93	18.87	43.28	37.36	56.57	29.21	30.08	19.92	36.89	20.59	9.9	48.01	61.03	47.54	63.89	62.2	46.49	25.55	40.45	54.12	53.0	50.04	33.11	44.27	19.42	0.0	61.52	65.07	68.77	48.83	43.32	55.97	43.42	33.6	63.13	45.89	62.37	42.44	39.82	43.42	46.75	46.87	18.25	44.38	36.77	32.39	6.4	18.44
35	69.86	58.55	80.52	107.91	47.1	60.88	88.36	74.81	84.4	10.63	59.94	72.69	33.96	5.0	64.51	88.81	73.06	26.83	42.2	62.2	72.11	122.02	26.02	125.26	93.26	105.12	37.2	50.09	68.12	113.85	103.75	32.2	103.17	46.65	61.52	0.0	91.02	95.01	16.28	89.81	6.32	99.85	94.92	84.1	35.06	90.05	81.25	100.42	22.8	108.25	69.18	48.02	92.11	58.69	89.59	67.9	72.95
36	40.36	34.48	106.96	103.25	44.28	68.62	122.43	57.69	109.99	84.59	83.63	22.47	90.08	87.14	94.18	83.65	48.01	68.45	63.07	74.97	19.92	95.75	65.01	94.19	126.81	94.58	76.06	41.3	118.0	73.03	105.12	83.01	59.21	57.25	65.07	91.02	0.0	133.69	75.17	31.58	89.36	51.16	68.01	128.14	56.0	127.31	24.19	65.12	88.32	76.94	111.52	56.82	105.39	34.79	87.71	64.54	81.06
37	93.35	105.12	27.02	54.01	103.77	65.3	11.4	77.47	24.7	87.37	51.04	112.04	62.65	92.14	40.5	57.78	86.37	86.68	78.26	58.9	116.66	80.02	99.72	86.05	8.25	60.53	68.95	105.19	27.17	93.15	47.04	67.68	94.94	81.99	68.77	95.01	133.69	0.0	93.56	108.41	89.05	99.3	78.79	11.4	103.46	6.4	110.34	86.54	73.33	82.71	26.68	81.63	35.17	104.29	53.85	69.31	53.26
38	54.12	42.3	75.11	98.23	31.0	48.88	85.38	60.81	79.1	10.3	51.42	56.44	31.05	12.0	58.22	77.83	58.01	12.04	28.43	51.48	56.01	109.86	10.77	112.61	90.45	94.37	27.66	34.0	68.01	99.76	94.87	26.08	88.41	31.89	48.83	16.28	75.17	93.56	0.0	73.74	14.32	84.6	81.39	83.43	19.65	87.97	65.0	86.31	21.47	94.92	66.91	33.3	84.72	42.43	79.2	55.0	62.77
39	21.02	34.21	81.4	72.45	46.04	46.82	97.01	31.06	83.87	80.78	61.85	23.02	77.1	85.07	71.55	54.2	23.41	63.32	51.16	52.39	28.18	64.28	66.19	63.0	100.9	63.56	63.01	43.6	97.17	42.19	74.95	71.0	28.02	45.28	43.32	89.81	31.58	108.41	73.74	0.0	86.13	20.1	36.77	104.62	58.83	102.2	11.66	33.54	79.31	45.4	89.44	44.18	77.16	33.6	58.41	40.25	55.22
40	65.79	56.04	74.22	101.71	45.1	55.15	82.22	69.63	78.1	5.39	53.71	70.11	27.66	3.61	58.19	82.8	68.43	22.8	37.22	56.22	70.03	116.18	25.0	119.52	87.14	99.05	31.24	48.09	62.29	108.6	97.49	25.94	98.27	42.05	55.97	6.32	89.36	89.05	14.32	86.13	0.0	95.26	89.5	78.23	33.96	84.01	78.09	95.21	16.49	102.73	63.07	43.38	85.8	56.08	83.49	62.37	66.85
41	31.14	50.22	73.01	56.4	60.96	46.17	88.1	28.16	74.69	89.89	59.14	41.79	80.6	94.89	67.08	41.88	26.83	73.06	58.18	50.01	47.43	44.72	78.87	43.05	91.3	47.2	67.72	59.03	92.96	22.09	60.14	75.69	8.06	53.24	43.42	99.85	51.16	99.3	84.6	20.1	95.26	0.0	21.26	97.5	72.84	93.47	31.05	15.26	85.38	26.25	84.4	51.88	65.46	49.41	46.04	38.05	48.51
42	35.69	56.52	53.16	35.85	64.62	34.99	67.78	20.81	54.42	84.39	44.15	53.01	69.78	89.94	50.04	21.02	27.2	69.35	53.04	36.4	59.01	31.05	78.24	32.2	70.68	26.83	59.08	63.57	75.17	19.7	39.05	66.37	16.16	49.82	33.6	94.92	68.01	78.79	81.39	36.77	89.5	21.26	0.0	77.88	74.3	73.16	44.72	8.06	76.85	13.6	66.27	48.41	44.42	55.54	25.06	27.2	31.06
43	88.09	98.08	24.74	57.87	95.72	59.55	12.65	73.57	24.08	76.79	44.55	106.08	52.39	81.39	33.97	57.27	81.84	77.25	70.18	53.26	110.34	83.49	90.14	89.36	14.21	63.07	59.93	97.35	16.0	93.9	50.8	57.87	93.96	74.4	63.13	84.1	128.14	11.4	83.43	104.62	78.23	97.5	77.88	0.0	94.43	9.22	105.42	85.87	62.8	83.6	17.49	74.2	37.05	97.31	53.76	64.64	49.65
44	41.73	25.08	81.39	97.67	13.0	47.38	93.96	53.67	85.33	29.73	55.44	38.9	44.2	31.4	64.54	75.93	48.01	17.8	27.02	52.04	37.48	104.69	9.06	106.47	99.04	92.18	34.54	15.81	80.13	90.8	95.63	37.44	77.99	26.48	45.89	35.06	56.0	103.46	19.65	58.83	33.96	72.84	74.3	94.43	0.0	97.41	48.75	77.67	37.64	87.82	77.08	27.66	88.02	25.5	78.26	50.96	63.2
45	86.98	98.74	20.81	50.16	97.49	58.9	5.39	71.22	18.79	82.1	44.65	105.65	57.22	87.01	34.13	52.2	80.06	80.78	72.01	52.5	110.26	76.06	93.86	82.02	5.0	56.08	62.94	98.88	23.09	88.07	43.1	61.98	89.32	75.66	62.37	90.05	127.31	6.4	87.97	102.2	84.01	93.47	73.16	9.22	97.41	0.0	104.0	80.99	68.07	77.67	21.1	75.29	30.27	97.91	48.38	62.97	47.01
46	17.49	23.71	83.44	79.38	35.78	46.04	99.01	33.6	86.31	72.84	61.29	11.4	72.37	76.69	71.61	59.48	24.08	55.44	45.4	52.2	16.55	74.0	56.65	73.25	103.25	70.88	58.05	33.12	96.38	52.95	81.02	65.76	38.64	39.32	42.44	81.25	24.19	110.34	65.0	11.66	78.09	31.05	44.72	105.42	48.75	104.0	0.0	43.0	73.06	55.0	89.31	38.47	81.27	23.26	63.53	41.04	57.31
47	37.16	57.94	61.13	41.23	67.12	41.63	75.61	25.61	62.3	90.0	51.79	52.47	76.69	95.43	58.01	28.79	29.68	74.33	58.26	43.68	58.42	31.0	82.33	30.59	78.39	32.02	65.37	65.74	83.22	13.45	45.28	72.9	8.6	54.45	39.82	100.42	65.12	86.54	86.31	33.54	95.21	15.26	8.06	85.87	77.67	80.99	43.0	0.0	83.24	12.0	74.33	53.04	51.88	57.01	32.7	33.54	39.01
48	58.31	53.85	57.72	85.98	45.19	41.88	66.03	58.18	61.61	14.04	38.01	67.08	11.18	19.1	41.79	67.94	58.94	20.59	28.16	41.77	68.41	101.83	30.48	105.55	71.01	83.87	17.89	47.93	47.07	96.38	81.49	10.63	87.32	34.06	43.42	22.8	88.32	73.33	21.47	79.31	16.49	85.38	76.85	62.8	37.64	68.07	73.06	83.24	0.0	89.63	47.01	35.13	69.46	53.6	68.25	49.74	51.74
49	48.38	69.26	59.14	32.8	77.88	47.8	72.37	34.41	59.54	97.67	55.15	64.38	81.99	103.28	59.44	27.07	40.31	82.88	66.53	48.37	70.35	19.0	91.84	18.97	74.46	23.85	72.01	76.69	83.22	10.44	38.08	79.06	18.38	63.41	46.75	108.25	76.94	82.71	94.92	45.4	102.73	26.25	13.6	83.6	87.82	77.67	55.0	12.0	89.63	0.0	74.17	62.01	47.54	68.31	30.02	40.36	41.11
50	71.85	80.81	17.49	54.12	78.23	43.27	19.24	58.69	19.85	61.03	28.02	89.27	36.12	66.01	17.89	47.1	66.24	60.08	52.7	37.22	93.35	77.79	73.08	83.24	24.08	56.92	42.54	79.88	9.06	84.02	47.51	41.0	81.88	57.01	46.87	69.18	111.52	26.68	66.91	89.44	63.07	84.4	66.27	17.49	77.08	21.1	89.31	74.33	47.01	74.17	0.0	56.85	32.76	80.06	44.41	49.19	35.9
51	23.19	24.04	57.01	70.04	22.8	20.0	71.12	27.66	60.75	38.01	30.87	34.44	33.96	43.05	41.18	48.27	25.06	21.4	7.0	25.32	37.44	77.9	30.02	80.16	76.03	64.56	19.65	23.77	62.24	66.48	68.18	27.29	55.22	1.41	18.25	48.02	56.82	81.63	33.3	44.18	43.38	51.88	48.41	74.2	27.66	75.29	38.47	53.04	35.13	62.01	56.85	0.0	61.52	23.35	50.64	23.41	36.01
52	65.76	81.91	15.26	21.54	84.17	41.77	25.08	47.71	13.6	82.22	33.38	85.42	58.6	87.92	27.73	23.6	57.45	74.55	61.01	36.22	90.8	46.53	87.28	52.35	26.93	26.02	57.07	84.72	41.15	57.97	14.76	60.08	60.42	62.39	44.38	92.11	105.39	35.17	84.72	77.16	85.8	65.46	44.42	37.05	88.02	30.27	81.27	51.88	69.46	47.54	32.76	61.52	0.0	80.96	19.42	42.15	25.96
53	19.92	1.0	78.77	85.15	12.53	39.81	93.49	37.01	82.3	51.01	53.25	14.04	55.46	54.33	63.82	63.29	28.44	34.13	28.84	46.07	14.87	86.59	33.53	87.28	98.27	78.01	41.68	10.0	85.59	69.32	84.85	48.33	55.57	23.43	36.77	58.69	34.79	104.29	42.43	33.6	56.08	49.41	55.54	97.31	25.5	97.91	23.26	57.01	53.6	68.31	80.06	23.35	80.96	0.0	66.61	39.05	55.03
54	49.34	67.6	29.15	19.42	72.03	31.05	43.01	30.68	29.83	79.08	30.41	68.95	58.69	84.91	31.3	4.24	40.5	67.78	52.2	27.73	74.63	34.99	79.4	39.81	45.69	15.62	52.48	72.01	53.46	40.2	18.25	57.8	41.15	51.79	32.39	89.59	87.71	53.85	79.2	58.41	83.49	46.04	25.06	53.76	78.26	48.38	63.53	32.7	68.25	30.02	44.41	50.64	19.42	66.61	0.0	28.0	16.64
55	24.21	40.02	42.45	47.17	44.05	8.25	57.98	10.05	45.45	57.31	21.84	43.57	43.32	62.94	31.3	25.18	17.2	43.01	26.63	12.37	48.76	54.92	53.23	57.63	62.29	41.23	31.91	44.01	57.01	46.65	46.1	39.36	38.33	24.7	6.4	67.9	64.54	69.31	55.0	40.25	62.37	38.05	27.2	64.64	50.96	62.97	41.04	33.54	49.74	40.36	49.19	23.41	42.15	39.05	28.0	0.0	16.64
56	40.8	55.97	26.25	35.47	58.42	16.03	41.87	24.21	29.0	62.43	14.42	60.21	42.52	68.26	19.0	16.28	33.24	51.55	36.5	11.4	65.37	50.45	63.56	54.64	45.97	32.2	35.85	58.86	44.55	50.01	32.56	41.23	46.17	37.0	18.44	72.95	81.06	53.26	62.77	55.22	66.85	48.51	31.06	49.65	63.2	47.01	57.31	39.01	51.74	41.11	35.9	36.01	25.96	55.03	16.64	16.64	0.0
;
