vehicles
vehicle_idx, capacity, cost_per_unit_distance
1,100,1
2,100,1
3,100,1
4,100,1
5,100,1
6,100,1
depot
node_idx,x,y
0,31,73
home delivery customers
node_idx,x,y,service_time,demand
1,81,29,15,12
2,97,62,15,20
3,71,5,15,6
4,6,56,15,17
5,48,50,15,8
6,91,17,15,14
7,49,68,15,2
8,56,37,15,22
9,96,55,15,23
10,36,17,15,15
11,6,13,15,2
12,64,30,15,24
13,87,5,15,10
14,75,61,15,20
15,40,72,15,6
16,60,95,15,10
17,27,49,15,6
18,15,33,15,13
19,46,53,15,21
20,3,9,15,11
21,1,100,15,16
22,53,46,15,8
23,96,88,15,17
24,2,35,15,22
25,9,11,15,23
26,90,68,15,3
27,6,59,15,12
self pickup customers
node_idx,x,y,service_time,demand,locker_idxs
28,52,96,15,2,46-49
29,85,29,15,8,51-45-52-50
30,11,16,15,5,47
31,74,98,15,7,49
32,13,81,15,14,46-49-47
33,32,23,15,21,47-51
34,1,44,15,21,47
35,28,43,15,24,49-47-52-51
36,98,8,15,11,45
37,6,25,15,11,47
38,7,81,15,22,46-49-47
39,32,94,15,17,46-49-47
40,96,16,15,5,50-45
flexible customers
node_idx,x,y,service_time,demand,locker_idxs
41,11,67,15,19,46-47-49
42,66,80,15,17,50-52-51-49
43,95,94,15,8,48
44,33,31,15,18,52-51-47
lockers
node_idx,x,y,service_time,capacity,cost_per_unit_good
45,93,12,10,88,100
46,22,88,10,92,100
47,27,52,10,73,100
48,110,65,10,91,100
49,34,82,10,82,100
50,77,47,10,91,100
51,48,44,10,81,100
52,67,51,10,79,100
mrt lines
start_node_idx,end_node_idx,freight_capacity,cost_per_unit_good
45,46,92,1
46,45,92,1
distance matrix
,0,1,2,3,4,5,6,7,8,9,10,11,12,13,14,15,16,17,18,19,20,21,22,23,24,25,26,27,28,29,30,31,32,33,34,35,36,37,38,39,40,41,42,43,44,45,46,47,48,49,50,51,52,
0,0.0,66.6,66.91,78.89,30.23,28.6,82.07,18.68,43.83,67.45,56.22,65.0,54.2,88.09,45.61,9.06,36.4,24.33,43.08,25.0,69.86,40.36,34.83,66.71,47.8,65.79,59.21,28.65,31.14,69.66,60.41,49.74,19.7,50.01,41.73,30.15,93.35,54.12,25.3,21.02,86.45,20.88,35.69,67.36,42.05,86.98,17.49,21.38,79.4,9.49,52.84,33.62,42.19
1,66.6,0.0,36.67,26.0,79.71,39.12,15.62,50.45,26.25,30.02,46.57,76.69,17.03,24.74,32.56,59.41,69.26,57.58,66.12,42.44,80.52,106.96,32.76,60.88,79.23,74.22,40.02,80.78,73.01,4.0,71.2,69.35,85.6,49.37,81.39,54.82,27.02,75.11,90.44,81.4,19.85,79.65,53.16,66.49,48.04,20.81,83.44,58.69,46.23,70.84,18.44,36.25,26.08
2,66.91,36.67,0.0,62.65,91.2,50.45,45.4,48.37,48.02,7.07,75.8,103.35,45.97,57.87,22.02,57.87,49.58,71.2,86.98,51.79,107.91,103.25,46.82,26.02,98.76,101.71,9.22,91.05,56.4,35.11,97.53,42.72,86.12,75.8,97.67,71.57,54.01,98.23,91.98,72.45,46.01,86.15,35.85,32.06,71.11,50.16,79.38,70.71,13.34,66.1,25.0,52.2,31.95
3,78.89,26.0,62.65,0.0,82.62,50.54,23.32,66.73,35.34,55.9,37.0,65.49,25.96,16.0,56.14,73.82,90.67,62.23,62.61,54.12,68.12,118.0,44.78,86.68,75.24,62.29,65.8,84.5,92.96,27.78,61.0,93.05,95.6,42.95,80.13,57.38,27.17,68.01,99.36,97.17,27.31,86.28,75.17,92.18,46.04,23.09,96.38,64.38,71.56,85.43,42.43,45.28,46.17
4,30.23,79.71,91.2,82.62,0.0,42.43,93.52,44.64,53.49,90.01,49.2,43.0,63.56,95.72,69.18,37.58,66.61,22.14,24.7,40.11,47.1,44.28,48.05,95.52,21.38,45.1,84.85,3.0,60.96,83.49,40.31,79.92,25.96,42.01,13.0,25.55,103.77,31.0,25.02,46.04,98.49,12.08,64.62,96.77,36.8,97.49,35.78,21.38,104.39,38.21,71.57,43.68,61.2
5,28.6,39.12,50.45,50.54,42.43,0.0,54.2,18.03,15.26,48.26,35.11,55.97,25.61,59.55,29.15,23.41,46.57,21.02,37.12,3.61,60.88,68.62,6.4,61.22,48.38,55.15,45.69,42.95,46.17,42.54,50.25,54.59,46.75,31.38,47.38,21.19,65.3,48.88,51.4,46.82,58.82,40.72,34.99,64.38,24.21,58.9,46.04,21.1,63.79,34.93,29.15,6.0,19.03
6,82.07,15.62,45.4,23.32,93.52,54.2,0.0,66.07,40.31,38.33,55.0,85.09,29.97,12.65,46.82,75.01,83.93,71.55,77.67,57.63,88.36,122.43,47.8,71.18,90.8,82.22,51.01,94.81,88.1,13.42,80.01,82.76,100.9,59.3,93.96,68.15,11.4,85.38,105.6,97.01,5.1,94.34,67.78,77.1,59.67,5.39,99.01,72.95,51.62,86.45,33.11,50.77,41.62
7,18.68,50.45,48.37,66.73,44.64,18.03,66.07,0.0,31.78,48.76,52.63,69.81,40.85,73.57,26.93,9.85,29.15,29.07,48.8,15.3,74.81,57.69,22.36,51.08,57.43,69.63,41.0,43.93,28.16,53.08,64.4,39.05,38.28,48.1,53.67,32.65,77.47,60.81,43.97,31.06,70.09,38.01,20.81,52.84,40.31,71.22,33.6,27.2,61.07,20.52,35.0,24.02,24.76
8,43.83,26.25,48.02,35.34,53.49,15.26,40.31,31.78,0.0,43.86,28.28,55.46,10.63,44.55,30.61,38.48,58.14,31.38,41.19,18.87,59.94,83.63,9.49,64.82,54.04,53.71,46.01,54.63,59.14,30.08,49.66,63.6,61.52,27.78,55.44,28.64,51.04,51.42,65.86,61.85,45.18,54.08,44.15,69.07,23.77,44.65,61.29,32.65,60.83,50.09,23.26,10.63,17.8
9,67.45,30.02,7.07,55.9,90.01,48.26,38.33,48.76,43.86,0.0,71.02,99.32,40.61,50.8,21.84,58.52,53.81,69.26,83.93,50.04,103.75,105.12,43.93,33.0,96.1,97.49,14.32,90.09,60.14,28.23,93.52,48.3,86.98,71.55,95.63,69.05,47.04,94.87,92.72,74.95,39.0,85.84,39.05,39.01,67.42,43.1,81.02,69.07,17.2,67.62,20.62,49.24,29.27
10,56.22,46.57,75.8,37.0,49.2,35.11,55.0,52.63,28.28,71.02,0.0,30.27,30.87,52.39,58.8,55.15,81.61,33.24,26.4,37.36,33.96,90.08,33.62,92.96,38.47,27.66,74.28,51.61,80.6,50.45,25.02,89.47,68.01,7.21,44.2,27.2,62.65,31.05,70.26,77.1,60.01,55.9,69.78,97.01,14.32,57.22,72.37,36.14,88.2,65.03,50.8,29.55,46.01
11,65.0,76.69,103.35,65.49,43.0,55.97,85.09,69.81,55.46,99.32,30.27,0.0,60.44,81.39,84.05,68.1,98.18,41.68,21.93,56.57,5.0,87.14,57.43,117.15,22.36,3.61,100.4,46.0,94.89,80.6,5.83,108.85,68.36,27.86,31.4,37.2,92.14,12.0,68.01,85.07,90.05,54.23,89.94,120.34,32.45,87.01,76.69,44.29,116.28,74.46,78.72,52.2,71.87
12,54.2,17.03,45.97,25.96,63.56,25.61,29.97,40.85,10.63,40.61,30.87,60.44,0.0,33.97,32.89,48.37,65.12,41.59,49.09,29.21,64.51,94.18,19.42,66.24,62.2,58.19,46.04,64.85,67.08,21.02,54.82,68.73,72.12,32.76,64.54,38.28,40.5,58.22,76.49,71.55,34.93,64.64,50.04,71.11,31.02,34.13,71.61,43.05,57.8,60.03,21.4,21.26,21.21
13,88.09,24.74,57.87,16.0,95.72,59.55,12.65,73.57,44.55,50.8,52.39,81.39,33.97,0.0,57.27,81.84,93.96,74.4,77.25,63.13,84.1,128.14,53.26,83.49,90.14,78.23,63.07,97.35,97.5,24.08,76.79,93.9,106.08,57.87,94.43,70.18,11.4,83.43,110.34,104.62,14.21,98.08,77.88,89.36,59.93,9.22,105.42,76.22,64.26,93.48,43.17,55.15,50.16
14,45.61,32.56,22.02,56.14,69.18,29.15,46.82,26.93,30.61,21.84,58.8,84.05,32.89,57.27,0.0,36.69,37.16,49.48,66.21,30.08,88.81,83.65,26.63,34.21,77.49,82.8,16.55,69.03,41.88,33.53,78.24,37.01,65.15,57.38,75.93,50.33,57.78,77.83,70.88,54.2,49.66,64.28,21.02,38.59,51.61,52.2,59.48,48.84,35.23,46.07,14.14,31.91,12.81
15,9.06,59.41,57.87,73.82,37.58,23.41,75.01,9.85,38.48,58.52,55.15,68.1,48.37,81.84,36.69,0.0,30.48,26.42,46.32,19.92,73.06,48.01,29.07,58.24,53.04,68.43,50.16,36.4,26.83,62.24,63.06,42.8,28.46,49.65,48.01,31.38,86.37,58.01,34.21,23.41,79.2,29.43,27.2,59.24,41.59,80.06,24.08,23.85,70.35,11.66,44.65,29.12,34.21
16,36.4,69.26,49.58,90.67,66.61,46.57,83.93,29.15,58.14,53.81,81.61,98.18,65.12,93.96,37.16,30.48,0.0,56.61,76.61,44.27,103.17,59.21,49.5,36.67,83.45,98.27,40.36,64.9,8.06,70.58,92.96,14.32,49.04,77.25,77.99,61.06,94.94,88.41,54.82,28.02,86.82,56.44,16.16,35.01,69.46,89.32,38.64,54.2,58.31,29.07,50.92,52.39,44.55
17,24.33,57.58,71.2,62.23,22.14,21.02,71.55,29.07,31.38,69.26,33.24,41.68,41.59,74.4,49.48,26.42,56.61,0.0,20.0,19.42,46.65,57.25,26.17,79.26,28.65,42.05,65.8,23.26,53.24,61.35,36.67,67.9,34.93,26.48,26.48,6.08,81.99,31.89,37.74,45.28,76.49,24.08,49.82,81.54,18.97,75.66,39.32,3.0,84.53,33.73,50.04,21.59,40.05
18,43.08,66.12,86.98,62.61,24.7,37.12,77.67,48.8,41.19,83.93,26.4,21.93,49.09,77.25,66.21,46.32,76.61,20.0,0.0,36.89,26.83,68.45,40.16,97.91,13.15,22.8,82.76,27.51,73.06,70.11,17.46,87.78,48.04,19.72,17.8,16.4,86.68,12.04,48.66,63.32,82.76,34.23,69.35,100.6,18.11,80.78,55.44,22.47,100.24,52.55,63.56,34.79,55.03
19,25.0,42.44,51.79,54.12,40.11,3.61,57.63,15.3,18.87,50.04,37.36,56.57,29.21,63.13,30.08,19.92,44.27,19.42,36.89,0.0,61.52,65.07,9.9,61.03,47.54,55.97,46.49,40.45,43.42,45.79,50.93,53.0,43.28,33.11,45.89,20.59,68.77,48.83,48.01,43.32,62.2,37.7,33.6,63.89,25.55,62.37,42.44,19.03,65.12,31.38,31.58,9.22,21.1
20,69.86,80.52,107.91,68.12,47.1,60.88,88.36,74.81,59.94,103.75,33.96,5.0,64.51,84.1,88.81,73.06,103.17,46.65,26.83,61.52,0.0,91.02,62.2,122.02,26.02,6.32,105.12,50.09,99.85,84.4,10.63,113.85,72.69,32.2,35.06,42.2,95.01,16.28,72.11,89.81,93.26,58.55,94.92,125.26,37.2,90.05,81.25,49.24,120.77,79.31,83.19,57.01,76.55
21,40.36,106.96,103.25,118.0,44.28,68.62,122.43,57.69,83.63,105.12,90.08,87.14,94.18,128.14,83.65,48.01,59.21,57.25,68.45,65.07,91.02,0.0,74.97,95.75,65.01,89.36,94.58,41.3,51.16,109.99,84.59,73.03,22.47,83.01,56.0,63.07,133.69,75.17,19.92,31.58,126.81,34.48,68.01,94.19,76.06,127.31,24.19,54.59,114.48,37.59,92.66,73.11,82.2
22,34.83,32.76,46.82,44.78,48.05,6.4,47.8,22.36,9.49,43.93,33.62,57.43,19.42,53.26,26.63,29.07,49.5,26.17,40.16,9.9,62.2,74.97,0.0,60.11,52.17,56.22,43.05,48.76,50.01,36.24,51.61,56.08,53.15,31.14,52.04,25.18,58.9,51.48,57.8,52.39,52.43,46.96,36.4,63.78,25.0,52.5,52.2,26.68,60.08,40.71,24.02,5.39,14.87
23,66.71,60.88,26.02,86.68,95.52,61.22,71.18,51.08,64.82,33.0,92.96,117.15,66.24,83.49,34.21,58.24,36.67,79.26,97.91,61.03,122.02,95.75,60.11,0.0,107.91,116.18,20.88,94.56,44.72,60.02,111.4,24.17,83.29,91.22,104.69,81.54,80.02,109.86,89.27,64.28,72.0,87.56,31.05,6.08,84.96,76.06,74.0,77.83,26.93,62.29,45.19,65.12,47.01
24,47.8,79.23,98.76,75.24,21.38,48.38,90.8,57.43,54.04,96.1,38.47,22.36,62.2,90.14,77.49,53.04,83.45,28.65,13.15,47.54,26.02,65.01,52.17,107.91,0.0,25.0,93.98,24.33,78.87,83.22,21.02,95.67,47.3,32.31,9.06,27.2,99.72,10.77,46.27,66.19,95.9,33.24,78.24,110.14,31.26,93.86,56.65,30.23,112.09,56.86,75.95,46.87,66.94
25,65.79,74.22,101.71,62.29,45.1,55.15,82.22,69.63,53.71,97.49,27.66,3.61,58.19,78.23,82.8,68.43,98.27,42.05,22.8,55.97,6.32,89.36,56.22,116.18,25.0,0.0,99.05,48.09,95.26,78.1,5.39,108.6,70.11,25.94,33.96,37.22,89.05,14.32,70.03,86.13,87.14,56.04,89.5,119.52,31.24,84.01,78.09,44.78,114.53,75.27,76.94,51.09,70.46
26,59.21,40.02,9.22,65.8,84.85,45.69,51.01,41.0,46.01,14.32,74.28,100.4,46.04,63.07,16.55,50.16,40.36,65.8,82.76,46.49,105.12,94.58,43.05,20.88,93.98,99.05,0.0,84.48,47.2,39.32,94.58,34.0,78.09,73.41,92.18,66.85,60.53,94.37,84.01,63.56,52.35,79.01,26.83,26.48,67.96,56.08,70.88,65.0,20.22,57.72,24.7,48.37,28.6
27,28.65,80.78,91.05,84.5,3.0,42.95,94.81,43.93,54.63,90.09,51.61,46.0,64.85,97.35,69.03,36.4,64.9,23.26,27.51,40.45,50.09,41.3,48.76,94.56,24.33,48.09,84.48,0.0,59.03,84.5,43.29,78.39,23.09,44.41,15.81,27.2,105.19,34.0,22.02,43.6,99.74,9.43,63.57,95.63,38.9,98.88,33.12,22.14,104.17,36.24,72.01,44.6,61.52
28,31.14,73.01,56.4,92.96,60.96,46.17,88.1,28.16,59.14,60.14,80.6,94.89,67.08,97.5,41.88,26.83,8.06,53.24,73.06,43.42,99.85,51.16,50.01,44.72,78.87,95.26,47.2,59.03,0.0,74.69,89.89,22.09,41.79,75.69,72.84,58.18,99.3,84.6,47.43,20.1,91.3,50.22,21.26,43.05,67.72,93.47,31.05,50.61,65.76,22.8,55.01,52.15,47.43
29,69.66,4.0,35.11,27.78,83.49,42.54,13.42,53.08,30.08,28.23,50.45,80.6,21.02,24.08,33.53,62.24,70.58,61.35,70.11,45.79,84.4,109.99,36.24,60.02,83.22,78.1,39.32,84.5,74.69,0.0,75.13,69.87,88.81,53.34,85.33,58.69,24.7,79.1,93.74,83.87,17.03,83.19,54.42,65.76,52.04,18.79,86.31,62.39,43.83,73.55,19.7,39.92,28.43
30,60.41,71.2,97.53,61.0,40.31,50.25,80.01,64.4,49.66,93.52,25.02,5.83,54.82,76.79,78.24,63.06,92.96,36.67,17.46,50.93,10.63,84.59,51.61,111.4,21.02,5.39,94.58,43.29,89.89,75.13,0.0,103.41,65.03,22.14,29.73,31.91,87.37,10.3,65.12,80.78,85.0,51.0,84.39,114.63,26.63,82.1,72.84,39.4,110.46,69.89,72.92,46.4,66.04
31,49.74,69.35,42.72,93.05,79.92,54.59,82.76,39.05,63.6,48.3,89.47,108.85,68.73,93.9,37.01,42.8,14.32,67.9,87.78,53.0,113.85,73.03,56.08,24.17,95.67,108.6,34.0,78.39,22.09,69.87,103.41,0.0,63.32,85.96,90.8,71.7,93.15,99.76,69.12,42.19,84.9,70.21,19.7,21.38,78.55,88.07,52.95,65.76,48.84,43.08,51.09,59.93,47.52
32,19.7,85.6,86.12,95.6,25.96,46.75,100.9,38.28,61.52,86.98,68.01,68.36,72.12,106.08,65.15,28.46,49.04,34.93,48.04,43.28,72.69,22.47,53.15,83.29,47.3,70.11,78.09,23.09,41.79,88.81,65.03,63.32,0.0,61.03,38.9,40.85,112.04,56.44,6.0,23.02,105.42,14.14,53.01,83.02,53.85,105.65,11.4,32.2,98.31,21.02,72.47,50.93,61.77
33,50.01,49.37,75.8,42.95,42.01,31.38,59.3,48.1,27.78,71.55,7.21,27.86,32.76,57.87,57.38,49.65,77.25,26.48,19.72,33.11,32.2,83.01,31.14,91.22,32.31,25.94,73.41,44.41,75.69,53.34,22.14,85.96,61.03,0.0,37.44,20.4,67.68,26.08,63.16,71.0,64.38,48.75,66.37,94.92,8.06,61.98,65.76,29.43,88.59,59.03,51.0,26.4,44.82
34,41.73,81.39,97.67,80.13,13.0,47.38,93.96,53.67,55.44,95.63,44.2,31.4,64.54,94.43,75.93,48.01,77.99,26.48,17.8,45.89,35.06,56.0,52.04,104.69,9.06,33.96,92.18,15.81,72.84,85.33,29.73,90.8,38.9,37.44,0.0,27.02,103.46,19.65,37.48,58.83,99.04,25.08,74.3,106.47,34.54,97.41,48.75,27.2,111.0,50.33,76.06,47.0,66.37
35,30.15,54.82,71.57,57.38,25.55,21.19,68.15,32.65,28.64,69.05,27.2,37.2,38.28,70.18,50.33,31.38,61.06,6.08,16.4,20.59,42.2,63.07,25.18,81.54,27.2,37.22,66.85,27.2,58.18,58.69,31.91,71.7,40.85,20.4,27.02,0.0,78.26,28.43,43.42,51.16,73.16,29.41,53.04,84.2,13.0,72.01,45.4,9.06,84.9,39.46,49.16,20.02,39.81
36,93.35,27.02,54.01,27.17,103.77,65.3,11.4,77.47,51.04,47.04,62.65,92.14,40.5,11.4,57.78,86.37,94.94,81.99,86.68,68.77,95.01,133.69,58.9,80.02,99.72,89.05,60.53,105.19,99.3,24.7,87.37,93.15,112.04,67.68,103.46,78.26,0.0,93.56,116.66,108.41,8.25,105.12,78.79,86.05,68.95,6.4,110.34,83.53,58.25,97.84,44.29,61.61,53.01
37,54.12,75.11,98.23,68.01,31.0,48.88,85.38,60.81,51.42,94.87,31.05,12.0,58.22,83.43,77.83,58.01,88.41,31.89,12.04,48.83,16.28,75.17,51.48,109.86,10.77,14.32,94.37,34.0,84.6,79.1,10.3,99.76,56.44,26.08,19.65,28.43,93.56,0.0,56.01,73.74,90.45,42.3,81.39,112.61,27.66,87.97,65.0,34.21,111.43,63.51,74.33,46.1,66.31
38,25.3,90.44,91.98,99.36,25.02,51.4,105.6,43.97,65.86,92.72,70.26,68.01,76.49,110.34,70.88,34.21,54.82,37.74,48.66,48.01,72.11,19.92,57.8,89.27,46.27,70.03,84.01,22.02,47.43,93.74,65.12,69.12,6.0,63.16,37.48,43.42,116.66,56.01,0.0,28.18,110.21,14.56,59.01,88.96,56.36,110.26,16.55,35.23,104.24,27.02,77.82,55.23,67.08
39,21.02,81.4,72.45,97.17,46.04,46.82,97.01,31.06,61.85,74.95,77.1,85.07,71.55,104.62,54.2,23.41,28.02,45.28,63.32,43.32,89.81,31.58,52.39,64.28,66.19,86.13,63.56,43.6,20.1,83.87,80.78,42.19,23.02,71.0,58.83,51.16,108.41,73.74,28.18,0.0,100.9,34.21,36.77,63.0,63.01,102.2,11.66,42.3,83.22,12.17,65.07,52.5,55.44
40,86.45,19.85,46.01,27.31,98.49,58.82,5.1,70.09,45.18,39.0,60.01,90.05,34.93,14.21,49.66,79.2,86.82,76.49,82.76,62.2,93.26,126.81,52.43,72.0,95.9,87.14,52.35,99.74,91.3,17.03,85.0,84.9,105.42,64.38,99.04,73.16,8.25,90.45,110.21,100.9,0.0,99.13,70.68,78.01,64.76,5.0,103.25,77.83,50.96,90.55,36.36,55.57,45.45
41,20.88,79.65,86.15,86.28,12.08,40.72,94.34,38.01,54.08,85.84,55.9,54.23,64.64,98.08,64.28,29.43,56.44,24.08,34.23,37.7,58.55,34.48,46.96,87.56,33.24,56.04,79.01,9.43,50.22,83.19,51.0,70.21,14.14,48.75,25.08,29.41,105.12,42.3,14.56,34.21,99.13,0.0,56.52,88.23,42.19,98.74,23.71,21.93,99.02,27.46,68.96,43.57,58.24
42,35.69,53.16,35.85,75.17,64.62,34.99,67.78,20.81,44.15,39.05,69.78,89.94,50.04,77.88,21.02,27.2,16.16,49.82,69.35,33.6,94.92,68.01,36.4,31.05,78.24,89.5,26.83,63.57,21.26,54.42,84.39,19.7,53.01,66.37,74.3,53.04,78.79,81.39,59.01,36.77,70.68,56.52,0.0,32.2,59.08,73.16,44.72,48.01,46.49,32.06,34.79,40.25,29.02
43,67.36,66.49,32.06,92.18,96.77,64.38,77.1,52.84,69.07,39.01,97.01,120.34,71.11,89.36,38.59,59.24,35.01,81.54,100.6,63.89,125.26,94.19,63.78,6.08,110.14,119.52,26.48,95.63,43.05,65.76,114.63,21.38,83.02,94.92,106.47,84.2,86.05,112.61,88.96,63.0,78.01,88.23,32.2,0.0,88.39,82.02,73.25,79.92,32.65,62.17,50.33,68.62,51.31
44,42.05,48.04,71.11,46.04,36.8,24.21,59.67,40.31,23.77,67.42,14.32,32.45,31.02,59.93,51.61,41.59,69.46,18.97,18.11,25.55,37.2,76.06,25.0,84.96,31.26,31.24,67.96,38.9,67.72,52.04,26.63,78.55,53.85,8.06,34.54,13.0,68.95,27.66,56.36,63.01,64.76,42.19,59.08,88.39,0.0,62.94,58.05,21.84,84.17,51.01,46.82,19.85,39.45
45,86.98,20.81,50.16,23.09,97.49,58.9,5.39,71.22,44.65,43.1,57.22,87.01,34.13,9.22,52.2,80.06,89.32,75.66,80.78,62.37,90.05,127.31,52.5,76.06,93.86,84.01,56.08,98.88,93.47,18.79,82.1,88.07,105.65,61.98,97.41,72.01,6.4,87.97,110.26,102.2,5.0,98.74,73.16,82.02,62.94,0.0,104.0,77.18,55.66,91.55,38.48,55.22,46.87
46,17.49,83.44,79.38,96.38,35.78,46.04,99.01,33.6,61.29,81.02,72.37,76.69,71.61,105.42,59.48,24.08,38.64,39.32,55.44,42.44,81.25,24.19,52.2,74.0,56.65,78.09,70.88,33.12,31.05,86.31,72.84,52.95,11.4,65.76,48.75,45.4,110.34,65.0,16.55,11.66,103.25,23.71,44.72,73.25,58.05,104.0,0.0,36.35,90.96,13.42,68.6,51.11,58.26
47,21.38,58.69,70.71,64.38,21.38,21.1,72.95,27.2,32.65,69.07,36.14,44.29,43.05,76.22,48.84,23.85,54.2,3.0,22.47,19.03,49.24,54.59,26.68,77.83,30.23,44.78,65.0,22.14,50.61,62.39,39.4,65.76,32.2,29.43,27.2,9.06,83.53,34.21,35.23,42.3,77.83,21.93,48.01,79.92,21.84,77.18,36.35,0.0,84.01,30.81,50.25,22.47,40.01
48,79.4,46.23,13.34,71.56,104.39,63.79,51.62,61.07,60.83,17.2,88.2,116.28,57.8,64.26,35.23,70.35,58.31,84.53,100.24,65.12,120.77,114.48,60.08,26.93,112.09,114.53,20.22,104.17,65.76,43.83,110.46,48.84,98.31,88.59,111.0,84.9,58.25,111.43,104.24,83.22,50.96,99.02,46.49,32.65,84.17,55.66,90.96,84.01,0.0,77.88,37.59,65.46,45.22
49,9.49,70.84,66.1,85.43,38.21,34.93,86.45,20.52,50.09,67.62,65.03,74.46,60.03,93.48,46.07,11.66,29.07,33.73,52.55,31.38,79.31,37.59,40.71,62.29,56.86,75.27,57.72,36.24,22.8,73.55,69.89,43.08,21.02,59.03,50.33,39.46,97.84,63.51,27.02,12.17,90.55,27.46,32.06,62.17,51.01,91.55,13.42,30.81,77.88,0.0,55.44,40.5,45.28
50,52.84,18.44,25.0,42.43,71.57,29.15,33.11,35.0,23.26,20.62,50.8,78.72,21.4,43.17,14.14,44.65,50.92,50.04,63.56,31.58,83.19,92.66,24.02,45.19,75.95,76.94,24.7,72.01,55.01,19.7,72.92,51.09,72.47,51.0,76.06,49.16,44.29,74.33,77.82,65.07,36.36,68.96,34.79,50.33,46.82,38.48,68.6,50.25,37.59,55.44,0.0,29.15,10.77
51,33.62,36.25,52.2,45.28,43.68,6.0,50.77,24.02,10.63,49.24,29.55,52.2,21.26,55.15,31.91,29.12,52.39,21.59,34.79,9.22,57.01,73.11,5.39,65.12,46.87,51.09,48.37,44.6,52.15,39.92,46.4,59.93,50.93,26.4,47.0,20.02,61.61,46.1,55.23,52.5,55.57,43.57,40.25,68.62,19.85,55.22,51.11,22.47,65.46,40.5,29.15,0.0,20.25
52,42.19,26.08,31.95,46.17,61.2,19.03,41.62,24.76,17.8,29.27,46.01,71.87,21.21,50.16,12.81,34.21,44.55,40.05,55.03,21.1,76.55,82.2,14.87,47.01,66.94,70.46,28.6,61.52,47.43,28.43,66.04,47.52,61.77,44.82,66.37,39.81,53.01,66.31,67.08,55.44,45.45,58.24,29.02,51.31,39.45,46.87,58.26,40.01,45.22,45.28,10.77,20.25,0.0
