vehicles
vehicle_idx, capacity, cost_per_unit_distance
1,100,1
2,100,1
3,100,1
4,100,1
5,100,1
6,100,1
7,100,1
8,100,1
9,100,1
depot
node_idx,x,y
0,25,51
home delivery customers
node_idx,x,y,service_time,demand
1,1,67,15,20
2,9,23,15,10
3,75,7,15,18
4,15,97,15,26
5,9,19,15,2
6,33,97,15,12
7,27,83,15,11
8,83,79,15,12
9,17,59,15,23
10,47,19,15,7
11,57,9,15,1
12,55,25,15,10
13,21,91,15,9
14,21,13,15,22
15,67,1,15,21
16,25,21,15,16
17,45,29,15,14
18,35,11,15,12
19,9,77,15,18
20,61,87,15,5
21,59,91,15,19
22,9,45,15,6
23,93,21,15,14
24,83,71,15,13
25,31,69,15,24
26,77,17,15,25
27,63,57,15,2
28,11,69,15,14
29,7,9,15,2
30,37,65,15,13
31,75,83,15,10
32,15,53,15,6
33,69,5,15,6
34,5,19,15,21
35,49,31,15,20
36,77,17,15,24
37,15,7,15,4
38,91,39,15,19
39,3,65,15,14
self pickup customers
node_idx,x,y,service_time,demand,locker_idxs
40,35,7,15,12,72-69-75-68
41,53,95,15,16,67-76-70-74-66-77
42,51,81,15,7,74-66-71-67-77-70-76-73
43,51,55,15,9,72-69-73-75-76-67-70-77-71
44,79,5,15,17,65-72-69-75
45,39,1,15,11,72-68-69-75
46,47,1,15,9,72-68-69-75
47,87,41,15,26,65-73-76
48,1,75,15,2,74-66-77-71
49,33,85,15,15,74-66-67-70-71-76-77
50,63,77,15,23,67-70-77-76-73
51,1,77,15,24,74-66-71-77
52,77,41,15,2,65-72-69-73-75-76
53,63,79,15,15,67-76-70-73-77
54,69,27,15,24,73-75-65-69-72
55,79,17,15,14,65-73-72-69-75
56,67,75,15,23,67-70-76-73
57,25,33,15,16,71-77-75-69-72-68
58,9,19,15,23,69-68-75
flexible customers
node_idx,x,y,service_time,demand,locker_idxs
59,93,75,15,24,73-76-70-67
60,59,21,15,17,65-68-72-69-75
61,97,67,15,8,73-67-76
62,95,57,15,5,76-73
63,3,63,15,8,71-74-66-77
64,93,51,15,2,65-73-76
lockers
node_idx,x,y,service_time,capacity,cost_per_unit_good
65,93,12,10,94,100
66,22,88,10,72,100
67,65,88,10,70,100
68,25,15,10,91,100
69,49,22,10,100,100
70,54,81,10,92,100
71,15,71,10,89,100
72,52,15,10,80,100
73,82,57,10,87,100
74,22,89,10,98,100
75,45,26,10,78,100
76,71,72,10,91,100
77,25,70,10,70,100
mrt lines
start_node_idx,end_node_idx,freight_capacity,cost_per_unit_good
65,66,94,1
66,65,94,1
67,68,91,1
68,67,91,1
distance matrix
,0,1,2,3,4,5,6,7,8,9,10,11,12,13,14,15,16,17,18,19,20,21,22,23,24,25,26,27,28,29,30,31,32,33,34,35,36,37,38,39,40,41,42,43,44,45,46,47,48,49,50,51,52,53,54,55,56,57,58,59,60,61,62,63,64,65,66,67,68,69,70,71,72,73,74,75,76,77,
0,0.0,28.84,32.25,66.6,47.07,35.78,46.69,32.06,64.4,11.31,38.83,52.8,39.7,40.2,38.21,65.3,30.0,29.73,41.23,30.53,50.91,52.5,17.09,74.32,61.35,18.97,62.13,38.47,22.8,45.69,18.44,59.36,10.2,63.66,37.74,31.24,62.13,45.12,67.08,26.08,45.12,52.15,39.7,26.31,70.94,51.92,54.63,62.8,33.94,34.93,46.04,35.38,52.95,47.2,50.12,63.81,48.37,18.0,35.78,72.11,45.34,73.76,70.26,25.06,68.0,78.39,37.12,54.49,36.0,37.64,41.73,22.36,45.0,57.31,38.12,32.02,50.57,19.0
1,28.84,0.0,44.72,95.27,33.11,48.66,43.86,30.53,82.87,17.89,66.48,80.62,68.41,31.24,57.58,93.34,51.88,58.14,65.51,12.81,63.25,62.77,23.41,102.86,82.1,30.07,90.97,62.8,10.2,58.31,36.06,75.71,19.8,92.02,48.17,60.0,90.97,61.61,94.25,2.83,68.96,59.06,51.92,51.42,99.64,76.16,80.45,89.84,8.0,36.72,62.8,10.0,80.32,63.15,78.89,92.65,66.48,41.62,48.66,92.35,74.03,96.0,94.53,4.47,93.38,107.19,29.7,67.36,57.27,65.8,54.82,14.56,72.84,81.61,30.41,60.14,70.18,24.19
2,32.25,44.72,0.0,67.91,74.24,4.0,77.79,62.64,92.8,36.88,38.21,50.0,46.04,69.05,15.62,62.03,16.12,36.5,28.64,54.0,82.46,84.4,22.0,84.02,88.2,50.99,68.26,63.81,46.04,14.14,50.48,89.2,30.59,62.64,5.66,40.79,68.26,17.09,83.55,42.43,30.53,84.38,71.61,52.8,72.28,37.2,43.91,80.05,52.61,66.48,76.37,54.59,70.34,77.79,60.13,70.26,77.9,18.87,4.0,98.79,50.04,98.39,92.48,40.45,88.54,84.72,66.29,85.8,17.89,40.01,73.41,48.37,43.74,80.53,67.27,36.12,79.03,49.65
3,66.6,95.27,67.91,0.0,108.17,67.08,99.32,89.89,72.44,77.9,30.46,18.11,26.91,99.86,54.33,10.0,51.92,37.2,40.2,96.21,81.22,85.51,76.16,22.8,64.5,76.03,10.2,51.42,89.11,68.03,69.34,76.0,75.6,6.32,71.02,35.38,10.2,60.0,35.78,92.46,40.0,90.71,77.79,53.67,4.47,36.5,28.64,36.06,100.5,88.59,71.02,101.86,34.06,72.99,20.88,10.77,68.47,56.36,67.08,70.34,21.26,63.91,53.85,91.21,47.54,18.68,96.8,81.61,50.64,30.02,76.92,87.73,24.35,50.49,97.64,35.51,65.12,80.43
4,47.07,33.11,74.24,108.17,0.0,78.23,18.0,18.44,70.34,38.05,84.31,97.51,82.37,8.49,84.21,109.18,76.66,74.32,88.29,20.88,47.07,44.41,52.35,108.9,72.8,32.25,101.21,62.48,28.28,88.36,38.83,61.61,44.0,106.68,78.64,74.24,101.21,90.0,95.6,34.18,92.2,38.05,39.4,55.32,112.07,98.95,101.19,91.21,26.08,21.63,52.0,24.41,83.55,51.26,88.41,102.45,56.46,64.78,78.23,81.04,87.82,87.32,89.44,36.06,90.55,115.36,11.4,50.8,82.61,82.35,42.15,26.0,89.96,78.03,10.63,77.08,61.33,28.79
5,35.78,48.66,4.0,67.08,78.23,0.0,81.61,66.48,95.27,40.79,38.0,49.03,46.39,72.99,13.42,60.73,16.12,37.36,27.2,58.0,85.6,87.66,26.0,84.02,90.44,54.63,68.03,66.03,50.04,10.2,53.85,91.93,34.53,61.61,4.0,41.76,68.03,13.42,84.4,46.39,28.64,87.82,74.89,55.32,71.39,34.99,42.05,81.04,56.57,70.23,79.25,58.55,71.47,80.72,60.53,70.03,80.62,21.26,0.0,100.96,50.04,100.24,94.02,44.41,89.89,84.29,70.21,88.87,16.49,40.11,76.61,52.35,43.19,82.3,71.2,36.67,81.57,53.45
6,46.69,43.86,77.79,99.32,18.0,81.61,0.0,15.23,53.14,41.23,79.25,91.21,75.29,13.42,84.85,101.84,76.42,69.05,86.02,31.24,29.73,26.68,57.27,96.83,56.36,28.07,91.3,50.0,35.61,91.76,32.25,44.27,47.54,98.79,82.87,67.91,91.3,91.78,82.02,43.86,90.02,20.1,24.08,45.69,102.86,96.19,97.02,77.79,38.83,12.0,36.06,37.74,71.22,34.99,78.71,92.28,40.5,64.5,81.61,63.91,80.32,70.68,73.78,45.34,75.6,104.04,14.21,33.24,82.39,76.69,26.4,31.62,84.17,63.25,13.6,72.01,45.49,28.16
7,32.06,30.53,62.64,89.89,18.44,66.48,15.23,0.0,56.14,26.0,67.05,79.85,64.4,10.0,70.26,91.24,62.03,56.92,72.44,18.97,34.23,32.98,42.05,90.55,57.27,14.56,82.8,44.41,21.26,76.66,20.59,48.0,32.31,88.59,67.68,56.46,82.8,76.94,77.67,30.0,76.42,28.64,24.08,36.88,93.74,82.87,84.4,73.24,27.2,6.32,36.5,26.68,65.3,36.22,70.0,84.02,40.79,50.04,66.48,66.48,69.77,71.81,72.8,31.24,73.35,96.94,7.07,38.33,68.03,64.85,27.07,16.97,72.45,60.84,7.81,59.77,45.35,13.15
8,64.4,82.87,92.8,72.44,70.34,95.27,53.14,56.14,0.0,68.96,69.97,74.67,60.83,63.15,90.55,79.62,82.02,62.8,83.23,74.03,23.41,26.83,81.44,58.86,8.0,52.95,62.29,29.73,72.69,103.32,48.08,8.94,72.8,75.31,98.41,58.82,62.29,99.04,40.79,81.22,86.53,34.0,32.06,40.0,74.11,89.55,85.91,38.21,82.1,50.36,20.1,82.02,38.47,20.0,53.85,62.13,16.49,74.03,95.27,10.77,62.77,18.44,25.06,81.58,29.73,67.74,61.66,20.12,86.37,66.37,29.07,68.47,71.11,22.02,61.81,65.22,13.89,58.69
9,11.31,17.89,36.88,77.9,38.05,40.79,41.23,26.0,68.96,0.0,50.0,64.03,50.99,32.25,46.17,76.58,38.83,41.04,51.26,19.7,52.15,52.8,16.12,84.97,67.08,17.2,73.24,46.04,11.66,50.99,20.88,62.77,6.32,74.97,41.76,42.52,73.24,52.04,76.66,15.23,55.03,50.91,40.5,34.23,82.22,62.03,65.3,72.28,22.63,30.53,49.4,24.08,62.64,50.16,61.06,74.89,52.5,27.2,40.79,77.67,56.64,80.4,78.03,14.56,76.42,89.36,29.43,56.08,44.72,48.92,43.05,12.17,56.22,65.03,30.41,43.28,55.54,13.6
10,38.83,66.48,38.21,30.46,84.31,38.0,79.25,67.05,69.97,50.0,0.0,14.14,10.0,76.55,26.68,26.91,22.09,10.2,14.42,69.34,69.43,72.99,46.04,46.04,63.25,52.5,30.07,41.23,61.61,41.23,47.07,69.86,46.69,26.08,42.0,12.17,30.07,34.18,48.33,63.66,16.97,76.24,62.13,36.22,34.93,19.7,18.0,45.65,72.47,67.47,60.17,74.03,37.2,62.1,23.41,32.06,59.46,26.08,38.0,72.47,12.17,69.31,61.22,62.23,56.04,46.53,73.39,71.31,22.36,3.61,62.39,61.06,6.4,51.66,74.33,7.28,58.18,55.54
11,52.8,80.62,50.0,18.11,97.51,49.03,91.21,79.85,74.67,64.03,14.14,0.0,16.12,89.55,36.22,12.81,34.18,23.32,22.09,83.23,78.1,82.02,60.0,37.95,67.23,65.39,21.54,48.37,75.6,50.0,59.46,76.16,60.83,12.65,52.95,23.41,21.54,42.05,45.34,77.79,22.09,86.09,72.25,46.39,22.36,19.7,12.81,43.86,86.56,79.7,68.26,88.09,37.74,70.26,21.63,23.41,66.75,40.0,49.03,75.18,12.17,70.46,61.22,76.37,55.32,36.12,86.41,79.4,32.56,15.26,72.06,74.89,7.81,54.12,87.32,20.81,64.54,68.88
12,39.7,68.41,46.04,26.91,82.37,46.39,75.29,64.4,60.83,50.99,10.0,16.12,0.0,74.24,36.06,26.83,30.27,10.77,24.41,69.43,62.29,66.12,50.16,38.21,53.85,50.12,23.41,32.98,62.23,50.6,43.86,61.35,48.83,24.41,50.36,8.49,23.41,43.86,38.63,65.6,26.91,70.03,56.14,30.27,31.24,28.84,25.3,35.78,73.59,63.91,52.61,74.97,27.2,54.59,14.14,25.3,51.42,31.05,46.39,62.8,5.66,59.4,51.22,64.4,46.04,40.16,71.12,63.79,31.62,6.71,56.01,60.96,10.44,41.87,72.01,10.05,49.65,54.08
13,40.2,31.24,69.05,99.86,8.49,72.99,13.42,10.0,63.15,32.25,76.55,89.55,74.24,0.0,78.0,101.07,70.11,66.48,81.22,18.44,40.2,38.0,47.54,100.42,65.15,24.17,92.8,54.04,24.17,83.19,30.53,54.59,38.47,98.49,73.76,66.21,92.8,84.21,87.2,31.62,85.16,32.25,31.62,46.86,103.73,91.78,93.68,82.8,25.61,13.42,44.27,24.41,75.07,43.68,80.0,94.02,48.7,58.14,72.99,73.76,79.65,79.7,81.44,33.29,82.37,106.89,3.16,44.1,76.11,74.46,34.48,20.88,82.08,69.84,2.24,69.29,53.49,21.38
14,38.21,57.58,15.62,54.33,84.21,13.42,84.85,70.26,90.55,46.17,26.68,36.22,36.06,78.0,0.0,47.54,8.94,28.84,14.14,65.12,84.12,86.76,34.18,72.44,84.9,56.89,56.14,60.83,56.89,14.56,54.41,88.41,40.45,48.66,17.09,33.29,56.14,8.49,74.67,55.03,15.23,88.02,74.32,51.61,58.55,21.63,28.64,71.69,65.15,72.99,76.55,67.05,62.61,78.23,50.0,58.14,77.2,20.4,13.42,95.02,38.83,93.23,86.09,53.14,81.41,72.01,75.01,86.95,4.47,29.41,75.58,58.31,31.06,75.21,76.01,27.29,77.34,57.14
15,65.3,93.34,62.03,10.0,109.18,60.73,101.84,91.24,79.62,76.58,26.91,12.81,26.83,101.07,47.54,0.0,46.52,35.61,33.53,95.6,86.21,90.35,72.8,32.8,71.81,76.94,18.87,56.14,88.09,60.53,70.68,82.39,73.54,4.47,64.56,34.99,18.87,52.35,44.94,90.51,32.56,95.04,81.58,56.32,12.65,28.0,20.0,44.72,99.16,90.62,76.11,100.66,41.23,78.1,26.08,20.0,74.0,52.8,60.73,78.43,21.54,72.5,62.61,89.11,56.36,28.23,97.95,87.02,44.27,27.66,81.05,87.2,20.52,57.97,98.84,33.3,71.11,80.78
16,30.0,51.88,16.12,51.92,76.66,16.12,76.42,62.03,82.02,38.83,22.09,34.18,30.27,70.11,8.94,46.52,0.0,21.54,14.14,58.24,75.18,77.82,28.84,68.0,76.58,48.37,52.15,52.35,50.0,21.63,45.61,79.65,33.53,46.82,20.1,26.0,52.15,17.2,68.41,49.19,17.2,79.12,65.39,42.8,56.32,24.41,29.73,65.15,59.09,64.5,67.68,60.93,55.71,69.34,44.41,54.15,68.41,12.0,16.12,86.83,34.0,85.44,78.71,47.41,74.32,68.59,67.07,78.03,6.0,24.02,66.64,50.99,27.66,67.42,68.07,20.62,68.68,49.0
17,29.73,58.14,36.5,37.2,74.32,37.36,69.05,56.92,62.8,41.04,10.2,23.32,10.77,66.48,28.84,35.61,21.54,0.0,20.59,60.0,60.17,63.56,39.4,48.66,56.64,42.38,34.18,33.29,52.5,42.94,36.88,61.77,38.42,33.94,41.23,4.47,34.18,37.2,47.07,55.32,24.17,66.48,52.35,26.68,41.62,28.64,28.07,43.68,63.66,57.27,51.26,65.12,34.18,53.14,24.08,36.06,50.99,20.4,37.36,66.48,16.12,64.4,57.31,54.04,52.8,50.92,63.32,62.3,24.41,8.06,52.77,51.61,15.65,46.4,64.26,3.0,50.25,45.62
18,41.23,65.51,28.64,40.2,88.29,27.2,86.02,72.44,83.23,51.26,14.42,22.09,24.41,81.22,14.14,33.53,14.14,20.59,0.0,70.94,80.32,83.52,42.8,58.86,76.84,58.14,42.43,53.85,62.77,28.07,54.04,82.37,46.52,34.53,31.05,24.41,42.43,20.4,62.61,62.77,4.0,85.91,71.81,46.82,44.41,10.77,15.62,60.03,72.47,74.03,71.69,74.24,51.61,73.54,37.58,44.41,71.55,24.17,27.2,86.37,26.0,83.55,75.6,61.06,70.46,58.01,78.09,82.64,10.77,17.8,72.53,63.25,17.46,65.76,79.08,18.03,70.83,59.84
19,30.53,12.81,54.0,96.21,20.88,58.0,31.24,18.97,74.03,19.7,69.34,83.23,69.43,18.44,65.12,95.6,58.24,60.0,70.94,0.0,52.95,51.92,32.0,100.96,74.24,23.41,90.69,57.58,8.25,68.03,30.46,66.27,24.74,93.72,58.14,60.96,90.69,70.26,90.38,13.42,74.67,47.54,42.19,47.41,100.42,81.71,84.97,85.91,8.25,25.3,54.0,8.0,76.94,54.04,78.1,92.2,58.03,46.82,58.0,84.02,75.07,88.57,88.29,15.23,87.93,106.21,17.03,57.07,64.03,68.01,45.18,8.49,75.45,75.69,17.69,62.43,62.2,17.46
20,50.91,63.25,82.46,81.22,47.07,85.6,29.73,34.23,23.41,52.15,69.43,78.1,62.29,40.2,84.12,86.21,75.18,60.17,80.32,52.95,0.0,4.47,66.84,73.35,27.2,34.99,71.81,30.07,53.14,94.87,32.56,14.56,57.2,82.39,88.09,57.27,71.81,92.28,56.6,62.03,84.12,11.31,11.66,33.53,83.95,88.77,87.13,52.84,61.19,28.07,10.2,60.83,48.7,8.25,60.53,72.28,13.42,64.9,85.6,34.18,66.03,41.18,45.34,62.77,48.17,81.54,39.01,4.12,80.5,66.1,9.22,48.7,72.56,36.62,39.05,63.06,18.03,39.81
21,52.5,62.77,84.4,85.51,44.41,87.66,26.68,32.98,26.83,52.8,72.99,82.02,66.12,38.0,86.76,90.35,77.82,63.56,83.52,51.92,4.47,0.0,67.94,77.82,31.24,35.61,76.16,34.23,52.8,97.1,34.06,17.89,58.14,86.58,90.0,60.83,76.16,94.83,61.06,61.74,87.36,7.21,12.81,36.88,88.29,92.2,90.8,57.31,60.17,26.68,14.56,59.67,53.14,12.65,64.78,76.66,17.89,67.23,87.66,37.58,70.0,44.94,49.52,62.61,52.5,86.01,37.12,6.71,83.26,69.72,11.18,48.33,76.32,41.05,37.05,66.49,22.47,39.96
22,17.09,23.41,22.0,76.16,52.35,26.0,57.27,42.05,81.44,16.12,46.04,60.0,50.16,47.54,34.18,72.8,28.84,39.4,42.8,32.0,66.84,67.94,0.0,87.36,78.43,32.56,73.54,55.32,24.08,36.06,34.41,76.16,10.0,72.11,26.31,42.38,73.54,38.47,82.22,20.88,46.04,66.6,55.32,43.17,80.62,53.25,58.14,78.1,31.05,46.65,62.77,32.98,68.12,63.81,62.64,75.39,65.3,20.0,26.0,89.2,55.46,90.71,86.83,18.97,84.21,90.25,44.92,70.6,34.0,46.14,57.63,26.68,52.43,73.98,45.88,40.71,67.62,29.68
23,74.32,102.86,84.02,22.8,108.9,84.02,96.83,90.55,58.86,84.97,46.04,37.95,38.21,100.42,72.44,32.8,68.0,48.66,58.86,100.96,73.35,77.82,87.36,0.0,50.99,78.41,16.49,46.86,95.02,86.83,71.22,64.56,84.31,28.84,88.02,45.12,16.49,79.25,18.11,100.18,59.67,84.12,73.24,54.04,21.26,57.58,50.16,20.88,106.68,87.73,63.53,107.7,25.61,65.3,24.74,14.56,59.93,69.05,84.02,54.0,34.0,46.17,36.06,99.32,30.0,9.0,97.62,72.62,68.26,44.01,71.56,92.65,41.44,37.64,98.31,48.26,55.54,83.82
24,61.35,82.1,88.2,64.5,72.8,90.44,56.36,57.27,8.0,67.08,63.25,67.23,53.85,65.15,84.9,71.81,76.58,56.64,76.84,74.24,27.2,31.24,78.43,50.99,0.0,52.04,54.33,24.41,72.03,98.08,46.39,14.42,70.34,67.47,93.74,52.5,54.33,93.38,32.98,80.22,80.0,38.42,33.53,35.78,66.12,82.68,78.71,30.27,82.1,51.92,20.88,82.22,30.59,21.54,46.17,54.15,16.49,69.34,90.44,10.77,55.46,14.56,18.44,80.4,22.36,59.84,63.32,24.76,80.62,59.64,30.68,68.0,64.01,14.04,63.6,58.9,12.04,58.01
25,18.97,30.07,50.99,76.03,32.25,54.63,28.07,14.56,52.95,17.2,52.5,65.39,50.12,24.17,56.89,76.94,48.37,42.38,58.14,23.41,34.99,35.61,32.56,78.41,52.04,0.0,69.43,34.18,20.0,64.62,7.21,46.17,22.63,74.43,56.36,42.05,69.43,64.03,67.08,28.28,62.13,34.06,23.32,24.41,80.0,68.47,69.86,62.61,30.59,16.12,32.98,31.05,53.85,33.53,56.64,70.77,36.5,36.5,54.63,62.29,55.57,66.03,65.12,28.64,64.56,84.22,21.02,38.95,54.33,50.33,25.94,16.12,57.94,52.39,21.93,45.22,40.11,6.08
26,62.13,90.97,68.26,10.2,101.21,68.03,91.3,82.8,62.29,73.24,30.07,21.54,23.41,92.8,56.14,18.87,52.15,34.18,42.43,90.69,71.81,76.16,73.54,16.49,54.33,69.43,0.0,42.38,84.02,70.46,62.48,66.03,71.69,14.42,72.03,31.3,0.0,62.8,26.08,88.2,43.17,81.61,69.08,46.04,12.17,41.23,34.0,26.0,95.6,80.99,61.61,96.83,24.0,63.56,12.81,2.0,58.86,54.41,68.03,60.17,18.44,53.85,43.86,87.13,37.58,16.76,89.81,72.01,52.04,28.44,68.01,82.22,25.08,40.31,90.6,33.24,55.33,74.25
27,38.47,62.8,63.81,51.42,62.48,66.03,50.0,44.41,29.73,46.04,41.23,48.37,32.98,54.04,60.83,56.14,52.35,33.29,53.85,57.58,30.07,34.23,55.32,46.86,24.41,34.18,42.38,0.0,53.37,73.76,27.2,28.64,48.17,52.35,69.34,29.53,42.38,69.31,33.29,60.53,57.31,39.29,26.83,12.17,54.41,60.93,58.24,28.84,64.56,41.04,20.0,65.15,21.26,22.0,30.59,43.08,18.44,44.94,66.03,34.99,36.22,35.44,32.0,60.3,30.59,54.08,51.4,31.06,56.64,37.7,25.63,50.0,43.42,19.0,52.01,35.85,17.0,40.16
28,22.8,10.2,46.04,89.11,28.28,50.04,35.61,21.26,72.69,11.66,61.61,75.6,62.23,24.17,56.89,88.09,50.0,52.5,62.77,8.25,53.14,52.8,24.08,95.02,72.03,20.0,84.02,53.37,0.0,60.13,26.31,65.51,16.49,86.37,50.36,53.74,84.02,62.13,85.44,8.94,66.48,49.4,41.76,42.38,93.38,73.54,76.94,80.99,11.66,27.2,52.61,12.81,71.69,52.95,71.61,85.6,56.32,38.63,50.04,82.22,67.88,86.02,84.85,10.0,83.95,99.86,21.95,57.25,55.79,60.44,44.64,4.47,67.8,72.01,22.83,54.82,60.07,14.04
29,45.69,58.31,14.14,68.03,88.36,10.2,91.76,76.66,103.32,50.99,41.23,50.0,50.6,83.19,14.56,60.53,21.63,42.94,28.07,68.03,94.87,97.1,36.06,86.83,98.08,64.62,70.46,73.76,60.13,0.0,63.53,100.5,44.72,62.13,10.2,47.41,70.46,8.25,89.2,56.14,28.07,97.53,84.38,63.66,72.11,32.98,40.79,86.16,66.27,80.32,88.09,68.26,76.97,89.64,64.56,72.44,89.2,30.0,10.2,108.41,53.37,107.07,100.24,54.15,95.71,86.05,80.41,98.01,18.97,43.97,85.98,62.51,45.4,89.04,81.39,41.63,89.81,63.6
30,18.44,36.06,50.48,69.34,38.83,53.85,32.25,20.59,48.08,20.88,47.07,59.46,43.86,30.53,54.41,70.68,45.61,36.88,54.04,30.46,32.56,34.06,34.41,71.22,46.39,7.21,62.48,27.2,26.31,63.53,0.0,42.05,25.06,68.0,56.04,36.06,62.48,62.03,59.93,34.0,58.03,34.0,21.26,17.2,73.24,64.03,64.78,55.46,37.36,20.4,28.64,37.95,46.65,29.53,49.68,63.78,31.62,34.18,53.85,56.89,49.19,60.03,58.55,34.06,57.72,77.1,27.46,36.24,51.42,44.64,23.35,22.8,52.2,45.71,28.3,39.81,34.71,13.0
31,59.36,75.71,89.2,76.0,61.61,91.93,44.27,48.0,8.94,62.77,69.86,76.16,61.35,54.59,88.41,82.39,79.65,61.77,82.37,66.27,14.56,17.89,76.16,64.56,14.42,46.17,66.03,28.64,65.51,100.5,42.05,0.0,67.08,78.23,94.85,58.14,66.03,96.83,46.82,74.22,85.88,25.06,24.08,36.88,78.1,89.55,86.65,43.68,74.43,42.05,13.42,74.24,42.05,12.65,56.32,66.12,11.31,70.71,91.93,19.7,64.03,27.2,32.8,74.73,36.72,73.25,53.24,11.18,84.4,66.31,21.1,61.19,71.78,26.93,53.34,64.41,11.7,51.66
32,10.2,19.8,30.59,75.6,44.0,34.53,47.54,32.31,72.8,6.32,46.69,60.83,48.83,38.47,40.45,73.54,33.53,38.42,46.52,24.74,57.2,58.14,10.0,84.31,70.34,22.63,71.69,48.17,16.49,44.72,25.06,67.08,0.0,72.25,35.44,40.5,71.69,46.0,77.28,16.97,50.16,56.64,45.61,36.06,80.0,57.27,61.06,72.99,26.08,36.72,53.67,27.78,63.15,54.59,59.93,73.43,56.46,22.36,34.53,81.04,54.41,83.19,80.1,15.62,78.03,88.12,35.69,61.03,39.29,46.01,48.01,18.0,53.04,67.12,36.67,40.36,59.14,19.72
33,63.66,92.02,62.64,6.32,106.68,61.61,98.79,88.59,75.31,74.97,26.08,12.65,24.41,98.49,48.66,4.47,46.82,33.94,34.53,93.72,82.39,86.58,72.11,28.84,67.47,74.43,14.42,52.35,86.37,62.13,68.0,78.23,72.25,0.0,65.51,32.8,14.42,54.04,40.5,89.2,34.06,91.41,78.1,53.14,10.0,30.27,22.36,40.25,97.59,87.73,72.25,99.04,36.88,74.24,22.0,15.62,70.03,52.15,61.61,74.0,18.87,68.03,58.14,87.86,51.88,25.0,95.38,83.1,45.12,26.25,77.47,85.28,19.72,53.6,96.25,31.89,67.03,78.49
34,37.74,48.17,5.66,71.02,78.64,4.0,82.87,67.68,98.41,41.76,42.0,52.95,50.36,73.76,17.09,64.56,20.1,41.23,31.05,58.14,88.09,90.0,26.31,88.02,93.74,56.36,72.03,69.34,50.36,10.2,56.04,94.85,35.44,65.51,0.0,45.61,72.03,15.62,88.29,46.04,32.31,89.89,77.2,58.41,75.31,38.47,45.69,84.9,56.14,71.69,82.02,58.14,75.29,83.45,64.5,74.03,83.55,24.41,4.0,104.31,54.04,103.77,97.69,44.05,93.64,88.28,71.06,91.44,20.4,44.1,79.03,52.95,47.17,85.87,72.03,40.61,84.65,54.78
35,31.24,60.0,40.79,35.38,74.24,41.76,67.91,56.46,58.82,42.52,12.17,23.41,8.49,66.21,33.29,34.99,26.0,4.47,24.41,60.96,57.27,60.83,42.38,45.12,52.5,42.05,31.3,29.53,53.74,47.41,36.06,58.14,40.5,32.8,45.61,0.0,31.3,41.62,42.76,57.2,27.78,64.12,50.04,24.08,39.7,31.62,30.07,39.29,65.12,56.32,48.08,66.48,29.73,50.0,20.4,33.11,47.54,24.08,41.76,62.23,14.14,60.0,52.84,56.04,48.33,47.93,63.07,59.2,28.84,9.0,50.25,52.5,16.28,42.01,63.98,6.4,46.53,45.79
36,62.13,90.97,68.26,10.2,101.21,68.03,91.3,82.8,62.29,73.24,30.07,21.54,23.41,92.8,56.14,18.87,52.15,34.18,42.43,90.69,71.81,76.16,73.54,16.49,54.33,69.43,0.0,42.38,84.02,70.46,62.48,66.03,71.69,14.42,72.03,31.3,0.0,62.8,26.08,88.2,43.17,81.61,69.08,46.04,12.17,41.23,34.0,26.0,95.6,80.99,61.61,96.83,24.0,63.56,12.81,2.0,58.86,54.41,68.03,60.17,18.44,53.85,43.86,87.13,37.58,16.76,89.81,72.01,52.04,28.44,68.01,82.22,25.08,40.31,90.6,33.24,55.33,74.25
37,45.12,61.61,17.09,60.0,90.0,13.42,91.78,76.94,99.04,52.04,34.18,42.05,43.86,84.21,8.49,52.35,17.2,37.2,20.4,70.26,92.28,94.83,38.47,79.25,93.38,64.03,62.8,69.31,62.13,8.25,62.03,96.83,46.0,54.04,15.62,41.62,62.8,0.0,82.46,59.23,20.0,95.85,82.29,60.0,64.03,24.74,32.56,79.62,69.43,80.05,84.88,71.39,70.71,86.53,57.58,64.78,85.6,27.86,13.42,103.48,46.17,101.61,94.34,57.27,89.55,78.16,81.3,95.19,12.81,37.16,83.65,64.0,37.85,83.6,82.3,35.51,85.8,63.79
38,67.08,94.25,83.55,35.78,95.6,84.4,82.02,77.67,40.79,76.66,48.33,45.34,38.63,87.2,74.67,44.94,68.41,47.07,62.61,90.38,56.6,61.06,82.22,18.11,32.98,67.08,26.08,33.29,85.44,89.2,59.93,46.82,77.28,40.5,88.29,42.76,26.08,82.46,0.0,91.76,64.5,67.68,58.0,43.08,36.06,64.4,58.14,4.47,96.93,74.03,47.2,97.69,14.14,48.83,25.06,25.06,43.27,66.27,84.4,36.06,36.72,28.64,18.44,91.21,12.17,27.07,84.63,55.47,70.23,45.31,55.97,82.46,45.79,20.12,85.21,47.8,38.59,72.92
39,26.08,2.83,42.43,92.46,34.18,46.39,43.86,30.0,81.22,15.23,63.66,77.79,65.6,31.62,55.03,90.51,49.19,55.32,62.77,13.42,62.03,61.74,20.88,100.18,80.22,28.28,88.2,60.53,8.94,56.14,34.0,74.22,16.97,89.2,46.04,57.2,88.2,59.23,91.76,0.0,66.24,58.31,50.6,49.03,96.83,73.43,77.67,87.36,10.2,36.06,61.19,12.17,77.79,61.61,76.16,89.89,64.78,38.83,46.39,90.55,71.22,94.02,92.35,2.0,91.08,104.45,29.83,66.13,54.63,62.97,53.45,13.42,70.01,79.4,30.61,57.31,68.36,22.56
40,45.12,68.96,30.53,40.0,92.2,28.64,90.02,76.42,86.53,55.03,16.97,22.09,26.91,85.16,15.23,32.56,17.2,24.17,4.0,74.67,84.12,87.36,46.04,59.67,80.0,62.13,43.17,57.31,66.48,28.07,58.03,85.88,50.16,34.06,32.31,27.78,43.17,20.0,64.5,66.24,0.0,89.82,75.71,50.6,44.05,7.21,13.42,62.13,76.03,78.03,75.39,77.82,54.04,77.25,39.45,45.12,75.15,27.86,28.64,89.38,27.78,86.28,78.1,64.5,72.8,58.22,82.04,86.38,12.81,20.52,76.4,67.05,18.79,68.62,83.02,21.47,74.3,63.79
41,52.15,59.06,84.38,90.71,38.05,87.82,20.1,28.64,34.0,50.91,76.24,86.09,70.03,32.25,88.02,95.04,79.12,66.48,85.91,47.54,11.31,7.21,66.6,84.12,38.42,34.06,81.61,39.29,49.4,97.53,34.0,25.06,56.64,91.41,89.89,64.12,81.61,95.85,67.68,58.31,89.82,0.0,14.14,40.05,93.68,95.04,94.19,63.81,55.71,22.36,20.59,55.03,59.09,18.87,69.86,82.22,24.41,68.03,87.82,44.72,74.24,52.15,56.64,59.36,59.46,92.14,31.78,13.89,84.76,73.11,14.04,44.94,80.01,47.8,31.58,69.46,29.21,37.54
42,39.7,51.92,71.61,77.79,39.4,74.89,24.08,24.08,32.06,40.5,62.13,72.25,56.14,31.62,74.32,81.58,65.39,52.35,71.81,42.19,11.66,12.81,55.32,73.24,33.53,23.32,69.08,26.83,41.76,84.38,21.26,24.08,45.61,78.1,77.2,50.04,69.08,82.29,58.0,50.6,75.71,14.14,0.0,26.0,80.99,80.89,80.1,53.81,50.36,18.44,12.65,50.16,47.71,12.17,56.92,69.86,17.09,54.59,74.89,42.43,60.53,48.08,50.12,51.26,51.61,80.78,29.83,15.65,70.94,59.03,3.0,37.36,66.01,39.2,30.08,55.33,21.93,28.23
43,26.31,51.42,52.8,53.67,55.32,55.32,45.69,36.88,40.0,34.23,36.22,46.39,30.27,46.86,51.61,56.32,42.8,26.68,46.82,47.41,33.53,36.88,43.17,54.04,35.78,24.41,46.04,12.17,42.38,63.66,17.2,36.88,36.06,53.14,58.41,24.08,46.04,60.0,43.08,49.03,50.6,40.05,26.0,0.0,57.31,55.32,54.15,38.63,53.85,34.99,25.06,54.63,29.53,26.83,33.29,47.2,25.61,34.06,55.32,46.52,34.93,47.54,44.05,48.66,42.19,60.11,43.93,35.85,47.71,33.06,26.17,39.4,40.01,31.06,44.69,29.61,26.25,30.02
44,70.94,99.64,72.28,4.47,112.07,71.39,102.86,93.74,74.11,82.22,34.93,22.36,31.24,103.73,58.55,12.65,56.32,41.62,44.41,100.42,83.95,88.29,80.62,21.26,66.12,80.0,12.17,54.41,93.38,72.11,73.24,78.1,80.0,10.0,75.31,39.7,12.17,64.03,36.06,96.83,44.05,93.68,80.99,57.31,0.0,40.2,32.25,36.88,104.8,92.28,73.76,106.15,36.06,75.71,24.17,12.0,71.02,60.83,71.39,71.39,25.61,64.56,54.41,95.6,48.08,15.65,100.69,84.17,54.92,34.48,80.01,91.93,28.79,52.09,101.51,39.96,67.48,84.5
45,51.92,76.16,37.2,36.5,98.95,34.99,96.19,82.87,89.55,62.03,19.7,19.7,28.84,91.78,21.63,28.0,24.41,28.64,10.77,81.71,88.77,92.2,53.25,57.58,82.68,68.47,41.23,60.93,73.54,32.98,64.03,89.55,57.27,30.27,38.47,31.62,41.23,24.74,64.4,73.43,7.21,95.04,80.89,55.32,40.2,0.0,8.0,62.48,83.19,84.21,79.7,84.97,55.17,81.61,39.7,43.08,79.12,34.93,34.99,91.61,28.28,87.86,79.2,71.69,73.59,55.11,88.65,90.8,19.8,23.26,81.39,74.0,19.1,70.6,89.63,25.71,77.88,70.41
46,54.63,80.45,43.91,28.64,101.19,42.05,97.02,84.4,85.91,65.3,18.0,12.81,25.3,93.68,28.64,20.0,29.73,28.07,15.62,84.97,87.13,90.8,58.14,50.16,78.71,69.86,34.0,58.24,76.94,40.79,64.78,86.65,61.06,22.36,45.69,30.07,34.0,32.56,58.14,77.67,13.42,94.19,80.1,54.15,32.25,8.0,0.0,56.57,87.13,85.16,77.67,88.84,50.0,79.62,34.06,35.78,76.66,38.83,42.05,87.13,23.32,82.8,73.76,76.03,67.94,47.3,90.52,88.84,26.08,21.1,80.31,76.97,14.87,66.04,91.48,25.08,74.95,72.42
47,62.8,89.84,80.05,36.06,91.21,81.04,77.79,73.24,38.21,72.28,45.65,43.86,35.78,82.8,71.69,44.72,65.15,43.68,60.03,85.91,52.84,57.31,78.1,20.88,30.27,62.61,26.0,28.84,80.99,86.16,55.46,43.68,72.99,40.25,84.9,39.29,26.0,79.62,4.47,87.36,62.13,63.81,53.81,38.63,36.88,62.48,56.57,0.0,92.48,69.66,43.27,93.23,10.0,44.94,22.8,25.3,39.45,62.51,81.04,34.53,34.41,27.86,17.89,86.83,11.66,29.61,80.21,51.89,67.23,42.49,51.86,78.0,43.6,16.76,80.8,44.6,34.89,68.45
48,33.94,8.0,52.61,100.5,26.08,56.57,38.83,27.2,82.1,22.63,72.47,86.56,73.59,25.61,65.15,99.16,59.09,63.66,72.47,8.25,61.19,60.17,31.05,106.68,82.1,30.59,95.6,64.56,11.66,66.27,37.36,74.43,26.08,97.59,56.14,65.12,95.6,69.43,96.93,10.2,76.03,55.71,50.36,53.85,104.8,83.19,87.13,92.48,0.0,33.53,62.03,2.0,83.26,62.13,83.23,97.2,66.0,48.37,56.57,92.0,79.25,96.33,95.71,12.17,95.08,111.5,24.7,65.31,64.62,71.51,53.34,14.56,78.75,82.98,25.24,65.86,70.06,24.52
49,34.93,36.72,66.48,88.59,21.63,70.23,12.0,6.32,50.36,30.53,67.47,79.7,63.91,13.42,72.99,90.62,64.5,57.27,74.03,25.3,28.07,26.68,46.65,87.73,51.92,16.12,80.99,41.04,27.2,80.32,20.4,42.05,36.72,87.73,71.69,56.32,80.99,80.05,74.03,36.06,78.03,22.36,18.44,34.99,92.28,84.21,85.16,69.66,33.53,0.0,31.05,32.98,62.23,30.59,68.26,82.1,35.44,52.61,70.23,60.83,69.08,66.48,68.03,37.2,68.96,94.49,11.4,32.14,70.46,65.0,21.38,22.8,72.53,56.44,11.7,60.21,40.16,17.0
50,46.04,62.8,76.37,71.02,52.0,79.25,36.06,36.5,20.1,49.4,60.17,68.26,52.61,44.27,76.55,76.11,67.68,51.26,71.69,54.0,10.2,14.56,62.77,63.53,20.88,32.98,61.61,20.0,52.61,88.09,28.64,13.42,53.67,72.25,82.02,48.08,61.61,84.88,47.2,61.19,75.39,20.59,12.65,25.06,73.76,79.7,77.67,43.27,62.03,31.05,0.0,62.0,38.63,2.0,50.36,62.1,4.47,58.14,79.25,30.07,56.14,35.44,37.74,61.61,39.7,71.59,42.45,11.18,72.72,56.75,9.85,48.37,62.97,27.59,42.72,54.08,9.43,38.64
51,35.38,10.0,54.59,101.86,24.41,58.55,37.74,26.68,82.02,24.08,74.03,88.09,74.97,24.41,67.05,100.66,60.93,65.12,74.24,8.0,60.83,59.67,32.98,107.7,82.22,31.05,96.83,65.15,12.81,68.26,37.95,74.24,27.78,99.04,58.14,66.48,96.83,71.39,97.69,12.17,77.82,55.03,50.16,54.63,106.15,84.97,88.84,93.23,2.0,32.98,62.0,0.0,84.1,62.03,84.4,98.41,66.03,50.12,58.55,92.02,80.62,96.52,96.1,14.14,95.6,112.65,23.71,64.94,66.48,73.0,53.15,15.23,80.28,83.43,24.19,67.36,70.18,25.0
52,52.95,80.32,70.34,34.06,83.55,71.47,71.22,65.3,38.47,62.64,37.2,37.74,27.2,75.07,62.61,41.23,55.71,34.18,51.61,76.94,48.7,53.14,68.12,25.61,30.59,53.85,24.0,21.26,71.69,76.97,46.65,42.05,63.15,36.88,75.29,29.73,24.0,70.71,14.14,77.79,54.04,59.09,47.71,29.53,36.06,55.17,50.0,10.0,83.26,62.23,38.63,84.1,0.0,40.5,16.12,24.08,35.44,52.61,71.47,37.58,26.91,32.8,24.08,77.2,18.87,33.12,72.35,48.51,58.14,33.84,46.14,68.88,36.07,16.76,73.0,35.34,31.58,59.54
53,47.2,63.15,77.79,72.99,51.26,80.72,34.99,36.22,20.0,50.16,62.1,70.26,54.59,43.68,78.23,78.1,69.34,53.14,73.54,54.04,8.25,12.65,63.81,65.3,21.54,33.53,63.56,22.0,52.95,89.64,29.53,12.65,54.59,74.24,83.45,50.0,63.56,86.53,48.83,61.61,77.25,18.87,12.17,26.83,75.71,81.61,79.62,44.94,62.13,30.59,2.0,62.03,40.5,0.0,52.35,64.03,5.66,59.67,80.72,30.27,58.14,36.06,38.83,62.1,41.04,73.41,41.98,9.22,74.43,58.69,9.22,48.66,64.94,29.07,42.2,55.97,10.63,39.05
54,50.12,78.89,60.13,20.88,88.41,60.53,78.71,70.0,53.85,61.06,23.41,21.63,14.14,80.0,50.0,26.08,44.41,24.08,37.58,78.1,60.53,64.78,62.64,24.74,46.17,56.64,12.81,30.59,71.61,64.56,49.68,56.32,59.93,22.0,64.5,20.4,12.81,57.58,25.06,76.16,39.45,69.86,56.92,33.29,24.17,39.7,34.06,22.8,83.23,68.26,50.36,84.4,16.12,52.35,0.0,14.14,48.04,44.41,60.53,53.67,11.66,48.83,39.7,75.18,33.94,28.3,77.01,61.13,45.61,20.62,56.04,69.66,20.81,32.7,77.8,24.02,45.04,61.52
55,63.81,92.65,70.26,10.77,102.45,70.03,92.28,84.02,62.13,74.89,32.06,23.41,25.3,94.02,58.14,20.0,54.15,36.06,44.41,92.2,72.28,76.66,75.39,14.56,54.15,70.77,2.0,43.08,85.6,72.44,63.78,66.12,73.43,15.62,74.03,33.11,2.0,64.78,25.06,89.89,45.12,82.22,69.86,47.2,12.0,43.08,35.78,25.3,97.2,82.1,62.1,98.41,24.08,64.03,14.14,0.0,59.23,56.32,70.03,59.67,20.4,53.14,43.08,88.84,36.77,14.87,91.05,72.37,54.04,30.41,68.71,83.74,27.07,40.11,91.83,35.17,55.58,75.66
56,48.37,66.48,77.9,68.47,56.46,80.62,40.5,40.79,16.49,52.5,59.46,66.75,51.42,48.7,77.2,74.0,68.41,50.99,71.55,58.03,13.42,17.89,65.3,59.93,16.49,36.5,58.86,18.44,56.32,89.2,31.62,11.31,56.46,70.03,83.55,47.54,58.86,85.6,43.27,64.78,75.15,24.41,17.09,25.61,71.02,79.12,76.66,39.45,66.0,35.44,4.47,66.03,35.44,5.66,48.04,59.23,0.0,59.4,80.62,26.0,54.59,31.05,33.29,65.12,35.38,68.15,46.84,13.15,73.24,55.97,14.32,52.15,61.85,23.43,47.13,53.71,5.0,42.3
57,18.0,41.62,18.87,56.36,64.78,21.26,64.5,50.04,74.03,27.2,26.08,40.0,31.05,58.14,20.4,52.8,12.0,20.4,24.17,46.82,64.9,67.23,20.0,69.05,69.34,36.5,54.41,44.94,38.63,30.0,34.18,70.71,22.36,52.15,24.41,24.08,54.41,27.86,66.27,38.83,27.86,68.03,54.59,34.06,60.83,34.93,38.83,62.51,48.37,52.61,58.14,50.12,52.61,59.67,44.41,56.32,59.4,0.0,21.26,79.92,36.06,79.62,74.0,37.2,70.34,71.17,55.08,68.01,18.0,26.4,56.08,39.29,32.45,61.85,56.08,21.19,60.31,37.0
58,35.78,48.66,4.0,67.08,78.23,0.0,81.61,66.48,95.27,40.79,38.0,49.03,46.39,72.99,13.42,60.73,16.12,37.36,27.2,58.0,85.6,87.66,26.0,84.02,90.44,54.63,68.03,66.03,50.04,10.2,53.85,91.93,34.53,61.61,4.0,41.76,68.03,13.42,84.4,46.39,28.64,87.82,74.89,55.32,71.39,34.99,42.05,81.04,56.57,70.23,79.25,58.55,71.47,80.72,60.53,70.03,80.62,21.26,0.0,100.96,50.04,100.24,94.02,44.41,89.89,84.29,70.21,88.87,16.49,40.11,76.61,52.35,43.19,82.3,71.2,36.67,81.57,53.45
59,72.11,92.35,98.79,70.34,81.04,100.96,63.91,66.48,10.77,77.67,72.47,75.18,62.8,73.76,95.02,78.43,86.83,66.48,86.37,84.02,34.18,37.58,89.2,54.0,10.77,62.29,60.17,34.99,82.22,108.41,56.89,19.7,81.04,74.0,104.31,62.23,60.17,103.48,36.06,90.55,89.38,44.72,42.43,46.52,71.39,91.61,87.13,34.53,92.0,60.83,30.07,92.02,37.58,30.27,53.67,59.67,26.0,79.92,100.96,0.0,63.81,8.94,18.11,90.8,24.0,63.0,72.18,30.87,90.69,68.88,39.46,78.1,72.67,21.1,72.37,68.59,22.2,68.18
60,45.34,74.03,50.04,21.26,87.82,50.04,80.32,69.77,62.77,56.64,12.17,12.17,5.66,79.65,38.83,21.54,34.0,16.12,26.0,75.07,66.03,70.0,55.46,34.0,55.46,55.57,18.44,36.22,67.88,53.37,49.19,64.03,54.41,18.87,54.04,14.14,18.44,46.17,36.72,71.22,27.78,74.24,60.53,34.93,25.61,28.28,23.32,34.41,79.25,69.08,56.14,80.62,26.91,58.14,11.66,20.4,54.59,36.06,50.04,63.81,0.0,59.67,50.91,70.0,45.34,35.17,76.54,67.27,34.53,10.05,60.21,66.6,9.22,42.72,77.41,14.87,52.39,59.64
61,73.76,96.0,98.39,63.91,87.32,100.24,70.68,71.81,18.44,80.4,69.31,70.46,59.4,79.7,93.23,72.5,85.44,64.4,83.55,88.57,41.18,44.94,90.71,46.17,14.56,66.03,53.85,35.44,86.02,107.07,60.03,27.2,83.19,68.03,103.77,60.0,53.85,101.61,28.64,94.02,86.28,52.15,48.08,47.54,64.56,87.86,82.8,27.86,96.33,66.48,35.44,96.52,32.8,36.06,48.83,53.14,31.05,79.62,100.24,8.94,59.67,0.0,10.2,94.09,16.49,55.15,77.88,38.28,88.81,65.8,45.22,82.1,68.77,18.03,78.16,66.22,26.48,72.06
62,70.26,94.53,92.48,53.85,89.44,94.02,73.78,72.8,25.06,78.03,61.22,61.22,51.22,81.44,86.09,62.61,78.71,57.31,75.6,88.29,45.34,49.52,86.83,36.06,18.44,65.12,43.86,32.0,84.85,100.24,58.55,32.8,80.1,58.14,97.69,52.84,43.86,94.34,18.44,92.35,78.1,56.64,50.12,44.05,54.41,79.2,73.76,17.89,95.71,68.03,37.74,96.1,24.08,38.83,39.7,43.08,33.29,74.0,94.02,18.11,50.91,10.2,0.0,92.2,6.32,45.04,79.31,43.14,81.63,57.8,47.51,81.22,60.11,13.0,79.71,58.83,28.3,71.2
63,25.06,4.47,40.45,91.21,36.06,44.41,45.34,31.24,81.58,14.56,62.23,76.37,64.4,33.29,53.14,89.11,47.41,54.04,61.06,15.23,62.77,62.61,18.97,99.32,80.4,28.64,87.13,60.3,10.0,54.15,34.06,74.73,15.62,87.86,44.05,56.04,87.13,57.27,91.21,2.0,64.5,59.36,51.26,48.66,95.6,71.69,76.03,86.83,12.17,37.2,61.61,14.14,77.2,62.1,75.18,88.84,65.12,37.2,44.41,90.8,70.0,94.09,92.2,0.0,90.8,103.45,31.4,66.85,52.8,61.62,54.08,14.42,68.59,79.23,32.2,55.97,68.59,23.09
64,68.0,93.38,88.54,47.54,90.55,89.89,75.6,73.35,29.73,76.42,56.04,55.32,46.04,82.37,81.41,56.36,74.32,52.8,70.46,87.93,48.17,52.5,84.21,30.0,22.36,64.56,37.58,30.59,83.95,95.71,57.72,36.72,78.03,51.88,93.64,48.33,37.58,89.55,12.17,91.08,72.8,59.46,51.61,42.19,48.08,73.59,67.94,11.66,95.08,68.96,39.7,95.6,18.87,41.04,33.94,36.77,35.38,70.34,89.89,24.0,45.34,16.49,6.32,90.8,0.0,39.0,80.06,46.4,76.94,52.7,49.2,80.52,54.56,12.53,80.53,54.12,30.41,70.6
65,78.39,107.19,84.72,18.68,115.36,84.29,104.04,96.94,67.74,89.36,46.53,36.12,40.16,106.89,72.01,28.23,68.59,50.92,58.01,106.21,81.54,86.01,90.25,9.0,59.84,84.22,16.76,54.08,99.86,86.05,77.1,73.25,88.12,25.0,88.28,47.93,16.76,78.16,27.07,104.45,58.22,92.14,80.78,60.11,15.65,55.11,47.3,29.61,111.5,94.49,71.59,112.65,33.12,73.41,28.3,14.87,68.15,71.17,84.29,63.0,35.17,55.15,45.04,103.45,39.0,0.0,104.0,80.99,68.07,45.12,79.26,97.8,41.11,46.32,104.74,50.0,63.91,89.38
66,37.12,29.7,66.29,96.8,11.4,70.21,14.21,7.07,61.66,29.43,73.39,86.41,71.12,3.16,75.01,97.95,67.07,63.32,78.09,17.03,39.01,37.12,44.92,97.62,63.32,21.02,89.81,51.4,21.95,80.41,27.46,53.24,35.69,95.38,71.06,63.07,89.81,81.3,84.63,29.83,82.04,31.78,29.83,43.93,100.69,88.65,90.52,80.21,24.7,11.4,42.45,23.71,72.35,41.98,77.01,91.05,46.84,55.08,70.21,72.18,76.54,77.88,79.31,31.4,80.06,104.0,0.0,43.0,73.06,71.31,32.76,18.38,78.92,67.54,1.0,66.13,51.55,18.25
67,54.49,67.36,85.8,81.61,50.8,88.87,33.24,38.33,20.12,56.08,71.31,79.4,63.79,44.1,86.95,87.02,78.03,62.3,82.64,57.07,4.12,6.71,70.6,72.62,24.76,38.95,72.01,31.06,57.25,98.01,36.24,11.18,61.03,83.1,91.44,59.2,72.01,95.19,55.47,66.13,86.38,13.89,15.65,35.85,84.17,90.8,88.84,51.89,65.31,32.14,11.18,64.94,48.51,9.22,61.13,72.37,13.15,68.01,88.87,30.87,67.27,38.28,43.14,66.85,46.4,80.99,43.0,0.0,83.24,67.91,13.04,52.81,74.15,35.36,43.01,65.15,17.09,43.86
68,36.0,57.27,17.89,50.64,82.61,16.49,82.39,68.03,86.37,44.72,22.36,32.56,31.62,76.11,4.47,44.27,6.0,24.41,10.77,64.03,80.5,83.26,34.0,68.26,80.62,54.33,52.04,56.64,55.79,18.97,51.42,84.4,39.29,45.12,20.4,28.84,52.04,12.81,70.23,54.63,12.81,84.76,70.94,47.71,54.92,19.8,26.08,67.23,64.62,70.46,72.72,66.48,58.14,74.43,45.61,54.04,73.24,18.0,16.49,90.69,34.53,88.81,81.63,52.8,76.94,68.07,73.06,83.24,0.0,25.0,72.09,56.89,27.0,70.8,74.06,22.83,73.25,55.0
69,37.64,65.8,40.01,30.02,82.35,40.11,76.69,64.85,66.37,48.92,3.61,15.26,6.71,74.46,29.41,27.66,24.02,8.06,17.8,68.01,66.1,69.72,46.14,44.01,59.64,50.33,28.44,37.7,60.44,43.97,44.64,66.31,46.01,26.25,44.1,9.0,28.44,37.16,45.31,62.97,20.52,73.11,59.03,33.06,34.48,23.26,21.1,42.49,71.51,65.0,56.75,73.0,33.84,58.69,20.62,30.41,55.97,26.4,40.11,68.88,10.05,65.8,57.8,61.62,52.7,45.12,71.31,67.91,25.0,0.0,59.21,59.64,7.62,48.1,72.24,5.66,54.63,53.67
70,41.73,54.82,73.41,76.92,42.15,76.61,26.4,27.07,29.07,43.05,62.39,72.06,56.01,34.48,75.58,81.05,66.64,52.77,72.53,45.18,9.22,11.18,57.63,71.56,30.68,25.94,68.01,25.63,44.64,85.98,23.35,21.1,48.01,77.47,79.03,50.25,68.01,83.65,55.97,53.45,76.4,14.04,3.0,26.17,80.01,81.39,80.31,51.86,53.34,21.38,9.85,53.15,46.14,9.22,56.04,68.71,14.32,56.08,76.61,39.46,60.21,45.22,47.51,54.08,49.2,79.26,32.76,13.04,72.09,59.21,0.0,40.26,66.03,36.88,32.98,55.73,19.24,31.02
71,22.36,14.56,48.37,87.73,26.0,52.35,31.62,16.97,68.47,12.17,61.06,74.89,60.96,20.88,58.31,87.2,50.99,51.61,63.25,8.49,48.7,48.33,26.68,92.65,68.0,16.12,82.22,50.0,4.47,62.51,22.8,61.19,18.0,85.28,52.95,52.5,82.22,64.0,82.46,13.42,67.05,44.94,37.36,39.4,91.93,74.0,76.97,78.0,14.56,22.8,48.37,15.23,68.88,48.66,69.66,83.74,52.15,39.29,52.35,78.1,66.6,82.1,81.22,14.42,80.52,97.8,18.38,52.81,56.89,59.64,40.26,0.0,67.12,68.45,19.31,54.08,56.01,10.05
72,45.0,72.84,43.74,24.35,89.96,43.19,84.17,72.45,71.11,56.22,6.4,7.81,10.44,82.08,31.06,20.52,27.66,15.65,17.46,75.45,72.56,76.32,52.43,41.44,64.01,57.94,25.08,43.42,67.8,45.4,52.2,71.78,53.04,19.72,47.17,16.28,25.08,37.85,45.79,70.01,18.79,80.01,66.01,40.01,28.79,19.1,14.87,43.6,78.75,72.53,62.97,80.28,36.07,64.94,20.81,27.07,61.85,32.45,43.19,72.67,9.22,68.77,60.11,68.59,54.56,41.11,78.92,74.15,27.0,7.62,66.03,67.12,0.0,51.61,79.85,13.04,60.08,61.27
73,57.31,81.61,80.53,50.49,78.03,82.3,63.25,60.84,22.02,65.03,51.66,54.12,41.87,69.84,75.21,57.97,67.42,46.4,65.76,75.69,36.62,41.05,73.98,37.64,14.04,52.39,40.31,19.0,72.01,89.04,45.71,26.93,67.12,53.6,85.87,42.01,40.31,83.6,20.12,79.4,68.62,47.8,39.2,31.06,52.09,70.6,66.04,16.76,82.98,56.44,27.59,83.43,16.76,29.07,32.7,40.11,23.43,61.85,82.3,21.1,42.72,18.03,13.0,79.23,12.53,46.32,67.54,35.36,70.8,48.1,36.88,68.45,51.61,0.0,68.0,48.27,18.6,58.46
74,38.12,30.41,67.27,97.64,10.63,71.2,13.6,7.81,61.81,30.41,74.33,87.32,72.01,2.24,76.01,98.84,68.07,64.26,79.08,17.69,39.05,37.05,45.88,98.31,63.6,21.93,90.6,52.01,22.83,81.39,28.3,53.34,36.67,96.25,72.03,63.98,90.6,82.3,85.21,30.61,83.02,31.58,30.08,44.69,101.51,89.63,91.48,80.8,25.24,11.7,42.72,24.19,73.0,42.2,77.8,91.83,47.13,56.08,71.2,72.37,77.41,78.16,79.71,32.2,80.53,104.74,1.0,43.01,74.06,72.24,32.98,19.31,79.85,68.0,0.0,67.07,51.87,19.24
75,32.02,60.14,36.12,35.51,77.08,36.67,72.01,59.77,65.22,43.28,7.28,20.81,10.05,69.29,27.29,33.3,20.62,3.0,18.03,62.43,63.06,66.49,40.71,48.26,58.9,45.22,33.24,35.85,54.82,41.63,39.81,64.41,40.36,31.89,40.61,6.4,33.24,35.51,47.8,57.31,21.47,69.46,55.33,29.61,39.96,25.71,25.08,44.6,65.86,60.21,54.08,67.36,35.34,55.97,24.02,35.17,53.71,21.19,36.67,68.59,14.87,66.22,58.83,55.97,54.12,50.0,66.13,65.15,22.83,5.66,55.73,54.08,13.04,48.27,67.07,0.0,52.84,48.33
76,50.57,70.18,79.03,65.12,61.33,81.57,45.49,45.35,13.89,55.54,58.18,64.54,49.65,53.49,77.34,71.11,68.68,50.25,70.83,62.2,18.03,22.47,67.62,55.54,12.04,40.11,55.33,17.0,60.07,89.81,34.71,11.7,59.14,67.03,84.65,46.53,55.33,85.8,38.59,68.36,74.3,29.21,21.93,26.25,67.48,77.88,74.95,34.89,70.06,40.16,9.43,70.18,31.58,10.63,45.04,55.58,5.0,60.31,81.57,22.2,52.39,26.48,28.3,68.59,30.41,63.91,51.55,17.09,73.25,54.63,19.24,56.01,60.08,18.6,51.87,52.84,0.0,46.04
77,19.0,24.19,49.65,80.43,28.79,53.45,28.16,13.15,58.69,13.6,55.54,68.88,54.08,21.38,57.14,80.78,49.0,45.62,59.84,17.46,39.81,39.96,29.68,83.82,58.01,6.08,74.25,40.16,14.04,63.6,13.0,51.66,19.72,78.49,54.78,45.79,74.25,63.79,72.92,22.56,63.79,37.54,28.23,30.02,84.5,70.41,72.42,68.45,24.52,17.0,38.64,25.0,59.54,39.05,61.52,75.66,42.3,37.0,53.45,68.18,59.64,72.06,71.2,23.09,70.6,89.38,18.25,43.86,55.0,53.67,31.02,10.05,61.27,58.46,19.24,48.33,46.04,0.0
