set K:= 1	2	3	4	5	6	7	8	9;
set C_H:= 1	2	3	4	5	6	7	8	9	10	11	12	13	14	15	16	17	18	19	20	21	22;
set C_S:= 23	24	25	26	27	28	29	30	31	32	33	34	35	36	37	38	39	40	41	42	43;
set C_F:= 44	45	46	47	48	49	50	51	52	53	54	55	56	57	58	59	60	61	62	63	64;
set M:= 65	66;
set L_B:= 67	68	69	70	71	72	73	74	75;
set A1:=
(0,*) 1 2 3 4 5 6 7 8 9 10 11 12 13 14 15 16 17 18 19 20 21 22 44 45 46 47 48 49 50 51 52 53 54 55 56 57 58 59 60 61 62 63 64 65 66 67 68 69 70 71 72 73 74 75
(1,*) 0 2 3 4 5 6 7 8 9 10 11 12 13 14 15 16 17 18 19 20 21 22 44 45 46 47 48 49 50 51 52 53 54 55 56 57 58 59 60 61 62 63 64 65 66 67 68 69 70 71 72 73 74 75
(2,*) 0 1 3 4 5 6 7 8 9 10 11 12 13 14 15 16 17 18 19 20 21 22 44 45 46 47 48 49 50 51 52 53 54 55 56 57 58 59 60 61 62 63 64 65 66 67 68 69 70 71 72 73 74 75
(3,*) 0 1 2 4 5 6 7 8 9 10 11 12 13 14 15 16 17 18 19 20 21 22 44 45 46 47 48 49 50 51 52 53 54 55 56 57 58 59 60 61 62 63 64 65 66 67 68 69 70 71 72 73 74 75
(4,*) 0 1 2 3 5 6 7 8 9 10 11 12 13 14 15 16 17 18 19 20 21 22 44 45 46 47 48 49 50 51 52 53 54 55 56 57 58 59 60 61 62 63 64 65 66 67 68 69 70 71 72 73 74 75
(5,*) 0 1 2 3 4 6 7 8 9 10 11 12 13 14 15 16 17 18 19 20 21 22 44 45 46 47 48 49 50 51 52 53 54 55 56 57 58 59 60 61 62 63 64 65 66 67 68 69 70 71 72 73 74 75
(6,*) 0 1 2 3 4 5 7 8 9 10 11 12 13 14 15 16 17 18 19 20 21 22 44 45 46 47 48 49 50 51 52 53 54 55 56 57 58 59 60 61 62 63 64 65 66 67 68 69 70 71 72 73 74 75
(7,*) 0 1 2 3 4 5 6 8 9 10 11 12 13 14 15 16 17 18 19 20 21 22 44 45 46 47 48 49 50 51 52 53 54 55 56 57 58 59 60 61 62 63 64 65 66 67 68 69 70 71 72 73 74 75
(8,*) 0 1 2 3 4 5 6 7 9 10 11 12 13 14 15 16 17 18 19 20 21 22 44 45 46 47 48 49 50 51 52 53 54 55 56 57 58 59 60 61 62 63 64 65 66 67 68 69 70 71 72 73 74 75
(9,*) 0 1 2 3 4 5 6 7 8 10 11 12 13 14 15 16 17 18 19 20 21 22 44 45 46 47 48 49 50 51 52 53 54 55 56 57 58 59 60 61 62 63 64 65 66 67 68 69 70 71 72 73 74 75
(10,*) 0 1 2 3 4 5 6 7 8 9 11 12 13 14 15 16 17 18 19 20 21 22 44 45 46 47 48 49 50 51 52 53 54 55 56 57 58 59 60 61 62 63 64 65 66 67 68 69 70 71 72 73 74 75
(11,*) 0 1 2 3 4 5 6 7 8 9 10 12 13 14 15 16 17 18 19 20 21 22 44 45 46 47 48 49 50 51 52 53 54 55 56 57 58 59 60 61 62 63 64 65 66 67 68 69 70 71 72 73 74 75
(12,*) 0 1 2 3 4 5 6 7 8 9 10 11 13 14 15 16 17 18 19 20 21 22 44 45 46 47 48 49 50 51 52 53 54 55 56 57 58 59 60 61 62 63 64 65 66 67 68 69 70 71 72 73 74 75
(13,*) 0 1 2 3 4 5 6 7 8 9 10 11 12 14 15 16 17 18 19 20 21 22 44 45 46 47 48 49 50 51 52 53 54 55 56 57 58 59 60 61 62 63 64 65 66 67 68 69 70 71 72 73 74 75
(14,*) 0 1 2 3 4 5 6 7 8 9 10 11 12 13 15 16 17 18 19 20 21 22 44 45 46 47 48 49 50 51 52 53 54 55 56 57 58 59 60 61 62 63 64 65 66 67 68 69 70 71 72 73 74 75
(15,*) 0 1 2 3 4 5 6 7 8 9 10 11 12 13 14 16 17 18 19 20 21 22 44 45 46 47 48 49 50 51 52 53 54 55 56 57 58 59 60 61 62 63 64 65 66 67 68 69 70 71 72 73 74 75
(16,*) 0 1 2 3 4 5 6 7 8 9 10 11 12 13 14 15 17 18 19 20 21 22 44 45 46 47 48 49 50 51 52 53 54 55 56 57 58 59 60 61 62 63 64 65 66 67 68 69 70 71 72 73 74 75
(17,*) 0 1 2 3 4 5 6 7 8 9 10 11 12 13 14 15 16 18 19 20 21 22 44 45 46 47 48 49 50 51 52 53 54 55 56 57 58 59 60 61 62 63 64 65 66 67 68 69 70 71 72 73 74 75
(18,*) 0 1 2 3 4 5 6 7 8 9 10 11 12 13 14 15 16 17 19 20 21 22 44 45 46 47 48 49 50 51 52 53 54 55 56 57 58 59 60 61 62 63 64 65 66 67 68 69 70 71 72 73 74 75
(19,*) 0 1 2 3 4 5 6 7 8 9 10 11 12 13 14 15 16 17 18 20 21 22 44 45 46 47 48 49 50 51 52 53 54 55 56 57 58 59 60 61 62 63 64 65 66 67 68 69 70 71 72 73 74 75
(20,*) 0 1 2 3 4 5 6 7 8 9 10 11 12 13 14 15 16 17 18 19 21 22 44 45 46 47 48 49 50 51 52 53 54 55 56 57 58 59 60 61 62 63 64 65 66 67 68 69 70 71 72 73 74 75
(21,*) 0 1 2 3 4 5 6 7 8 9 10 11 12 13 14 15 16 17 18 19 20 22 44 45 46 47 48 49 50 51 52 53 54 55 56 57 58 59 60 61 62 63 64 65 66 67 68 69 70 71 72 73 74 75
(22,*) 0 1 2 3 4 5 6 7 8 9 10 11 12 13 14 15 16 17 18 19 20 21 44 45 46 47 48 49 50 51 52 53 54 55 56 57 58 59 60 61 62 63 64 65 66 67 68 69 70 71 72 73 74 75
(44,*) 0 1 2 3 4 5 6 7 8 9 10 11 12 13 14 15 16 17 18 19 20 21 22 45 46 47 48 49 50 51 52 53 54 55 56 57 58 59 60 61 62 63 64 65 66 67 68 69 70 71 72 73 74 75
(45,*) 0 1 2 3 4 5 6 7 8 9 10 11 12 13 14 15 16 17 18 19 20 21 22 44 46 47 48 49 50 51 52 53 54 55 56 57 58 59 60 61 62 63 64 65 66 67 68 69 70 71 72 73 74 75
(46,*) 0 1 2 3 4 5 6 7 8 9 10 11 12 13 14 15 16 17 18 19 20 21 22 44 45 47 48 49 50 51 52 53 54 55 56 57 58 59 60 61 62 63 64 65 66 67 68 69 70 71 72 73 74 75
(47,*) 0 1 2 3 4 5 6 7 8 9 10 11 12 13 14 15 16 17 18 19 20 21 22 44 45 46 48 49 50 51 52 53 54 55 56 57 58 59 60 61 62 63 64 65 66 67 68 69 70 71 72 73 74 75
(48,*) 0 1 2 3 4 5 6 7 8 9 10 11 12 13 14 15 16 17 18 19 20 21 22 44 45 46 47 49 50 51 52 53 54 55 56 57 58 59 60 61 62 63 64 65 66 67 68 69 70 71 72 73 74 75
(49,*) 0 1 2 3 4 5 6 7 8 9 10 11 12 13 14 15 16 17 18 19 20 21 22 44 45 46 47 48 50 51 52 53 54 55 56 57 58 59 60 61 62 63 64 65 66 67 68 69 70 71 72 73 74 75
(50,*) 0 1 2 3 4 5 6 7 8 9 10 11 12 13 14 15 16 17 18 19 20 21 22 44 45 46 47 48 49 51 52 53 54 55 56 57 58 59 60 61 62 63 64 65 66 67 68 69 70 71 72 73 74 75
(51,*) 0 1 2 3 4 5 6 7 8 9 10 11 12 13 14 15 16 17 18 19 20 21 22 44 45 46 47 48 49 50 52 53 54 55 56 57 58 59 60 61 62 63 64 65 66 67 68 69 70 71 72 73 74 75
(52,*) 0 1 2 3 4 5 6 7 8 9 10 11 12 13 14 15 16 17 18 19 20 21 22 44 45 46 47 48 49 50 51 53 54 55 56 57 58 59 60 61 62 63 64 65 66 67 68 69 70 71 72 73 74 75
(53,*) 0 1 2 3 4 5 6 7 8 9 10 11 12 13 14 15 16 17 18 19 20 21 22 44 45 46 47 48 49 50 51 52 54 55 56 57 58 59 60 61 62 63 64 65 66 67 68 69 70 71 72 73 74 75
(54,*) 0 1 2 3 4 5 6 7 8 9 10 11 12 13 14 15 16 17 18 19 20 21 22 44 45 46 47 48 49 50 51 52 53 55 56 57 58 59 60 61 62 63 64 65 66 67 68 69 70 71 72 73 74 75
(55,*) 0 1 2 3 4 5 6 7 8 9 10 11 12 13 14 15 16 17 18 19 20 21 22 44 45 46 47 48 49 50 51 52 53 54 56 57 58 59 60 61 62 63 64 65 66 67 68 69 70 71 72 73 74 75
(56,*) 0 1 2 3 4 5 6 7 8 9 10 11 12 13 14 15 16 17 18 19 20 21 22 44 45 46 47 48 49 50 51 52 53 54 55 57 58 59 60 61 62 63 64 65 66 67 68 69 70 71 72 73 74 75
(57,*) 0 1 2 3 4 5 6 7 8 9 10 11 12 13 14 15 16 17 18 19 20 21 22 44 45 46 47 48 49 50 51 52 53 54 55 56 58 59 60 61 62 63 64 65 66 67 68 69 70 71 72 73 74 75
(58,*) 0 1 2 3 4 5 6 7 8 9 10 11 12 13 14 15 16 17 18 19 20 21 22 44 45 46 47 48 49 50 51 52 53 54 55 56 57 59 60 61 62 63 64 65 66 67 68 69 70 71 72 73 74 75
(59,*) 0 1 2 3 4 5 6 7 8 9 10 11 12 13 14 15 16 17 18 19 20 21 22 44 45 46 47 48 49 50 51 52 53 54 55 56 57 58 60 61 62 63 64 65 66 67 68 69 70 71 72 73 74 75
(60,*) 0 1 2 3 4 5 6 7 8 9 10 11 12 13 14 15 16 17 18 19 20 21 22 44 45 46 47 48 49 50 51 52 53 54 55 56 57 58 59 61 62 63 64 65 66 67 68 69 70 71 72 73 74 75
(61,*) 0 1 2 3 4 5 6 7 8 9 10 11 12 13 14 15 16 17 18 19 20 21 22 44 45 46 47 48 49 50 51 52 53 54 55 56 57 58 59 60 62 63 64 65 66 67 68 69 70 71 72 73 74 75
(62,*) 0 1 2 3 4 5 6 7 8 9 10 11 12 13 14 15 16 17 18 19 20 21 22 44 45 46 47 48 49 50 51 52 53 54 55 56 57 58 59 60 61 63 64 65 66 67 68 69 70 71 72 73 74 75
(63,*) 0 1 2 3 4 5 6 7 8 9 10 11 12 13 14 15 16 17 18 19 20 21 22 44 45 46 47 48 49 50 51 52 53 54 55 56 57 58 59 60 61 62 64 65 66 67 68 69 70 71 72 73 74 75
(64,*) 0 1 2 3 4 5 6 7 8 9 10 11 12 13 14 15 16 17 18 19 20 21 22 44 45 46 47 48 49 50 51 52 53 54 55 56 57 58 59 60 61 62 63 65 66 67 68 69 70 71 72 73 74 75
(65,*) 0 1 2 3 4 5 6 7 8 9 10 11 12 13 14 15 16 17 18 19 20 21 22 44 45 46 47 48 49 50 51 52 53 54 55 56 57 58 59 60 61 62 63 64 67 68 69 70 71 72 73 74 75
(66,*) 0 1 2 3 4 5 6 7 8 9 10 11 12 13 14 15 16 17 18 19 20 21 22 44 45 46 47 48 49 50 51 52 53 54 55 56 57 58 59 60 61 62 63 64 67 68 69 70 71 72 73 74 75
(67,*) 0 1 2 3 4 5 6 7 8 9 10 11 12 13 14 15 16 17 18 19 20 21 22 44 45 46 47 48 49 50 51 52 53 54 55 56 57 58 59 60 61 62 63 64 65 66 68 69 70 71 72 73 74 75
(68,*) 0 1 2 3 4 5 6 7 8 9 10 11 12 13 14 15 16 17 18 19 20 21 22 44 45 46 47 48 49 50 51 52 53 54 55 56 57 58 59 60 61 62 63 64 65 66 67 69 70 71 72 73 74 75
(69,*) 0 1 2 3 4 5 6 7 8 9 10 11 12 13 14 15 16 17 18 19 20 21 22 44 45 46 47 48 49 50 51 52 53 54 55 56 57 58 59 60 61 62 63 64 65 66 67 68 70 71 72 73 74 75
(70,*) 0 1 2 3 4 5 6 7 8 9 10 11 12 13 14 15 16 17 18 19 20 21 22 44 45 46 47 48 49 50 51 52 53 54 55 56 57 58 59 60 61 62 63 64 65 66 67 68 69 71 72 73 74 75
(71,*) 0 1 2 3 4 5 6 7 8 9 10 11 12 13 14 15 16 17 18 19 20 21 22 44 45 46 47 48 49 50 51 52 53 54 55 56 57 58 59 60 61 62 63 64 65 66 67 68 69 70 72 73 74 75
(72,*) 0 1 2 3 4 5 6 7 8 9 10 11 12 13 14 15 16 17 18 19 20 21 22 44 45 46 47 48 49 50 51 52 53 54 55 56 57 58 59 60 61 62 63 64 65 66 67 68 69 70 71 73 74 75
(73,*) 0 1 2 3 4 5 6 7 8 9 10 11 12 13 14 15 16 17 18 19 20 21 22 44 45 46 47 48 49 50 51 52 53 54 55 56 57 58 59 60 61 62 63 64 65 66 67 68 69 70 71 72 74 75
(74,*) 0 1 2 3 4 5 6 7 8 9 10 11 12 13 14 15 16 17 18 19 20 21 22 44 45 46 47 48 49 50 51 52 53 54 55 56 57 58 59 60 61 62 63 64 65 66 67 68 69 70 71 72 73 75
(75,*) 0 1 2 3 4 5 6 7 8 9 10 11 12 13 14 15 16 17 18 19 20 21 22 44 45 46 47 48 49 50 51 52 53 54 55 56 57 58 59 60 61 62 63 64 65 66 67 68 69 70 71 72 73 74
;
param BigM:=99999;
param n:= 9;
param d:=
1	12
2	9
3	10
4	17
5	11
6	9
7	11
8	1
9	26
10	16
11	2
12	8
13	6
14	14
15	6
16	24
17	21
18	19
19	14
20	2
21	16
22	14
23	7
24	20
25	12
26	23
27	21
28	17
29	2
30	23
31	12
32	18
33	5
34	15
35	24
36	2
37	14
38	10
39	6
40	20
41	4
42	23
43	23
44	24
45	16
46	18
47	26
48	2
49	12
50	7
51	10
52	9
53	22
54	15
55	14
56	24
57	19
58	13
59	5
60	25
61	8
62	2
63	13
64	24
;
param Q:=100;
param e:
	65	66	67	68	69	70	71	72	73	74	75:=
23	0	0	0	1	0	0	0	0	0	0	0	
24	0	0	0	0	1	0	0	0	0	0	0	
25	0	0	0	1	0	0	0	0	0	0	0	
26	0	0	0	0	1	0	0	0	0	0	0	
27	0	0	0	0	0	1	0	0	0	0	0	
28	0	0	1	0	0	1	0	0	1	0	0	
29	0	0	0	0	1	0	0	0	0	0	0	
30	1	0	0	0	0	0	0	0	0	0	0	
31	0	1	0	0	0	0	0	0	0	0	0	
32	0	0	0	0	1	0	0	0	0	0	1	
33	1	0	0	0	0	0	0	0	0	0	0	
34	1	0	0	0	0	0	0	0	0	0	0	
35	0	0	0	1	0	0	0	0	0	1	1	
36	0	0	0	0	0	0	0	0	0	1	0	
37	0	0	0	0	1	0	0	0	0	0	0	
38	1	0	0	0	0	0	0	0	0	0	0	
39	0	0	0	0	1	0	0	0	0	0	1	
40	0	0	1	0	0	0	0	0	0	0	0	
41	0	1	0	0	0	0	0	0	0	0	0	
42	1	0	0	0	0	0	0	0	0	0	0	
43	0	1	0	0	0	0	0	0	0	0	0	
44	0	0	0	0	0	0	1	0	0	0	0	
45	0	0	0	1	0	0	0	0	0	0	0	
46	0	0	0	0	0	1	0	0	0	0	0	
47	0	0	0	0	0	0	0	0	0	0	1	
48	0	1	0	0	0	0	0	0	0	0	0	
49	0	0	0	0	0	0	1	0	0	0	0	
50	0	1	1	0	0	0	0	0	1	0	0	
51	0	0	1	0	0	1	0	0	1	0	0	
52	0	0	0	0	1	0	0	0	0	0	1	
53	0	1	0	0	0	0	0	0	0	0	0	
54	0	0	0	1	0	0	0	0	0	0	1	
55	0	0	1	0	0	0	0	0	1	0	0	
56	0	0	0	0	1	0	0	0	0	0	1	
57	1	0	0	1	0	0	0	0	0	1	0	
58	0	0	0	0	0	0	1	0	0	0	0	
59	0	0	0	0	0	0	1	0	0	0	0	
60	0	0	0	0	0	1	0	0	1	0	0	
61	0	0	0	0	1	0	0	1	0	0	1	
62	0	1	0	0	0	0	0	0	0	0	0	
63	0	0	0	1	0	0	0	1	0	1	1	
64	0	0	0	0	0	1	0	0	1	0	0	
;
param p:=
1	3
2	3
3	3
4	3
5	3
6	3
7	3
8	3
9	3
;
param G:=
65	88
66	84
67	72
68	88
69	82
70	93
71	84
72	93
73	95
74	78
75	84
;
param s:=
0	0
1	10
2	10
3	10
4	10
5	10
6	10
7	10
8	10
9	10
10	10
11	10
12	10
13	10
14	10
15	10
16	10
17	10
18	10
19	10
20	10
21	10
22	10
44	10
45	10
46	10
47	10
48	10
49	10
50	10
51	10
52	10
53	10
54	10
55	10
56	10
57	10
58	10
59	10
60	10
61	10
62	10
63	10
64	10
65	10
66	10
67	10
68	10
69	10
70	10
71	10
72	10
73	10
74	10
75	10
;
param t:
	0	1	2	3	4	5	6	7	8	9	10	11	12	13	14	15	16	17	18	19	20	21	22	23	24	25	26	27	28	29	30	31	32	33	34	35	36	37	38	39	40	41	42	43	44	45	46	47	48	49	50	51	52	53	54	55	56	57	58	59	60	61	62	63	64	65	66	67	68	69	70	71	72	73	74	75:=
0	0.0	45.12	26.31	32.25	70.94	51.92	54.63	32.06	52.8	62.8	30.0	52.95	73.76	17.09	74.32	63.66	50.12	37.74	67.08	63.81	68.0	18.0	26.08	39.7	28.84	46.69	11.31	65.3	45.34	33.94	46.04	41.23	30.53	50.91	47.2	18.97	38.47	22.8	59.36	10.2	31.24	45.12	48.37	35.78	72.11	52.15	66.6	47.07	35.78	64.4	38.83	39.7	40.2	38.21	34.93	29.73	35.38	52.5	61.35	70.26	62.13	25.06	45.69	18.44	62.13	54.49	36.0	29.07	40.8	27.59	64.03	56.46	4.47	37.48	34.44	20.62
1	45.12	0.0	50.6	30.53	44.05	7.21	13.42	76.42	22.09	62.13	17.2	54.04	86.28	46.04	59.67	34.06	39.45	32.31	64.5	45.12	72.8	27.86	66.24	75.71	68.96	90.02	55.03	32.56	27.78	76.03	75.39	4.0	74.67	84.12	77.25	62.13	57.31	66.48	85.88	50.16	27.78	20.0	75.15	28.64	89.38	89.82	40.0	92.2	28.64	86.53	16.97	26.91	85.16	15.23	78.03	24.17	77.82	87.36	80.0	78.1	43.17	64.5	28.07	58.03	43.17	86.38	12.81	27.73	78.26	70.26	30.59	78.23	48.66	24.76	62.63	65.52
2	26.31	50.6	0.0	52.8	57.31	55.32	54.15	36.88	46.39	38.63	42.8	29.53	47.54	43.17	54.04	53.14	33.29	58.41	43.08	47.2	42.19	34.06	49.03	26.0	51.42	45.69	34.23	56.32	34.93	53.85	25.06	46.82	47.41	33.53	26.83	24.41	12.17	42.38	36.88	36.06	24.08	60.0	25.61	55.32	46.52	40.05	53.67	55.32	55.32	40.0	36.22	30.27	46.86	51.61	34.99	26.68	54.63	36.88	35.78	44.05	46.04	48.66	63.66	17.2	46.04	35.85	47.71	23.35	29.07	47.76	55.79	31.62	24.0	30.02	12.08	37.16
3	32.25	30.53	52.8	0.0	72.28	37.2	43.91	62.64	50.0	80.05	16.12	70.34	98.39	22.0	84.02	62.64	60.13	5.66	83.55	70.26	88.54	18.87	42.43	71.61	44.72	77.79	36.88	62.03	50.04	52.61	76.37	28.64	54.0	82.46	77.79	50.99	63.81	46.04	89.2	30.59	40.79	17.09	77.9	4.0	98.79	84.38	67.91	74.24	4.0	92.8	38.21	46.04	69.05	15.62	66.48	36.5	54.59	84.4	88.2	92.48	68.26	40.45	14.14	50.48	68.26	85.8	17.89	39.05	72.95	48.09	60.17	84.4	36.72	43.05	63.7	47.68
4	70.94	44.05	57.31	72.28	0.0	40.2	32.25	93.74	22.36	36.88	56.32	36.06	64.56	80.62	21.26	10.0	24.17	75.31	36.06	12.0	48.08	60.83	96.83	80.99	99.64	102.86	82.22	12.65	25.61	104.8	73.76	44.41	100.42	83.95	75.71	80.0	54.41	93.38	78.1	80.0	39.7	64.03	71.02	71.39	71.39	93.68	4.47	112.07	71.39	74.11	34.93	31.24	103.73	58.55	92.28	41.62	106.15	88.29	66.12	54.41	12.17	95.6	72.11	73.24	12.17	84.17	54.92	41.87	84.5	98.41	14.56	68.03	72.14	33.6	65.19	89.83
5	51.92	7.21	55.32	37.2	40.2	0.0	8.0	82.87	19.7	62.48	24.41	55.17	87.86	53.25	57.58	30.27	39.7	38.47	64.4	43.08	73.59	34.93	73.43	80.89	76.16	96.19	62.03	28.0	28.28	83.19	79.7	10.77	81.71	88.77	81.61	68.47	60.93	73.54	89.55	57.27	31.62	24.74	79.12	34.99	91.61	95.04	36.5	98.95	34.99	89.55	19.7	28.84	91.78	21.63	84.21	28.64	84.97	92.2	82.68	79.2	41.23	71.69	32.98	64.03	41.23	90.8	19.8	32.02	83.6	77.39	26.0	81.41	55.32	27.29	67.19	72.42
6	54.63	13.42	54.15	43.91	32.25	8.0	0.0	84.4	12.81	56.57	29.73	50.0	82.8	58.14	50.16	22.36	34.06	45.69	58.14	35.78	67.94	38.83	77.67	80.1	80.45	97.02	65.3	20.0	23.32	87.13	77.67	15.62	84.97	87.13	79.62	69.86	58.24	76.94	86.65	61.06	30.07	32.56	76.66	42.05	87.13	94.19	28.64	101.19	42.05	85.91	18.0	25.3	93.68	28.64	85.16	28.07	88.84	90.8	78.71	73.76	34.0	76.03	40.79	64.78	34.0	88.84	26.08	31.0	83.02	81.12	18.0	78.0	57.58	24.52	65.62	75.24
7	32.06	76.42	36.88	62.64	93.74	82.87	84.4	0.0	79.85	73.24	62.03	65.3	71.81	42.05	90.55	88.59	70.0	67.68	77.67	84.02	73.35	50.04	30.0	24.08	30.53	15.23	26.0	91.24	69.77	27.2	36.5	72.44	18.97	34.23	36.22	14.56	44.41	21.26	48.0	32.31	56.46	76.94	40.79	66.48	66.48	28.64	89.89	18.44	66.48	56.14	67.05	64.4	10.0	70.26	6.32	56.92	26.68	32.98	57.27	72.8	82.8	31.24	76.66	20.59	82.8	38.33	68.03	54.78	22.02	24.19	90.38	50.99	28.0	63.16	33.62	16.4
8	52.8	22.09	46.39	50.0	22.36	19.7	12.81	79.85	0.0	43.86	34.18	37.74	70.46	60.0	37.95	12.65	21.63	52.95	45.34	23.41	55.32	40.0	77.79	72.25	80.62	91.21	64.03	12.81	12.17	86.56	68.26	22.09	83.23	78.1	70.26	65.39	48.37	75.6	76.16	60.83	23.41	42.05	66.75	49.03	75.18	86.09	18.11	97.51	49.03	74.67	14.14	16.12	89.55	36.22	79.7	23.32	88.09	82.02	67.23	61.22	21.54	76.37	50.0	59.46	21.54	79.4	32.56	25.08	75.43	80.28	11.31	67.05	54.92	16.76	57.01	72.95
9	62.8	62.13	38.63	80.05	36.88	62.48	56.57	73.24	43.86	0.0	65.15	10.0	27.86	78.1	20.88	40.25	22.8	84.9	4.47	25.3	11.66	62.51	87.36	53.81	89.84	77.79	72.28	44.72	34.41	92.48	43.27	60.03	85.91	52.84	44.94	62.61	28.84	80.99	43.68	72.99	39.29	79.62	39.45	81.04	34.53	63.81	36.06	91.21	81.04	38.21	45.65	35.78	82.8	71.69	69.66	43.68	93.23	57.31	30.27	17.89	26.0	86.83	86.16	55.46	26.0	51.89	67.23	41.0	57.38	86.38	45.65	33.53	61.61	38.48	39.82	75.77
10	30.0	17.2	42.8	16.12	56.32	24.41	29.73	62.03	34.18	65.15	0.0	55.71	85.44	28.84	68.0	46.82	44.41	20.1	68.41	54.15	74.32	12.0	49.19	65.39	51.88	76.42	38.83	46.52	34.0	59.09	67.68	14.14	58.24	75.18	69.34	48.37	52.35	50.0	79.65	33.53	26.0	17.2	68.41	16.12	86.83	79.12	51.92	76.66	16.12	82.02	22.09	30.27	70.11	8.94	64.5	21.54	60.93	77.82	76.58	78.71	52.15	47.41	21.63	45.61	52.15	78.03	6.0	24.6	67.42	53.49	44.72	73.54	34.06	27.29	54.64	49.65
11	52.95	54.04	29.53	70.34	36.06	55.17	50.0	65.3	37.74	10.0	55.71	0.0	32.8	68.12	25.61	36.88	16.12	75.29	14.14	24.08	18.87	52.61	77.79	47.71	80.32	71.22	62.64	41.23	26.91	83.26	38.63	51.61	76.94	48.7	40.5	53.85	21.26	71.69	42.05	63.15	29.73	70.71	35.44	71.47	37.58	59.09	34.06	83.55	71.47	38.47	37.2	27.2	75.07	62.61	62.23	34.18	84.1	53.14	30.59	24.08	24.0	77.2	76.97	46.65	24.0	48.51	58.14	31.32	51.31	77.08	41.76	32.0	51.92	29.68	32.65	66.64
12	73.76	86.28	47.54	98.39	64.56	87.86	82.8	71.81	70.46	27.86	85.44	32.8	0.0	90.71	46.17	68.03	48.83	103.77	28.64	53.14	16.49	79.62	94.02	48.08	96.0	70.68	80.4	72.5	59.67	96.33	35.44	83.55	88.57	41.18	36.06	66.03	35.44	86.02	27.2	83.19	60.0	101.61	31.05	100.24	8.94	52.15	63.91	87.32	100.24	18.44	69.31	59.4	79.7	93.23	66.48	64.4	96.52	44.94	14.56	10.2	53.85	94.09	107.07	60.03	53.85	38.28	88.81	61.03	50.92	91.09	73.35	20.88	71.02	61.55	41.01	80.06
13	17.09	46.04	43.17	22.0	80.62	53.25	58.14	42.05	60.0	78.1	28.84	68.12	90.71	0.0	87.36	72.11	62.64	26.31	82.22	75.39	84.21	20.0	20.88	55.32	23.41	57.27	16.12	72.8	55.46	31.05	62.77	42.8	32.0	66.84	63.81	32.56	55.32	24.08	76.16	10.0	42.38	38.47	65.3	26.0	89.2	66.6	76.16	52.35	26.0	81.44	46.04	50.16	47.54	34.18	46.65	39.4	32.98	67.94	78.43	86.83	73.54	18.97	36.06	34.41	73.54	70.6	34.0	40.16	55.87	26.17	71.22	73.54	20.59	47.42	51.48	26.25
14	74.32	59.67	54.04	84.02	21.26	57.58	50.16	90.55	37.95	20.88	68.0	25.61	46.17	87.36	0.0	28.84	24.74	88.02	18.11	14.56	30.0	69.05	100.18	73.24	102.86	96.83	84.97	32.8	34.0	106.68	63.53	58.86	100.96	73.35	65.3	78.41	46.86	95.02	64.56	84.31	45.12	79.25	59.93	84.02	54.0	84.12	22.8	108.9	84.02	58.86	46.04	38.21	100.42	72.44	87.73	48.66	107.7	77.82	50.99	36.06	16.49	99.32	86.83	71.22	16.49	72.62	68.26	47.3	76.84	100.34	34.41	54.41	74.24	41.19	58.26	90.43
15	63.66	34.06	53.14	62.64	10.0	30.27	22.36	88.59	12.65	40.25	46.82	36.88	68.03	72.11	28.84	0.0	22.0	65.51	40.5	15.62	51.88	52.15	89.2	78.1	92.02	98.79	74.97	4.47	18.87	97.59	72.25	34.53	93.72	82.39	74.24	74.43	52.35	86.37	78.23	72.25	32.8	54.04	70.03	61.61	74.0	91.41	6.32	106.68	61.61	75.31	26.08	24.41	98.49	48.66	87.73	33.94	99.04	86.58	67.47	58.14	14.42	87.86	62.13	68.0	14.42	83.1	45.12	34.83	81.49	91.24	5.66	68.47	65.3	26.25	62.37	83.24
16	50.12	39.45	33.29	60.13	24.17	39.7	34.06	70.0	21.63	22.8	44.41	16.12	48.83	62.64	24.74	22.0	0.0	64.5	25.06	14.14	33.94	44.41	76.16	56.92	78.89	78.71	61.06	26.08	11.66	83.23	50.36	37.58	78.1	60.53	52.35	56.64	30.59	71.61	56.32	59.93	20.4	57.58	48.04	60.53	53.67	69.86	20.88	88.41	60.53	53.85	23.41	14.14	80.0	50.0	68.26	24.08	84.4	64.78	46.17	39.7	12.81	75.18	64.56	49.68	12.81	61.13	45.61	22.56	60.41	76.84	26.31	46.69	50.48	17.12	41.11	67.48
17	37.74	32.31	58.41	5.66	75.31	38.47	45.69	67.68	52.95	84.9	20.1	75.29	103.77	26.31	88.02	65.51	64.5	0.0	88.29	74.03	93.64	24.41	46.04	77.2	48.17	82.87	41.76	64.56	54.04	56.14	82.02	31.05	58.14	88.09	83.45	56.36	69.34	50.36	94.85	35.44	45.61	15.62	83.55	4.0	104.31	89.89	71.02	78.64	4.0	98.41	42.0	50.36	73.76	17.09	71.69	41.23	58.14	90.0	93.74	97.69	72.03	44.05	10.2	56.04	72.03	91.44	20.4	43.97	78.49	52.01	62.64	90.0	42.19	47.38	69.35	52.39
18	67.08	64.5	43.08	83.55	36.06	64.4	58.14	77.67	45.34	4.47	68.41	14.14	28.64	82.22	18.11	40.5	25.06	88.29	0.0	25.06	12.17	66.27	91.76	58.0	94.25	82.02	76.66	44.94	36.72	96.93	47.2	62.61	90.38	56.6	48.83	67.08	33.29	85.44	46.82	77.28	42.76	82.46	43.27	84.4	36.06	67.68	35.78	95.6	84.4	40.79	48.33	38.63	87.2	74.67	74.03	47.07	97.69	61.06	32.98	18.44	26.08	91.21	89.2	59.93	26.08	55.47	70.23	44.55	61.55	90.82	46.04	36.77	65.97	41.44	44.2	80.23
19	63.81	45.12	47.2	70.26	12.0	43.08	35.78	84.02	23.41	25.3	54.15	24.08	53.14	75.39	14.56	15.62	14.14	74.03	25.06	0.0	36.77	56.32	89.89	69.86	92.65	92.28	74.89	20.0	20.4	97.2	62.1	44.41	92.2	72.28	64.03	70.77	43.08	85.6	66.12	73.43	33.11	64.78	59.23	70.03	59.67	82.22	10.77	102.45	70.03	62.13	32.06	25.3	94.02	58.14	82.1	36.06	98.41	76.66	54.15	43.08	2.0	88.84	72.44	63.78	2.0	72.37	54.04	35.34	73.41	90.8	21.26	56.04	64.4	28.16	54.13	81.57
20	68.0	72.8	42.19	88.54	48.08	73.59	67.94	73.35	55.32	11.66	74.32	18.87	16.49	84.21	30.0	51.88	33.94	93.64	12.17	36.77	0.0	70.34	91.08	51.61	93.38	75.6	76.42	56.36	45.34	95.08	39.7	70.46	87.93	48.17	41.04	64.56	30.59	83.95	36.72	78.03	48.33	89.55	35.38	89.89	24.0	59.46	47.54	90.55	89.89	29.73	56.04	46.04	82.37	81.41	68.96	52.8	95.6	52.5	22.36	6.32	37.58	90.8	95.71	57.72	37.58	46.4	76.94	49.77	55.0	89.27	57.31	27.2	66.12	48.55	39.92	78.34
21	18.0	27.86	34.06	18.87	60.83	34.93	38.83	50.04	40.0	62.51	12.0	52.61	79.62	20.0	69.05	52.15	44.41	24.41	66.27	56.32	70.34	0.0	38.83	54.59	41.62	64.5	27.2	52.8	36.06	48.37	58.14	24.17	46.82	64.9	59.67	36.5	44.94	38.63	70.71	22.36	24.08	27.86	59.4	21.26	79.92	68.03	56.36	64.78	21.26	74.03	26.08	31.05	58.14	20.4	52.61	20.4	50.12	67.23	69.34	74.0	54.41	37.2	30.0	34.18	54.41	68.01	18.0	22.02	56.36	42.49	51.22	65.6	22.09	28.16	45.28	37.85
22	26.08	66.24	49.03	42.43	96.83	73.43	77.67	30.0	77.79	87.36	49.19	77.79	94.02	20.88	100.18	89.2	76.16	46.04	91.76	89.89	91.08	38.83	0.0	50.6	2.83	43.86	15.23	90.51	71.22	10.2	61.19	62.77	13.42	62.03	61.61	28.28	60.53	8.94	74.22	16.97	57.2	59.23	64.78	46.39	90.55	58.31	92.46	34.18	46.39	81.22	63.66	65.6	31.62	55.03	36.06	55.32	12.17	61.74	80.22	92.35	88.2	2.0	56.14	34.0	88.2	66.13	54.63	55.0	49.77	6.71	89.11	74.43	26.0	63.25	53.01	14.87
23	39.7	75.71	26.0	71.61	80.99	80.89	80.1	24.08	72.25	53.81	65.39	47.71	48.08	55.32	73.24	78.1	56.92	77.2	58.0	69.86	51.61	54.59	50.6	0.0	51.92	24.08	40.5	81.58	60.53	50.36	12.65	71.81	42.19	11.66	12.17	23.32	26.83	41.76	24.08	45.61	50.04	82.29	17.09	74.89	42.43	14.14	77.79	39.4	74.89	32.06	62.13	56.14	31.62	74.32	18.44	52.35	50.16	12.81	33.53	50.12	69.08	51.26	84.38	21.26	69.08	15.65	70.94	49.16	3.61	46.1	81.22	27.2	35.38	56.01	15.81	35.74
24	28.84	68.96	51.42	44.72	99.64	76.16	80.45	30.53	80.62	89.84	51.88	80.32	96.0	23.41	102.86	92.02	78.89	48.17	94.25	92.65	93.38	41.62	2.83	51.92	0.0	43.86	17.89	93.34	74.03	8.0	62.8	65.51	12.81	63.25	63.15	30.07	62.8	10.2	75.71	19.8	60.0	61.61	66.48	48.66	92.35	59.06	95.27	33.11	48.66	82.87	66.48	68.41	31.24	57.58	36.72	58.14	10.0	62.77	82.1	94.53	90.97	4.47	58.31	36.06	90.97	67.36	57.27	57.8	50.92	6.4	91.93	76.24	28.64	66.07	55.01	16.28
25	46.69	90.02	45.69	77.79	102.86	96.19	97.02	15.23	91.21	77.79	76.42	71.22	70.68	57.27	96.83	98.79	78.71	82.87	82.02	92.28	75.6	64.5	43.86	24.08	43.86	0.0	41.23	101.84	80.32	38.83	36.06	86.02	31.24	29.73	34.99	28.07	50.0	35.61	44.27	47.54	67.91	91.78	40.5	81.61	63.91	20.1	99.32	18.0	81.61	53.14	79.25	75.29	13.42	84.85	12.0	69.05	37.74	26.68	56.36	73.78	91.3	45.34	91.76	32.25	91.3	33.24	82.39	66.49	20.62	37.48	101.19	50.12	42.43	74.46	38.6	31.38
26	11.31	55.03	34.23	36.88	82.22	62.03	65.3	26.0	64.03	72.28	38.83	62.64	80.4	16.12	84.97	74.97	61.06	41.76	76.66	74.89	76.42	27.2	15.23	40.5	17.89	41.23	0.0	76.58	56.64	22.63	49.4	51.26	19.7	52.15	50.16	17.2	46.04	11.66	62.77	6.32	42.52	52.04	52.5	40.79	77.67	50.91	77.9	38.05	40.79	68.96	50.0	50.99	32.25	46.17	30.53	41.04	24.08	52.8	67.08	78.03	73.24	14.56	50.99	20.88	73.24	56.08	44.72	40.36	40.61	16.28	75.29	61.61	10.77	48.8	39.62	11.0
27	65.3	32.56	56.32	62.03	12.65	28.0	20.0	91.24	12.81	44.72	46.52	41.23	72.5	72.8	32.8	4.47	26.08	64.56	44.94	20.0	56.36	52.8	90.51	81.58	93.34	101.84	76.58	0.0	21.54	99.16	76.11	33.53	95.6	86.21	78.1	76.94	56.14	88.09	82.39	73.54	34.99	52.35	74.0	60.73	78.43	95.04	10.0	109.18	60.73	79.62	26.91	26.83	101.07	47.54	90.62	35.61	100.66	90.35	71.81	62.61	18.87	89.11	60.53	70.68	18.87	87.02	44.27	36.89	84.93	92.85	2.0	72.69	67.2	28.3	65.92	85.21
28	45.34	27.78	34.93	50.04	25.61	28.28	23.32	69.77	12.17	34.41	34.0	26.91	59.67	55.46	34.0	18.87	11.66	54.04	36.72	20.4	45.34	36.06	71.22	60.53	74.03	80.32	56.64	21.54	0.0	79.25	56.14	26.0	75.07	66.03	58.14	55.57	36.22	67.88	64.03	54.41	14.14	46.17	54.59	50.04	63.81	74.24	21.26	87.82	50.04	62.77	12.17	5.66	79.65	38.83	69.08	16.12	80.62	70.0	55.46	50.91	18.44	70.0	53.37	49.19	18.44	67.27	34.53	16.28	63.79	72.86	20.88	55.03	46.69	8.06	45.1	64.54
29	33.94	76.03	53.85	52.61	104.8	83.19	87.13	27.2	86.56	92.48	59.09	83.26	96.33	31.05	106.68	97.59	83.23	56.14	96.93	97.2	95.08	48.37	10.2	50.36	8.0	38.83	22.63	99.16	79.25	0.0	62.03	72.47	8.25	61.19	62.13	30.59	64.56	11.66	74.43	26.08	65.12	69.43	66.0	56.57	92.0	55.71	100.5	26.08	56.57	82.1	72.47	73.59	25.61	65.15	33.53	63.66	2.0	60.17	82.1	95.71	95.6	12.17	66.27	37.36	95.6	65.31	64.62	62.97	48.84	6.4	97.84	76.03	32.8	71.42	55.73	16.76
30	46.04	75.39	25.06	76.37	73.76	79.7	77.67	36.5	68.26	43.27	67.68	38.63	35.44	62.77	63.53	72.25	50.36	82.02	47.2	62.1	39.7	58.14	61.19	12.65	62.8	36.06	49.4	76.11	56.14	62.03	0.0	71.69	54.0	10.2	2.0	32.98	20.0	52.61	13.42	53.67	48.08	84.88	4.47	79.25	30.07	20.59	71.02	52.0	79.25	20.1	60.17	52.61	44.27	76.55	31.05	51.26	62.0	14.56	20.88	37.74	61.61	61.61	88.09	28.64	61.61	11.18	72.72	47.76	15.65	57.31	76.03	14.56	42.19	53.15	13.04	46.53
31	41.23	4.0	46.82	28.64	44.41	10.77	15.62	72.44	22.09	60.03	14.14	51.61	83.55	42.8	58.86	34.53	37.58	31.05	62.61	44.41	70.46	24.17	62.77	71.81	65.51	86.02	51.26	33.53	26.0	72.47	71.69	0.0	70.94	80.32	73.54	58.14	53.85	62.77	82.37	46.52	24.41	20.4	71.55	27.2	86.37	85.91	40.2	88.29	27.2	83.23	14.42	24.41	81.22	14.14	74.03	20.59	74.24	83.52	76.84	75.6	42.43	61.06	28.07	54.04	42.43	82.64	10.77	24.19	74.33	66.64	31.62	74.89	44.72	22.02	58.87	61.68
32	30.53	74.67	47.41	54.0	100.42	81.71	84.97	18.97	83.23	85.91	58.24	76.94	88.57	32.0	100.96	93.72	78.1	58.14	90.38	92.2	87.93	46.82	13.42	42.19	12.81	31.24	19.7	95.6	75.07	8.25	54.0	70.94	0.0	52.95	54.04	23.41	57.58	8.25	66.27	24.74	60.96	70.26	58.03	58.0	84.02	47.54	96.21	20.88	58.0	74.03	69.34	69.43	18.44	65.12	25.3	60.0	8.0	51.92	74.24	88.29	90.69	15.23	68.03	30.46	90.69	57.07	64.03	58.9	40.61	6.71	94.4	68.12	28.43	67.48	48.27	10.63
33	50.91	84.12	33.53	82.46	83.95	88.77	87.13	34.23	78.1	52.84	75.18	48.7	41.18	66.84	73.35	82.39	60.53	88.09	56.6	72.28	48.17	64.9	62.03	11.66	63.25	29.73	52.15	86.21	66.03	61.19	10.2	80.32	52.95	0.0	8.25	34.99	30.07	53.14	14.56	57.2	57.27	92.28	13.42	85.6	34.18	11.31	81.22	47.07	85.6	23.41	69.43	62.29	40.2	84.12	28.07	60.17	60.83	4.47	27.2	45.34	71.81	62.77	94.87	32.56	71.81	4.12	80.5	56.75	12.37	57.28	86.09	21.26	46.69	62.65	21.59	47.17
34	47.2	77.25	26.83	77.79	75.71	81.61	79.62	36.22	70.26	44.94	69.34	40.5	36.06	63.81	65.3	74.24	52.35	83.45	48.83	64.03	41.04	59.67	61.61	12.17	63.15	34.99	50.16	78.1	58.14	62.13	2.0	73.54	54.04	8.25	0.0	33.53	22.0	52.95	12.65	54.59	50.0	86.53	5.66	80.72	30.27	18.87	72.99	51.26	80.72	20.0	62.1	54.59	43.68	78.23	30.59	53.14	62.03	12.65	21.54	38.83	63.56	62.1	89.64	29.53	63.56	9.22	74.43	49.65	14.87	57.56	78.03	15.23	43.27	55.11	14.76	46.87
35	18.97	62.13	24.41	50.99	80.0	68.47	69.86	14.56	65.39	62.61	48.37	53.85	66.03	32.56	78.41	74.43	56.64	56.36	67.08	70.77	64.56	36.5	28.28	23.32	30.07	28.07	17.2	76.94	55.57	30.59	32.98	58.14	23.41	34.99	33.53	0.0	34.18	20.0	46.17	22.63	42.05	64.03	36.5	54.63	62.29	34.06	76.03	32.25	54.63	52.95	52.5	50.12	24.17	56.89	16.12	42.38	31.05	35.61	52.04	65.12	69.43	28.64	64.62	7.21	69.43	38.95	54.33	40.31	23.43	25.08	76.03	46.17	14.56	48.75	25.18	14.04
36	38.47	57.31	12.17	63.81	54.41	60.93	58.24	44.41	48.37	28.84	52.35	21.26	35.44	55.32	46.86	52.35	30.59	69.34	33.29	43.08	30.59	44.94	60.53	26.83	62.8	50.0	46.04	56.14	36.22	64.56	20.0	53.85	57.58	30.07	22.0	34.18	0.0	53.37	28.64	48.17	29.53	69.31	18.44	66.03	34.99	39.29	51.42	62.48	66.03	29.73	41.23	32.98	54.04	60.83	41.04	33.29	65.15	34.23	24.41	32.0	42.38	60.3	73.76	27.2	42.38	31.06	56.64	29.68	30.41	58.69	56.04	21.26	36.06	33.84	11.4	47.8
37	22.8	66.48	42.38	46.04	93.38	73.54	76.94	21.26	75.6	80.99	50.0	71.69	86.02	24.08	95.02	86.37	71.61	50.36	85.44	85.6	83.95	38.63	8.94	41.76	10.2	35.61	11.66	88.09	67.88	11.66	52.61	62.77	8.25	53.14	52.95	20.0	53.37	0.0	65.51	16.49	53.74	62.13	56.32	50.04	82.22	49.4	89.11	28.28	50.04	72.69	61.61	62.23	24.17	56.89	27.2	52.5	12.81	52.8	72.03	84.85	84.02	10.0	60.13	26.31	84.02	57.25	55.79	51.62	40.85	5.39	86.83	66.12	21.26	60.14	45.1	6.08
38	59.36	85.88	36.88	89.2	78.1	89.55	86.65	48.0	76.16	43.68	79.65	42.05	27.2	76.16	64.56	78.23	56.32	94.85	46.82	66.12	36.72	70.71	74.22	24.08	75.71	44.27	62.77	82.39	64.03	74.43	13.42	82.37	66.27	14.56	12.65	46.17	28.64	65.51	0.0	67.08	58.14	96.83	11.31	91.93	19.7	25.06	76.0	61.61	91.93	8.94	69.86	61.35	54.59	88.41	42.05	61.77	74.24	17.89	14.42	32.8	66.03	74.73	100.5	42.05	66.03	11.18	84.4	58.18	26.02	70.04	82.61	10.2	55.57	62.39	25.5	59.44
39	10.2	50.16	36.06	30.59	80.0	57.27	61.06	32.31	60.83	72.99	33.53	63.15	83.19	10.0	84.31	72.25	59.93	35.44	77.28	73.43	78.03	22.36	16.97	45.61	19.8	47.54	6.32	73.54	54.41	26.08	53.67	46.52	24.74	57.2	54.59	22.63	48.17	16.49	67.08	0.0	40.5	46.0	56.46	34.53	81.04	56.64	75.6	44.0	34.53	72.8	46.69	48.83	38.47	40.45	36.72	38.42	27.78	58.14	70.34	80.1	71.69	15.62	44.72	25.06	71.69	61.03	39.29	38.28	46.01	20.12	72.14	65.15	12.17	46.4	43.01	17.12
40	31.24	27.78	24.08	40.79	39.7	31.62	30.07	56.46	23.41	39.29	26.0	29.73	60.0	42.38	45.12	32.8	20.4	45.61	42.76	33.11	48.33	24.08	57.2	50.04	60.0	67.91	42.52	34.99	14.14	65.12	48.08	24.41	60.96	57.27	50.0	42.05	29.53	53.74	58.14	40.5	0.0	41.62	47.54	41.76	62.23	64.12	35.38	74.24	41.76	58.82	12.17	8.49	66.21	33.29	56.32	4.47	66.48	60.83	52.5	52.84	31.3	56.04	47.41	36.06	31.3	59.2	28.84	2.24	53.0	58.73	34.0	50.48	32.56	6.71	35.69	50.45
41	45.12	20.0	60.0	17.09	64.03	24.74	32.56	76.94	42.05	79.62	17.2	70.71	101.61	38.47	79.25	54.04	57.58	15.62	82.46	64.78	89.55	27.86	59.23	82.29	61.61	91.78	52.04	52.35	46.17	69.43	84.88	20.4	70.26	92.28	86.53	64.03	69.31	62.13	96.83	46.0	41.62	0.0	85.6	13.42	103.48	95.85	60.0	90.0	13.42	99.04	34.18	43.86	84.21	8.49	80.05	37.2	71.39	94.83	93.38	94.34	62.8	57.27	8.25	62.03	62.8	95.19	12.81	40.61	84.17	64.63	50.36	90.55	49.48	41.15	71.85	63.03
42	48.37	75.15	25.61	77.9	71.02	79.12	76.66	40.79	66.75	39.45	68.41	35.44	31.05	65.3	59.93	70.03	48.04	83.55	43.27	59.23	35.38	59.4	64.78	17.09	66.48	40.5	52.5	74.0	54.59	66.0	4.47	71.55	58.03	13.42	5.66	36.5	18.44	56.32	11.31	56.46	47.54	85.6	0.0	80.62	26.0	24.41	68.47	56.46	80.62	16.49	59.46	51.42	48.7	77.2	35.44	50.99	66.03	17.89	16.49	33.29	58.86	65.12	89.2	31.62	58.86	13.15	73.24	47.42	20.12	61.13	74.03	10.2	44.72	52.2	14.21	50.25
43	35.78	28.64	55.32	4.0	71.39	34.99	42.05	66.48	49.03	81.04	16.12	71.47	100.24	26.0	84.02	61.61	60.53	4.0	84.4	70.03	89.89	21.26	46.39	74.89	48.66	81.61	40.79	60.73	50.04	56.57	79.25	27.2	58.0	85.6	80.72	54.63	66.03	50.04	91.93	34.53	41.76	13.42	80.62	0.0	100.96	87.82	67.08	78.23	0.0	95.27	38.0	46.39	72.99	13.42	70.23	37.36	58.55	87.66	90.44	94.02	68.03	44.41	10.2	53.85	68.03	88.87	16.49	40.16	76.32	52.09	58.82	86.83	40.25	43.42	66.47	51.62
44	72.11	89.38	46.52	98.79	71.39	91.61	87.13	66.48	75.18	34.53	86.83	37.58	8.94	89.2	54.0	74.0	53.67	104.31	36.06	59.67	24.0	79.92	90.55	42.43	92.35	63.91	77.67	78.43	63.81	92.0	30.07	86.37	84.02	34.18	30.27	62.29	34.99	82.22	19.7	81.04	62.23	103.48	26.0	100.96	0.0	44.72	70.34	81.04	100.96	10.77	72.47	62.8	73.76	95.02	60.83	66.48	92.02	37.58	10.77	18.11	60.17	90.8	108.41	56.89	60.17	30.87	90.69	62.97	44.91	87.09	79.12	16.12	68.96	64.66	38.08	76.16
45	52.15	89.82	40.05	84.38	93.68	95.04	94.19	28.64	86.09	63.81	79.12	59.09	52.15	66.6	84.12	91.41	69.86	89.89	67.68	82.22	59.46	68.03	58.31	14.14	59.06	20.1	50.91	95.04	74.24	55.71	20.59	85.91	47.54	11.31	18.87	34.06	39.29	49.4	25.06	56.64	64.12	95.85	24.41	87.82	44.72	0.0	90.71	38.05	87.82	34.0	76.24	70.03	32.25	88.02	22.36	66.48	55.03	7.21	38.42	56.64	81.61	59.36	97.53	34.0	81.61	13.89	84.76	63.29	11.7	52.77	94.76	32.56	47.71	70.01	29.15	43.83
46	66.6	40.0	53.67	67.91	4.47	36.5	28.64	89.89	18.11	36.06	51.92	34.06	63.91	76.16	22.8	6.32	20.88	71.02	35.78	10.77	47.54	56.36	92.46	77.79	95.27	99.32	77.9	10.0	21.26	100.5	71.02	40.2	96.21	81.22	72.99	76.03	51.42	89.11	76.0	75.6	35.38	60.0	68.47	67.08	70.34	90.71	0.0	108.17	67.08	72.44	30.46	26.91	99.86	54.33	88.59	37.2	101.86	85.51	64.5	53.85	10.2	91.21	68.03	69.34	10.2	81.61	50.64	37.54	81.27	94.11	11.66	66.03	67.88	29.21	61.98	85.63
47	47.07	92.2	55.32	74.24	112.07	98.95	101.19	18.44	97.51	91.21	76.66	83.55	87.32	52.35	108.9	106.68	88.41	78.64	95.6	102.45	90.55	64.78	34.18	39.4	33.11	18.0	38.05	109.18	87.82	26.08	52.0	88.29	20.88	47.07	51.26	32.25	62.48	28.28	61.61	44.0	74.24	90.0	56.46	78.23	81.04	38.05	108.17	0.0	78.23	70.34	84.31	82.37	8.49	84.21	21.63	74.32	24.41	44.41	72.8	89.44	101.21	36.06	88.36	38.83	101.21	50.8	82.61	72.45	36.4	27.51	108.24	66.48	43.68	80.95	51.4	27.07
48	35.78	28.64	55.32	4.0	71.39	34.99	42.05	66.48	49.03	81.04	16.12	71.47	100.24	26.0	84.02	61.61	60.53	4.0	84.4	70.03	89.89	21.26	46.39	74.89	48.66	81.61	40.79	60.73	50.04	56.57	79.25	27.2	58.0	85.6	80.72	54.63	66.03	50.04	91.93	34.53	41.76	13.42	80.62	0.0	100.96	87.82	67.08	78.23	0.0	95.27	38.0	46.39	72.99	13.42	70.23	37.36	58.55	87.66	90.44	94.02	68.03	44.41	10.2	53.85	68.03	88.87	16.49	40.16	76.32	52.09	58.82	86.83	40.25	43.42	66.47	51.62
49	64.4	86.53	40.0	92.8	74.11	89.55	85.91	56.14	74.67	38.21	82.02	38.47	18.44	81.44	58.86	75.31	53.85	98.41	40.79	62.13	29.73	74.03	81.22	32.06	82.87	53.14	68.96	79.62	62.77	82.1	20.1	83.23	74.03	23.41	20.0	52.95	29.73	72.69	8.94	72.8	58.82	99.04	16.49	95.27	10.77	34.0	72.44	70.34	95.27	0.0	69.97	60.83	63.15	90.55	50.36	62.8	82.02	26.83	8.0	25.06	62.29	81.58	103.32	48.08	62.29	20.12	86.37	59.2	34.37	77.41	80.05	8.49	60.93	62.27	29.97	66.61
50	38.83	16.97	36.22	38.21	34.93	19.7	18.0	67.05	14.14	45.65	22.09	37.2	69.31	46.04	46.04	26.08	23.41	42.0	48.33	32.06	56.04	26.08	63.66	62.13	66.48	79.25	50.0	26.91	12.17	72.47	60.17	14.42	69.34	69.43	62.1	52.5	41.23	61.61	69.86	46.69	12.17	34.18	59.46	38.0	72.47	76.24	30.46	84.31	38.0	69.97	0.0	10.0	76.55	26.68	67.47	10.2	74.03	72.99	63.25	61.22	30.07	62.23	41.23	47.07	30.07	71.31	22.36	13.0	65.03	66.22	25.46	61.77	41.18	7.81	47.85	59.17
51	39.7	26.91	30.27	46.04	31.24	28.84	25.3	64.4	16.12	35.78	30.27	27.2	59.4	50.16	38.21	24.41	14.14	50.36	38.63	25.3	46.04	31.05	65.6	56.14	68.41	75.29	50.99	26.83	5.66	73.59	52.61	24.41	69.43	62.29	54.59	50.12	32.98	62.23	61.35	48.83	8.49	43.86	51.42	46.39	62.8	70.03	26.91	82.37	46.39	60.83	10.0	0.0	74.24	36.06	63.91	10.77	74.97	66.12	53.85	51.22	23.41	64.4	50.6	43.86	23.41	63.79	31.62	10.63	59.3	67.21	26.0	52.8	41.04	3.0	41.01	58.9
52	40.2	85.16	46.86	69.05	103.73	91.78	93.68	10.0	89.55	82.8	70.11	75.07	79.7	47.54	100.42	98.49	80.0	73.76	87.2	94.02	82.37	58.14	31.62	31.62	31.24	13.42	32.25	101.07	79.65	25.61	44.27	81.22	18.44	40.2	43.68	24.17	54.04	24.17	54.59	38.47	66.21	84.21	48.7	72.99	73.76	32.25	99.86	8.49	72.99	63.15	76.55	74.24	0.0	78.0	13.42	66.48	24.41	38.0	65.15	81.44	92.8	33.29	83.19	30.53	92.8	44.1	76.11	64.47	28.86	25.0	100.18	58.82	36.5	72.92	43.01	21.38
53	38.21	15.23	51.61	15.62	58.55	21.63	28.64	70.26	36.22	71.69	8.94	62.61	93.23	34.18	72.44	48.66	50.0	17.09	74.67	58.14	81.41	20.4	55.03	74.32	57.58	84.85	46.17	47.54	38.83	65.15	76.55	14.14	65.12	84.12	78.23	56.89	60.83	56.89	88.41	40.45	33.29	8.49	77.2	13.42	95.02	88.02	54.33	84.21	13.42	90.55	26.68	36.06	78.0	0.0	72.99	28.84	67.05	86.76	84.9	86.09	56.14	53.14	14.56	54.41	56.14	86.95	4.47	32.2	76.32	59.91	45.61	82.07	42.43	33.24	63.51	57.14
54	34.93	78.03	34.99	66.48	92.28	84.21	85.16	6.32	79.7	69.66	64.5	62.23	66.48	46.65	87.73	87.73	68.26	71.69	74.03	82.1	68.96	52.61	36.06	18.44	36.72	12.0	30.53	90.62	69.08	33.53	31.05	74.03	25.3	28.07	30.59	16.12	41.04	27.2	42.05	36.72	56.32	80.05	35.44	70.23	60.83	22.36	88.59	21.63	70.23	50.36	67.47	63.91	13.42	72.99	0.0	57.27	32.98	26.68	51.92	68.03	80.99	37.2	80.32	20.4	80.99	32.14	70.46	54.82	16.03	30.41	89.89	45.61	30.59	62.94	29.83	21.93
55	29.73	24.17	26.68	36.5	41.62	28.64	28.07	56.92	23.32	43.68	21.54	34.18	64.4	39.4	48.66	33.94	24.08	41.23	47.07	36.06	52.8	20.4	55.32	52.35	58.14	69.05	41.04	35.61	16.12	63.66	51.26	20.59	60.0	60.17	53.14	42.38	33.29	52.5	61.77	38.42	4.47	37.2	50.99	37.36	66.48	66.48	37.2	74.32	37.36	62.8	10.2	10.77	66.48	28.84	57.27	0.0	65.12	63.56	56.64	57.31	34.18	54.04	42.94	36.88	34.18	62.3	24.41	3.61	55.15	57.31	34.41	54.41	31.62	8.06	38.6	49.65
56	35.38	77.82	54.63	54.59	106.15	84.97	88.84	26.68	88.09	93.23	60.93	84.1	96.52	32.98	107.7	99.04	84.4	58.14	97.69	98.41	95.6	50.12	12.17	50.16	10.0	37.74	24.08	100.66	80.62	2.0	62.0	74.24	8.0	60.83	62.03	31.05	65.15	12.81	74.24	27.78	66.48	71.39	66.03	58.55	92.02	55.03	101.86	24.41	58.55	82.02	74.03	74.97	24.41	67.05	32.98	65.12	0.0	59.67	82.22	96.1	96.83	14.14	68.26	37.95	96.83	64.94	66.48	64.35	48.51	7.81	99.36	76.11	34.06	72.84	56.09	17.46
57	52.5	87.36	36.88	84.4	88.29	92.2	90.8	32.98	82.02	57.31	77.82	53.14	44.94	67.94	77.82	86.58	64.78	90.0	61.06	76.66	52.5	67.23	61.74	12.81	62.77	26.68	52.8	90.35	70.0	60.17	14.56	83.52	51.92	4.47	12.65	35.61	34.23	52.8	17.89	58.14	60.83	94.83	17.89	87.66	37.58	7.21	85.51	44.41	87.66	26.83	72.99	66.12	38.0	86.76	26.68	63.56	59.67	0.0	31.24	49.52	76.16	62.61	97.1	34.06	76.16	6.71	83.26	60.21	12.21	56.65	90.2	25.46	48.17	66.37	25.18	46.96
58	61.35	80.0	35.78	88.2	66.12	82.68	78.71	57.27	67.23	30.27	76.58	30.59	14.56	78.43	50.99	67.47	46.17	93.74	32.98	54.15	22.36	69.34	80.22	33.53	82.1	56.36	67.08	71.81	55.46	82.1	20.88	76.84	74.24	27.2	21.54	52.04	24.41	72.03	14.42	70.34	52.5	93.38	16.49	90.44	10.77	38.42	64.5	72.8	90.44	8.0	63.25	53.85	65.15	84.9	51.92	56.64	82.22	31.24	0.0	18.44	54.33	80.4	98.08	46.39	54.33	24.76	80.62	53.08	36.4	77.0	72.28	6.32	58.24	55.47	27.46	66.01
59	70.26	78.1	44.05	92.48	54.41	79.2	73.76	72.8	61.22	17.89	78.71	24.08	10.2	86.83	36.06	58.14	39.7	97.69	18.44	43.08	6.32	74.0	92.35	50.12	94.53	73.78	78.03	62.61	50.91	95.71	37.74	75.6	88.29	45.34	38.83	65.12	32.0	84.85	32.8	80.1	52.84	94.34	33.29	94.02	18.11	56.64	53.85	89.44	94.02	25.06	61.22	51.22	81.44	86.09	68.03	57.31	96.1	49.52	18.44	0.0	43.86	92.2	100.24	58.55	43.86	43.14	81.63	54.12	53.34	90.09	63.53	24.08	68.03	53.6	40.02	79.08
60	62.13	43.17	46.04	68.26	12.17	41.23	34.0	82.8	21.54	26.0	52.15	24.0	53.85	73.54	16.49	14.42	12.81	72.03	26.08	2.0	37.58	54.41	88.2	69.08	90.97	91.3	73.24	18.87	18.44	95.6	61.61	42.43	90.69	71.81	63.56	69.43	42.38	84.02	66.03	71.69	31.3	62.8	58.86	68.03	60.17	81.61	10.2	101.21	68.03	62.29	30.07	23.41	92.8	56.14	80.99	34.18	96.83	76.16	54.33	43.86	0.0	87.13	70.46	62.48	0.0	72.01	52.04	33.54	72.62	89.2	20.0	56.0	62.8	26.25	53.31	80.06
61	25.06	64.5	48.66	40.45	95.6	71.69	76.03	31.24	76.37	86.83	47.41	77.2	94.09	18.97	99.32	87.86	75.18	44.05	91.21	88.84	90.8	37.2	2.0	51.26	4.47	45.34	14.56	89.11	70.0	12.17	61.61	61.06	15.23	62.77	62.1	28.64	60.3	10.0	74.73	15.62	56.04	57.27	65.12	44.41	90.8	59.36	91.21	36.06	44.41	81.58	62.23	64.4	33.29	53.14	37.2	54.04	14.14	62.61	80.4	92.2	87.13	0.0	54.15	34.06	87.13	66.85	52.8	53.82	50.57	8.54	87.68	74.67	25.3	62.01	53.08	15.65
62	45.69	28.07	63.66	14.14	72.11	32.98	40.79	76.66	50.0	86.16	21.63	76.97	107.07	36.06	86.83	62.13	64.56	10.2	89.2	72.44	95.71	30.0	56.14	84.38	58.31	91.76	50.99	60.53	53.37	66.27	88.09	28.07	68.03	94.87	89.64	64.62	73.76	60.13	100.5	44.72	47.41	8.25	89.2	10.2	108.41	97.53	68.03	88.36	10.2	103.32	41.23	50.6	83.19	14.56	80.32	42.94	68.26	97.1	98.08	100.24	70.46	54.15	0.0	63.53	70.46	98.01	18.97	46.14	85.96	62.01	58.55	94.85	50.16	47.76	75.17	61.81
63	18.44	58.03	17.2	50.48	73.24	64.03	64.78	20.59	59.46	55.46	45.61	46.65	60.03	34.41	71.22	68.0	49.68	56.04	59.93	63.78	57.72	34.18	34.0	21.26	36.06	32.25	20.88	70.68	49.19	37.36	28.64	54.04	30.46	32.56	29.53	7.21	27.2	26.31	42.05	25.06	36.06	62.03	31.62	53.85	56.89	34.0	69.34	38.83	53.85	48.08	47.07	43.86	30.53	54.41	20.4	36.88	37.95	34.06	46.39	58.55	62.48	34.06	63.53	0.0	62.48	36.24	51.42	34.48	22.47	31.58	69.86	40.79	14.14	42.72	19.03	20.62
64	62.13	43.17	46.04	68.26	12.17	41.23	34.0	82.8	21.54	26.0	52.15	24.0	53.85	73.54	16.49	14.42	12.81	72.03	26.08	2.0	37.58	54.41	88.2	69.08	90.97	91.3	73.24	18.87	18.44	95.6	61.61	42.43	90.69	71.81	63.56	69.43	42.38	84.02	66.03	71.69	31.3	62.8	58.86	68.03	60.17	81.61	10.2	101.21	68.03	62.29	30.07	23.41	92.8	56.14	80.99	34.18	96.83	76.16	54.33	43.86	0.0	87.13	70.46	62.48	0.0	72.01	52.04	33.54	72.62	89.2	20.0	56.0	62.8	26.25	53.31	80.06
65	54.49	86.38	35.85	85.8	84.17	90.8	88.84	38.33	79.4	51.89	78.03	48.51	38.28	70.6	72.62	83.1	61.13	91.44	55.47	72.37	46.4	68.01	66.13	15.65	67.36	33.24	56.08	87.02	67.27	65.31	11.18	82.64	57.07	4.12	9.22	38.95	31.06	57.25	11.18	61.03	59.2	95.19	13.15	88.87	30.87	13.89	81.61	50.8	88.87	20.12	71.31	63.79	44.1	86.95	32.14	62.3	64.94	6.71	24.76	43.14	72.01	66.85	98.01	36.24	72.01	0.0	83.24	58.82	16.49	61.4	87.0	19.21	50.33	64.33	23.77	51.26
66	36.0	12.81	47.71	17.89	54.92	19.8	26.08	68.03	32.56	67.23	6.0	58.14	88.81	34.0	68.26	45.12	45.61	20.4	70.23	54.04	76.94	18.0	54.63	70.94	57.27	82.39	44.72	44.27	34.53	64.62	72.72	10.77	64.03	80.5	74.43	54.33	56.64	55.79	84.4	39.29	28.84	12.81	73.24	16.49	90.69	84.76	50.64	82.61	16.49	86.37	22.36	31.62	76.11	4.47	70.46	24.41	66.48	83.26	80.62	81.63	52.04	52.8	18.97	51.42	52.04	83.24	0.0	27.8	73.05	59.14	42.38	77.9	40.05	28.79	59.68	55.58
67	29.07	27.73	23.35	39.05	41.87	32.02	31.0	54.78	25.08	41.0	24.6	31.32	61.03	40.16	47.3	34.83	22.56	43.97	44.55	35.34	49.77	22.02	55.0	49.16	57.8	66.49	40.36	36.89	16.28	62.97	47.76	24.19	58.9	56.75	49.65	40.31	29.68	51.62	58.18	38.28	2.24	40.61	47.42	40.16	62.97	63.29	37.54	72.45	40.16	59.2	13.0	10.63	64.47	32.2	54.82	3.61	64.35	60.21	53.08	54.12	33.54	53.82	46.14	34.48	33.54	58.82	27.8	0.0	52.04	56.59	35.85	50.8	30.48	8.6	35.17	48.41
68	40.8	78.26	29.07	72.95	84.5	83.6	83.02	22.02	75.43	57.38	67.42	51.31	50.92	55.87	76.84	81.49	60.41	78.49	61.55	73.41	55.0	56.36	49.77	3.61	50.92	20.62	40.61	84.93	63.79	48.84	15.65	74.33	40.61	12.37	14.87	23.43	30.41	40.85	26.02	46.01	53.0	84.17	20.12	76.32	44.91	11.7	81.27	36.4	76.32	34.37	65.03	59.3	28.86	76.32	16.03	55.15	48.51	12.21	36.4	53.34	72.62	50.57	85.96	22.47	72.62	16.49	73.05	52.04	0.0	44.92	84.53	30.08	36.4	59.08	19.31	34.93
69	27.59	70.26	47.76	48.09	98.41	77.39	81.12	24.19	80.28	86.38	53.49	77.08	91.09	26.17	100.34	91.24	76.84	52.01	90.82	90.8	89.27	42.49	6.71	46.1	6.4	37.48	16.28	92.85	72.86	6.4	57.31	66.64	6.71	57.28	57.56	25.08	58.69	5.39	70.04	20.12	58.73	64.63	61.13	52.09	87.09	52.77	94.11	27.51	52.09	77.41	66.22	67.21	25.0	59.91	30.41	57.31	7.81	56.65	77.0	90.09	89.2	8.54	62.01	31.58	89.2	61.4	59.14	56.59	44.92	0.0	91.55	71.03	26.4	65.05	50.25	11.05
70	64.03	30.59	55.79	60.17	14.56	26.0	18.0	90.38	11.31	45.65	44.72	41.76	73.35	71.22	34.41	5.66	26.31	62.64	46.04	21.26	57.31	51.22	89.11	81.22	91.93	101.19	75.29	2.0	20.88	97.84	76.03	31.62	94.4	86.09	78.03	76.03	56.04	86.83	82.61	72.14	34.0	50.36	74.03	58.82	79.12	94.76	11.66	108.24	58.82	80.05	25.46	26.0	100.18	45.61	89.89	34.41	99.36	90.2	72.28	63.53	20.0	87.68	58.55	69.86	20.0	87.0	42.38	35.85	84.53	91.55	0.0	72.99	66.03	27.29	65.62	84.05
71	56.46	78.23	31.62	84.4	68.03	81.41	78.0	50.99	67.05	33.53	73.54	32.0	20.88	73.54	54.41	68.47	46.69	90.0	36.77	56.04	27.2	65.6	74.43	27.2	76.24	50.12	61.61	72.69	55.03	76.03	14.56	74.89	68.12	21.26	15.23	46.17	21.26	66.12	10.2	65.15	50.48	90.55	10.2	86.83	16.12	32.56	66.03	66.48	86.83	8.49	61.77	52.8	58.82	82.07	45.61	54.41	76.11	25.46	6.32	24.08	56.0	74.67	94.85	40.79	56.0	19.21	77.9	50.8	30.08	71.03	72.99	0.0	53.14	54.12	22.14	60.07
72	4.47	48.66	24.0	36.72	72.14	55.32	57.58	28.0	54.92	61.61	34.06	51.92	71.02	20.59	74.24	65.3	50.48	42.19	65.97	64.4	66.12	22.09	26.0	35.38	28.64	42.43	10.77	67.2	46.69	32.8	42.19	44.72	28.43	46.69	43.27	14.56	36.06	21.26	55.57	12.17	32.56	49.48	44.72	40.25	68.96	47.71	67.88	43.68	40.25	60.93	41.18	41.04	36.5	42.43	30.59	31.62	34.06	48.17	58.24	68.03	62.8	25.3	50.16	14.14	62.8	50.33	40.05	30.48	36.4	26.4	66.03	53.14	0.0	39.05	31.02	18.03
73	37.48	24.76	30.02	43.05	33.6	27.29	24.52	63.16	16.76	38.48	27.29	29.68	61.55	47.42	41.19	26.25	17.12	47.38	41.44	28.16	48.55	28.16	63.25	56.01	66.07	74.46	48.8	28.3	8.06	71.42	53.15	22.02	67.48	62.65	55.11	48.75	33.84	60.14	62.39	46.4	6.71	41.15	52.2	43.42	64.66	70.01	29.21	80.95	43.42	62.27	7.81	3.0	72.92	33.24	62.94	8.06	72.84	66.37	55.47	53.6	26.25	62.01	47.76	42.72	26.25	64.33	28.79	8.6	59.08	65.05	27.29	54.12	39.05	0.0	41.19	57.01
74	34.44	62.63	12.08	63.7	65.19	67.19	65.62	33.62	57.01	39.82	54.64	32.65	41.01	51.48	58.26	62.37	41.11	69.35	44.2	54.13	39.92	45.28	53.01	15.81	55.01	38.6	39.62	65.92	45.1	55.73	13.04	58.87	48.27	21.59	14.76	25.18	11.4	45.1	25.5	43.01	35.69	71.85	14.21	66.47	38.08	29.15	61.98	51.4	66.47	29.97	47.85	41.01	43.01	63.51	29.83	38.6	56.09	25.18	27.46	40.02	53.31	53.08	75.17	19.03	53.31	23.77	59.68	35.17	19.31	50.25	65.62	22.14	31.02	41.19	0.0	39.2
75	20.62	65.52	37.16	47.68	89.83	72.42	75.24	16.4	72.95	75.77	49.65	66.64	80.06	26.25	90.43	83.24	67.48	52.39	80.23	81.57	78.34	37.85	14.87	35.74	16.28	31.38	11.0	85.21	64.54	16.76	46.53	61.68	10.63	47.17	46.87	14.04	47.8	6.08	59.44	17.12	50.45	63.03	50.25	51.62	76.16	43.83	85.63	27.07	51.62	66.61	59.17	58.9	21.38	57.14	21.93	49.65	17.46	46.96	66.01	79.08	80.06	15.65	61.81	20.62	80.06	51.26	55.58	48.41	34.93	11.05	84.05	60.07	18.03	57.01	39.2	0.0
;
