vehicles
vehicle_idx, capacity, cost_per_unit_distance
1,100,1
2,100,1
3,100,1
4,100,1
5,100,1
6,100,1
7,100,1
8,100,1
9,100,1
depot
node_idx,x,y
0,91,93
home delivery customers
node_idx,x,y,service_time,demand
1,7,5,15,4
2,33,11,15,14
3,19,99,15,5
4,69,79,15,7
5,99,81,15,18
6,71,47,15,20
7,53,83,15,2
8,87,1,15,11
9,79,67,15,10
10,59,65,15,5
11,27,1,15,20
12,59,89,15,15
13,95,23,15,15
14,73,25,15,14
15,71,35,15,24
16,37,97,15,14
17,29,93,15,14
18,83,13,15,15
19,97,67,15,21
20,31,83,15,15
21,59,23,15,14
22,17,25,15,26
23,45,27,15,15
24,89,7,15,15
25,19,41,15,23
26,23,39,15,7
27,83,61,15,26
28,11,93,15,20
29,17,11,15,3
30,35,11,15,2
31,21,59,15,15
32,21,69,15,2
33,63,13,15,12
34,77,73,15,24
35,57,1,15,17
36,1,75,15,20
37,45,71,15,18
38,41,55,15,19
self pickup customers
node_idx,x,y,service_time,demand,locker_idxs
39,27,91,15,18,65-64-70-72-76
40,59,25,15,9,63-76-68-73-69-75-77-66-71
41,21,35,15,19,66-71-77-73-75-76
42,67,21,15,21,71-63-68-69-77-75-73
43,81,93,15,1,70-72-65-74-67
44,3,65,15,22,64
45,59,83,15,21,64-67-76-74-65-72-70
46,83,97,15,22,65-70-67-74-72
47,5,83,15,6,64-70
48,19,21,15,2,66-71-69-77-75-73
49,65,17,15,6,63-68-73-75-69-77-71-66
50,23,21,15,22,66-71-69-77-75-73
51,71,13,15,21,75-77-73-69-68-63
52,49,21,15,4,66-71-76-75-77-73-69-68
53,83,31,15,10,63-75-77-68-69-73
54,41,97,15,23,67-74-76-65-72-70-64
55,83,11,15,2,63-68-69-77-73
56,45,13,15,8,66-71-75-73-77-69-68
flexible customers
node_idx,x,y,service_time,demand,locker_idxs
57,21,47,15,22,66-71-64-77-75-73-70-76-72
58,11,73,15,20,76-72-70-64
59,59,45,15,7,74-70-72-76-75-68-73-77-69
60,41,25,15,19,68-76-69-73-77-75-66-71
61,19,63,15,23,64-70-72-76-75
62,85,15,15,4,73-77-69-68-63
lockers
node_idx,x,y,service_time,capacity,cost_per_unit_good
63,93,12,10,94,100
64,22,88,10,88,100
65,65,88,10,75,100
66,25,15,10,87,100
67,77,88,10,78,100
68,72,14,10,97,100
69,60,19,10,73,100
70,46,79,10,75,100
71,26,16,10,82,100
72,51,73,10,91,100
73,55,34,10,85,100
74,74,83,10,97,100
75,46,35,10,92,100
76,45,62,10,88,100
77,51,27,10,92,100
mrt lines
start_node_idx,end_node_idx,freight_capacity,cost_per_unit_good
63,64,94,1
64,63,94,1
65,66,87,1
66,65,87,1
67,68,97,1
68,67,97,1
distance matrix
,0,1,2,3,4,5,6,7,8,9,10,11,12,13,14,15,16,17,18,19,20,21,22,23,24,25,26,27,28,29,30,31,32,33,34,35,36,37,38,39,40,41,42,43,44,45,46,47,48,49,50,51,52,53,54,55,56,57,58,59,60,61,62,63,64,65,66,67,68,69,70,71,72,73,74,75,76,77,
0,0.0,121.66,100.44,72.25,26.08,14.42,50.16,39.29,92.09,28.64,42.52,112.07,32.25,70.11,70.34,61.35,54.15,62.0,80.4,26.68,60.83,76.97,100.5,80.45,86.02,88.81,86.83,32.98,80.0,110.45,99.3,77.82,74.0,84.76,24.41,98.08,91.78,50.99,62.8,64.03,75.15,90.91,75.89,10.0,92.35,33.53,8.94,86.58,101.82,80.32,99.04,82.46,83.35,62.51,50.16,82.39,92.28,83.76,82.46,57.69,84.4,78.0,78.23,81.02,69.18,26.48,102.18,14.87,81.25,80.23,47.13,100.77,44.72,69.12,19.72,73.41,55.47,77.18
1,121.66,0.0,26.68,94.76,96.54,119.33,76.55,90.55,80.1,95.02,79.4,20.4,98.79,89.82,68.96,70.68,96.77,90.71,76.42,109.29,81.61,55.03,22.36,43.91,82.02,37.95,37.58,94.4,88.09,11.66,28.64,55.79,65.51,56.57,97.59,50.16,70.26,76.16,60.46,88.29,55.71,33.11,62.1,114.98,60.13,93.74,119.33,78.03,20.0,59.23,22.63,64.5,44.94,80.32,98.08,76.24,38.83,44.27,68.12,65.6,39.45,59.23,78.64,86.28,84.34,101.26,20.59,108.58,65.62,54.82,83.65,21.95,80.99,56.08,102.83,49.2,68.51,49.19
2,100.44,26.68,0.0,89.11,76.94,96.21,52.35,74.73,54.92,72.47,59.93,11.66,82.22,63.15,42.38,44.94,86.09,82.1,50.04,85.04,72.03,28.64,21.26,20.0,56.14,33.11,29.73,70.71,84.9,16.0,2.0,49.48,59.23,30.07,76.03,26.0,71.55,61.19,44.72,80.22,29.53,26.83,35.44,95.02,61.77,76.55,99.48,77.25,17.2,32.56,14.14,38.05,18.87,53.85,86.37,50.0,12.17,37.95,65.79,42.8,16.12,53.85,52.15,60.01,77.78,83.38,8.94,88.68,39.12,28.16,69.23,8.6,64.56,31.83,82.86,27.29,52.39,24.08
3,72.25,94.76,89.11,0.0,53.85,82.0,73.54,37.58,119.28,68.0,52.5,98.33,41.23,107.48,91.61,82.46,18.11,11.66,107.2,84.31,20.0,85.88,74.03,76.55,115.6,58.0,60.13,74.43,10.0,88.02,89.44,40.05,30.07,96.6,63.56,105.11,30.0,38.21,49.19,11.31,84.12,64.03,91.59,62.29,37.58,43.08,64.03,21.26,78.0,94.02,78.1,100.5,83.57,93.38,22.09,108.81,89.84,52.04,27.2,67.2,77.2,36.0,106.83,114.21,11.4,47.3,84.21,59.03,100.17,89.89,33.6,83.29,41.23,74.3,57.28,69.46,45.22,78.79
4,26.08,96.54,76.94,53.85,0.0,30.07,32.06,16.49,80.05,15.62,17.2,88.59,14.14,61.74,54.15,44.05,36.72,42.38,67.47,30.46,38.21,56.89,74.97,57.27,74.73,62.8,60.96,22.8,59.67,85.6,76.03,52.0,49.03,66.27,10.0,78.92,68.12,25.3,36.88,43.68,54.92,65.12,58.03,18.44,67.47,10.77,22.8,64.12,76.58,62.13,74.03,66.03,61.35,50.0,33.29,69.43,70.23,57.69,58.31,35.44,60.83,52.5,65.97,71.17,47.85,9.85,77.67,12.04,65.07,60.67,23.0,76.28,18.97,47.13,6.4,49.65,29.41,55.03
5,14.42,119.33,96.21,82.0,30.07,0.0,44.05,46.04,80.89,24.41,43.08,107.63,40.79,58.14,61.74,53.85,64.03,71.02,69.86,14.14,68.03,70.46,99.3,76.37,74.67,89.44,86.83,25.61,88.81,107.81,94.85,81.04,78.92,76.94,23.41,90.35,98.18,54.92,63.56,72.69,68.82,90.55,68.0,21.63,97.32,40.05,22.63,94.02,100.0,72.47,96.83,73.54,78.1,52.5,60.17,71.81,86.83,85.09,88.36,53.81,80.62,82.0,67.47,69.26,77.32,34.71,99.16,23.09,72.24,73.25,53.04,97.74,48.66,64.38,25.08,70.18,57.25,72.25
6,50.16,76.55,52.35,73.54,32.06,44.05,0.0,40.25,48.7,21.54,21.63,63.66,43.68,33.94,22.09,12.0,60.46,62.29,36.06,32.8,53.81,26.83,58.31,32.8,43.86,52.35,48.66,18.44,75.6,64.9,50.91,51.42,54.63,34.93,26.68,48.08,75.39,35.38,31.05,62.23,25.06,51.42,26.31,47.07,70.34,37.95,51.42,75.18,58.14,30.59,54.59,34.0,34.06,20.0,58.31,37.95,42.8,50.0,65.39,12.17,37.2,54.41,34.93,41.34,63.89,41.44,56.04,41.44,33.02,30.08,40.61,54.64,32.8,20.62,36.12,27.73,30.02,28.28
7,39.29,90.55,74.73,37.58,16.49,46.04,40.25,0.0,88.77,30.53,18.97,86.02,8.49,73.24,61.35,51.26,21.26,26.0,76.16,46.82,22.0,60.3,68.26,56.57,84.1,54.04,53.25,37.2,43.17,80.5,74.22,40.0,34.93,70.71,26.0,82.1,52.61,14.42,30.46,27.2,58.31,57.69,63.56,29.73,53.14,6.0,33.11,48.0,70.71,67.08,68.88,72.28,62.13,60.03,18.44,78.0,70.46,48.17,43.17,38.47,59.23,39.45,75.15,81.49,31.4,13.0,73.54,24.52,71.57,64.38,8.06,72.24,10.2,49.04,21.0,48.51,22.47,56.04
8,92.09,80.1,54.92,119.28,80.05,80.89,48.7,88.77,0.0,66.48,69.86,60.0,92.35,23.41,27.78,37.58,108.24,108.76,12.65,66.75,99.3,35.61,74.0,49.4,6.32,78.89,74.43,60.13,119.33,70.71,52.95,87.86,94.76,26.83,72.69,30.0,113.45,81.63,70.94,108.17,36.88,74.24,28.28,92.2,105.6,86.65,96.08,115.97,70.88,27.2,67.05,20.0,42.94,30.27,106.45,10.77,43.68,80.45,104.69,52.15,51.88,92.02,14.14,12.53,108.6,89.74,63.56,87.57,19.85,32.45,88.12,62.82,80.5,45.97,83.02,53.26,74.06,44.41
9,28.64,95.02,72.47,68.0,15.62,24.41,21.54,30.53,66.48,0.0,20.1,84.02,29.73,46.82,42.43,32.98,51.61,56.36,54.15,18.0,50.6,48.33,74.89,52.5,60.83,65.39,62.61,7.21,72.8,83.55,71.22,58.55,58.03,56.32,6.32,69.57,78.41,34.23,39.85,57.27,46.52,66.24,47.54,26.08,76.03,25.61,30.27,75.71,75.6,51.92,72.47,54.59,54.92,36.22,48.41,56.14,63.81,61.35,68.26,29.73,56.64,60.13,52.35,56.75,60.75,25.24,74.97,21.1,53.46,51.62,35.11,73.55,28.64,40.8,16.76,45.97,34.37,48.83
10,42.52,79.4,59.93,52.5,17.2,43.08,21.63,18.97,69.86,20.1,0.0,71.55,24.0,55.32,42.38,32.31,38.83,41.04,57.27,38.05,33.29,42.0,58.0,40.5,65.3,46.65,44.41,24.33,55.57,68.41,59.09,38.47,38.21,52.15,19.7,64.03,58.86,15.23,20.59,41.23,40.0,48.41,44.72,35.61,56.0,18.0,40.0,56.92,59.46,48.37,56.85,53.37,45.12,41.62,36.72,59.09,53.85,42.05,48.66,20.0,43.86,40.05,56.36,62.97,43.57,23.77,60.46,29.21,52.63,46.01,19.1,59.08,11.31,31.26,23.43,32.7,14.32,38.83
11,112.07,20.4,11.66,98.33,88.59,107.63,63.66,86.02,60.0,84.02,71.55,0.0,93.64,71.47,51.88,55.61,96.52,92.02,57.27,96.21,82.1,38.83,26.0,31.62,62.29,40.79,38.21,82.07,93.38,14.14,12.81,58.31,68.26,37.95,87.66,30.0,78.43,72.28,55.79,90.0,40.0,34.53,44.72,106.68,68.35,88.02,111.14,84.9,21.54,41.23,20.4,45.61,29.73,63.53,97.02,56.89,21.63,46.39,73.76,54.41,27.78,62.51,59.67,66.91,87.14,94.94,14.14,100.34,46.84,37.59,80.28,15.03,75.89,43.28,94.51,38.95,63.6,35.38
12,32.25,98.79,82.22,41.23,14.14,40.79,43.68,8.49,92.35,29.73,24.0,93.64,0.0,75.18,65.51,55.32,23.41,30.27,79.7,43.91,28.64,66.0,76.55,63.56,87.32,62.48,61.61,36.88,48.17,88.59,81.61,48.41,42.94,76.11,24.08,88.02,59.67,22.8,38.47,32.06,64.0,66.03,68.47,22.36,60.93,6.0,25.3,54.33,78.89,72.25,76.94,76.94,68.73,62.77,19.7,81.61,77.28,56.64,50.6,44.0,66.48,47.71,78.43,84.17,37.01,6.08,81.44,18.03,76.12,70.01,16.4,80.11,17.89,55.15,16.16,55.54,30.41,62.51
13,70.11,89.82,63.15,107.48,61.74,58.14,33.94,73.24,23.41,46.82,55.32,71.47,75.18,0.0,22.09,26.83,94.02,96.21,15.62,44.05,87.73,36.0,78.03,50.16,17.09,78.1,73.76,39.85,109.34,78.92,61.19,82.29,87.13,33.53,53.14,43.91,107.42,69.31,62.77,96.17,36.06,74.97,28.07,71.39,101.13,69.97,74.97,108.17,76.03,30.59,72.03,26.0,46.04,14.42,91.61,16.97,50.99,77.79,97.75,42.19,54.04,85.88,12.81,11.18,97.74,71.59,70.46,67.45,24.7,35.23,74.41,69.35,66.6,41.48,63.57,50.45,63.41,44.18
14,70.34,68.96,42.38,91.61,54.15,61.74,22.09,61.35,27.78,42.43,42.38,51.88,65.51,22.09,0.0,10.2,80.5,80.99,15.62,48.37,71.61,14.14,56.0,28.07,24.08,56.32,51.92,37.36,92.02,57.72,40.5,62.13,68.12,15.62,48.17,28.84,87.66,53.85,43.86,80.45,14.0,52.95,7.21,68.47,80.62,59.67,72.69,89.38,54.15,11.31,50.16,12.17,24.33,11.66,78.79,17.2,30.46,56.46,78.41,24.41,32.0,66.03,15.62,23.85,81.06,63.51,49.03,63.13,11.05,14.32,60.37,47.85,52.8,20.12,58.01,28.79,46.4,22.09
15,61.35,70.68,44.94,82.46,44.05,53.85,12.0,51.26,37.58,32.98,32.31,55.61,55.32,26.83,10.2,0.0,70.71,71.61,25.06,41.23,62.48,16.97,54.92,27.2,33.29,52.35,48.17,28.64,83.45,59.09,43.27,55.46,60.46,23.41,38.47,36.77,80.62,44.41,36.06,71.22,15.62,50.0,14.56,58.86,74.32,49.48,63.15,81.61,53.85,18.97,50.0,22.0,26.08,12.65,68.88,26.83,34.06,51.42,71.02,15.62,31.62,59.06,24.41,31.83,72.18,53.34,50.16,53.34,21.02,19.42,50.61,48.85,42.94,16.03,48.09,25.0,37.48,21.54
16,54.15,96.77,86.09,18.11,36.72,64.03,60.46,21.26,108.24,51.61,38.83,96.52,23.41,94.02,80.5,70.71,0.0,8.94,95.77,67.08,15.23,77.2,74.73,70.46,103.94,58.82,59.67,58.41,26.31,88.29,86.02,41.23,32.25,87.93,46.65,98.06,42.19,27.2,42.19,11.66,75.29,64.03,81.71,44.18,46.69,26.08,46.0,34.93,78.1,84.76,77.28,90.62,76.94,80.45,4.0,97.53,84.38,52.5,35.38,56.46,72.11,38.47,95.02,101.79,17.49,29.41,82.87,41.0,90.08,81.32,20.12,81.74,27.78,65.52,39.56,62.65,35.9,71.39
17,62.0,90.71,82.1,11.66,42.38,71.02,62.29,26.0,108.76,56.36,41.04,92.02,30.27,96.21,80.99,71.61,8.94,0.0,96.52,72.8,10.2,76.16,69.05,67.91,104.86,52.95,54.33,62.77,18.0,82.87,82.22,34.93,25.3,86.93,52.0,96.17,33.29,27.2,39.85,2.83,74.32,58.55,81.41,52.0,38.21,31.62,54.15,26.0,72.69,84.1,72.25,90.35,74.73,82.22,12.65,98.18,81.58,46.69,26.91,56.6,69.05,31.62,96.02,103.23,8.6,36.35,78.1,48.26,89.94,80.23,22.02,77.06,29.73,64.47,46.1,60.44,34.89,69.57
18,80.4,76.42,50.04,107.2,67.47,69.86,36.06,76.16,12.65,54.15,57.27,57.27,79.7,15.62,15.62,25.06,95.77,96.52,0.0,55.79,87.2,26.0,67.08,40.5,8.49,69.86,65.39,48.0,107.63,66.03,48.04,77.2,83.55,20.0,60.3,28.64,102.8,69.34,59.4,96.02,26.83,65.79,17.89,80.02,95.41,74.0,84.0,104.8,64.5,18.44,60.53,12.0,34.93,18.0,93.91,2.0,38.0,70.71,93.72,40.0,43.68,81.22,2.83,10.05,96.67,77.13,58.03,75.24,11.05,23.77,75.66,57.08,68.0,35.0,70.58,43.05,62.01,34.93
19,26.68,109.29,85.04,84.31,30.46,14.14,32.8,46.82,66.75,18.0,38.05,96.21,43.91,44.05,48.37,41.23,67.08,72.8,55.79,0.0,67.91,58.14,90.35,65.6,60.53,82.22,79.12,15.23,89.84,97.65,83.55,76.42,76.03,63.81,20.88,77.18,96.33,52.15,57.27,74.0,56.64,82.46,54.92,30.53,94.02,41.23,33.11,93.38,90.55,59.36,87.13,59.93,66.48,38.63,63.53,57.72,74.97,78.59,86.21,43.91,70.0,78.1,53.37,55.15,77.88,38.28,88.81,29.0,58.6,60.61,52.39,87.42,46.39,53.41,28.02,60.21,52.24,60.96
20,60.83,81.61,72.03,20.0,38.21,68.03,53.81,22.0,99.3,50.6,33.29,82.1,28.64,87.73,71.61,62.48,15.23,10.2,87.2,67.91,0.0,66.21,59.67,57.72,95.6,43.68,44.72,56.46,22.36,73.35,72.11,26.0,17.2,76.97,47.07,86.02,31.05,18.44,29.73,8.94,64.4,49.03,71.69,50.99,33.29,28.0,53.85,26.0,63.15,74.24,62.51,80.62,64.56,73.54,17.2,88.81,71.39,37.36,22.36,47.2,58.86,23.32,86.83,94.26,10.3,34.37,68.26,46.27,80.26,70.26,15.52,67.19,22.36,54.56,43.0,50.29,25.24,59.46
21,76.97,55.03,28.64,85.88,56.89,70.46,26.83,60.3,35.61,48.33,42.0,38.83,66.0,36.0,14.14,16.97,77.2,76.16,26.0,58.14,66.21,0.0,42.05,14.56,34.0,43.86,39.4,44.94,84.88,43.68,26.83,52.35,59.67,10.77,53.14,22.09,77.9,50.0,36.72,75.15,2.0,39.85,8.25,73.38,70.0,60.0,77.79,80.72,40.05,8.49,36.06,15.62,10.2,25.3,76.16,26.83,17.2,44.94,69.31,22.0,18.11,56.57,27.2,35.74,74.79,65.28,34.93,67.45,15.81,4.12,57.49,33.73,50.64,11.7,61.85,17.69,41.44,8.94
22,100.5,22.36,21.26,74.03,74.97,99.3,58.31,68.26,74.0,74.89,58.0,26.0,76.55,78.03,56.0,54.92,74.73,69.05,67.08,90.35,59.67,42.05,0.0,28.07,74.22,16.12,15.23,75.18,68.26,14.0,22.8,34.23,44.18,47.54,76.84,46.65,52.5,53.85,38.42,66.75,42.0,10.77,50.16,93.38,42.38,71.61,97.67,59.23,4.47,48.66,7.21,55.32,32.25,66.27,75.89,67.47,30.46,22.36,48.37,46.52,24.0,38.05,68.73,77.1,63.2,79.2,12.81,87.0,56.09,43.42,61.29,12.73,58.82,39.05,81.32,30.68,46.4,34.06
23,80.45,43.91,20.0,76.55,57.27,76.37,32.8,56.57,49.4,52.5,40.5,31.62,63.56,50.16,28.07,27.2,70.46,67.91,40.5,65.6,57.72,14.56,28.07,0.0,48.33,29.53,25.06,50.99,74.24,32.25,18.87,40.0,48.37,22.8,56.04,28.64,65.12,44.0,28.28,66.48,14.14,25.3,22.8,75.18,56.64,57.72,79.65,68.82,26.68,22.36,22.8,29.53,7.21,38.21,70.11,41.23,14.0,31.24,57.2,22.8,4.47,44.41,41.76,50.29,65.19,64.2,23.32,68.88,29.97,17.0,52.01,21.95,46.39,12.21,63.06,8.06,35.0,6.0
24,86.02,82.02,56.14,115.6,74.73,74.67,43.86,84.1,6.32,60.83,65.3,62.29,87.32,17.09,24.08,33.29,103.94,104.86,8.49,60.53,95.6,34.0,74.22,48.33,0.0,77.82,73.35,54.33,116.1,72.11,54.15,85.6,92.02,26.68,67.08,32.56,111.21,77.67,67.88,104.4,34.99,73.54,26.08,86.37,103.73,81.71,90.2,113.28,71.39,26.0,67.47,18.97,42.38,24.74,102.0,7.21,44.41,78.89,102.18,48.41,51.26,89.64,8.94,6.4,105.12,84.48,64.5,81.88,18.38,31.38,83.86,63.64,76.16,43.42,77.47,51.31,70.43,42.94
25,88.81,37.95,33.11,58.0,62.8,89.44,52.35,54.04,78.89,65.39,46.65,40.79,62.48,78.1,56.32,52.35,58.82,52.95,69.86,82.22,43.68,43.86,16.12,29.53,77.82,0.0,4.47,67.05,52.61,30.07,34.0,18.11,28.07,52.15,66.24,55.17,38.47,39.7,26.08,50.64,43.08,6.32,52.0,80.92,28.84,58.0,85.04,44.27,20.0,51.88,20.4,59.06,36.06,64.78,60.17,70.68,38.21,6.32,32.98,40.2,27.2,22.0,70.94,79.48,47.1,65.76,26.68,74.65,59.48,46.53,46.62,25.96,45.25,36.67,69.2,27.66,33.42,34.93
26,86.83,37.58,29.73,60.13,60.96,86.83,48.66,53.25,74.43,62.61,44.41,38.21,61.61,73.76,51.92,48.17,59.67,54.33,65.39,79.12,44.72,39.4,15.23,25.06,73.35,4.47,0.0,63.91,55.32,28.64,30.46,20.1,30.07,47.71,63.81,50.99,42.19,38.83,24.08,52.15,38.63,4.47,47.54,79.25,32.8,56.85,83.45,47.54,18.44,47.41,18.0,54.59,31.62,60.53,60.73,66.21,34.06,8.25,36.06,36.5,22.8,24.33,66.48,75.03,49.01,64.54,24.08,72.92,55.01,42.06,46.14,23.19,44.05,32.39,67.36,23.35,31.83,30.46
27,32.98,94.4,70.71,74.43,22.8,25.61,18.44,37.2,60.13,7.21,24.33,82.07,36.88,39.85,37.36,28.64,58.41,62.77,48.0,15.23,56.46,44.94,75.18,50.99,54.33,67.05,63.91,0.0,78.79,82.8,69.31,62.03,62.51,52.0,13.42,65.39,83.19,39.29,42.43,63.53,43.27,67.23,43.08,32.06,80.1,32.56,36.0,81.04,75.47,47.54,72.11,49.48,52.5,30.0,55.32,50.0,61.22,63.56,72.99,28.84,55.32,64.03,46.04,50.01,66.71,32.45,74.03,27.66,48.27,47.89,41.15,72.62,34.18,38.9,23.77,45.22,38.01,46.69
28,80.0,88.09,84.9,10.0,59.67,88.81,75.6,43.17,119.33,72.8,55.57,93.38,48.17,109.34,92.02,83.45,26.31,18.0,107.63,89.84,22.36,84.88,68.26,74.24,116.1,52.61,55.32,78.79,0.0,82.22,85.44,35.44,26.0,95.41,68.96,102.86,20.59,40.5,48.41,16.12,83.23,58.86,91.21,70.0,29.12,49.03,72.11,11.66,72.44,93.23,72.99,100.0,81.41,95.02,30.27,109.12,86.93,47.07,20.0,67.88,74.32,31.05,107.52,115.26,12.08,54.23,79.25,66.19,99.81,88.75,37.7,78.45,44.72,73.6,63.79,67.74,46.01,77.18
29,110.45,11.66,16.0,88.02,85.6,107.81,64.9,80.5,70.71,83.55,68.41,14.14,88.59,78.92,57.72,59.09,88.29,82.87,66.03,97.65,73.35,43.68,14.0,32.25,72.11,30.07,28.64,82.8,82.22,0.0,18.0,48.17,58.14,46.04,86.28,41.23,65.97,66.21,50.12,80.62,44.27,24.33,50.99,104.02,55.79,83.35,108.41,72.99,10.2,48.37,11.66,54.04,33.53,68.96,89.29,66.0,28.07,36.22,62.29,54.04,27.78,52.04,68.12,76.01,77.16,90.74,8.94,97.62,55.08,43.74,73.93,10.3,70.71,44.42,91.83,37.64,58.18,37.58
30,99.3,28.64,2.0,89.44,76.03,94.85,50.91,74.22,52.95,71.22,59.09,12.81,81.61,61.19,40.5,43.27,86.02,82.22,48.04,83.55,72.11,26.83,22.8,18.87,54.15,34.0,30.46,69.31,85.44,18.0,0.0,50.0,59.67,28.07,74.89,24.17,72.47,60.83,44.41,80.4,27.78,27.78,33.53,94.02,62.77,75.89,98.49,78.0,18.87,30.59,15.62,36.06,17.2,52.0,86.21,48.0,10.2,38.63,66.48,41.62,15.23,54.41,50.16,58.01,78.09,82.64,10.77,87.71,37.12,26.25,68.88,10.3,64.03,30.48,81.88,26.4,51.97,22.63
31,77.82,55.79,49.48,40.05,52.0,81.04,51.42,40.0,87.86,58.55,38.47,58.31,48.41,82.29,62.13,55.46,41.23,34.93,77.2,76.42,26.0,52.35,34.23,40.0,85.6,18.11,20.1,62.03,35.44,48.17,50.0,0.0,10.0,62.29,57.72,68.26,25.61,26.83,20.4,32.56,50.99,24.0,59.67,68.96,18.97,44.94,72.72,28.84,38.05,60.83,38.05,67.94,47.2,68.03,42.94,78.41,51.88,12.0,17.2,40.5,39.45,4.47,77.67,85.98,29.02,52.7,44.18,63.06,68.01,55.87,32.02,43.29,33.11,42.2,58.18,34.66,24.19,43.86
32,74.0,65.51,59.23,30.07,49.03,78.92,54.63,34.93,94.76,58.03,38.21,68.26,42.94,87.13,68.12,60.46,32.25,25.3,83.55,76.03,17.2,59.67,44.18,48.37,92.02,28.07,30.07,62.51,26.0,58.14,59.67,10.0,0.0,70.0,56.14,76.94,20.88,24.08,24.41,22.8,58.14,34.0,66.48,64.62,18.44,40.5,68.03,21.26,48.04,68.12,48.04,75.07,55.57,72.72,34.41,84.9,60.93,22.0,10.77,44.94,48.33,6.32,83.74,91.83,19.03,47.93,54.15,59.14,75.01,63.41,26.93,53.24,30.27,48.8,54.82,42.2,25.0,51.61
33,84.76,56.57,30.07,96.6,66.27,76.94,34.93,70.71,26.83,56.32,52.15,37.95,76.11,33.53,15.62,23.41,87.93,86.93,20.0,63.81,76.97,10.77,47.54,22.8,26.68,52.15,47.71,52.0,95.41,46.04,28.07,62.29,70.0,0.0,61.61,13.42,87.68,60.73,47.41,85.91,12.65,47.41,8.94,82.0,79.4,70.11,86.35,90.91,44.72,4.47,40.79,8.0,16.12,26.91,86.83,20.1,18.0,54.04,79.4,32.25,25.06,66.6,22.09,30.02,85.48,75.03,38.05,76.3,9.06,6.71,68.15,37.12,61.19,22.47,70.86,27.8,52.2,18.44
34,24.41,97.59,76.03,63.56,10.0,23.41,26.68,26.0,72.69,6.32,19.7,87.66,24.08,53.14,48.17,38.47,46.65,52.0,60.3,20.88,47.07,53.14,76.84,56.04,67.08,66.24,63.81,13.42,68.96,86.28,74.89,57.72,56.14,61.61,0.0,74.73,76.03,32.06,40.25,53.14,51.26,67.68,52.95,20.4,74.43,20.59,24.74,72.69,77.9,57.27,74.97,60.3,59.06,42.43,43.27,62.29,68.0,61.74,66.0,33.29,60.0,58.86,58.55,63.06,57.01,19.21,77.9,15.0,59.21,56.61,31.58,76.49,26.0,44.78,10.44,49.04,33.84,52.84
35,98.08,50.16,26.0,105.11,78.92,90.35,48.08,82.1,30.0,69.57,64.03,30.0,88.02,43.91,28.84,36.77,98.06,96.17,28.64,77.18,86.02,22.09,46.65,28.64,32.56,55.17,50.99,65.39,102.86,41.23,24.17,68.26,76.94,13.42,74.73,0.0,92.8,71.02,56.32,94.87,24.08,49.52,22.36,95.08,83.74,82.02,99.46,97.1,42.94,17.89,39.45,18.44,21.54,39.7,97.32,27.86,16.97,58.41,85.44,44.05,28.84,72.72,31.3,37.64,93.78,87.37,34.93,89.27,19.85,18.25,78.77,34.44,72.25,33.06,83.74,35.74,62.17,26.68
36,91.78,70.26,71.55,30.0,68.12,98.18,75.39,52.61,113.45,78.41,58.86,78.43,59.67,107.42,87.66,80.62,42.19,33.29,102.8,96.33,31.05,77.9,52.5,65.12,111.21,38.47,42.19,83.19,20.59,65.97,72.47,25.61,20.88,87.68,76.03,92.8,0.0,44.18,44.72,30.53,76.58,44.72,85.28,82.0,10.2,58.55,84.9,8.94,56.92,86.37,58.31,93.51,72.25,93.06,45.65,104.02,76.03,34.41,10.2,65.3,64.03,21.63,103.23,111.5,24.7,65.31,64.62,77.1,93.61,81.34,45.18,64.08,50.04,67.8,73.44,60.21,45.88,69.31
37,50.99,76.16,61.19,38.21,25.3,54.92,35.38,14.42,81.63,34.23,15.23,72.28,22.8,69.31,53.85,44.41,27.2,27.2,69.34,52.15,18.44,50.0,53.85,44.0,77.67,39.7,38.83,39.29,40.5,66.21,60.83,26.83,24.08,60.73,32.06,71.02,44.18,0.0,16.49,26.91,48.08,43.27,54.63,42.19,42.43,18.44,46.04,41.76,56.36,57.58,54.63,63.56,50.16,55.17,26.31,71.02,58.0,33.94,34.06,29.53,46.17,27.2,68.82,76.06,28.6,26.25,59.46,36.24,63.07,54.12,8.06,58.19,6.32,38.33,31.38,36.01,9.0,44.41
38,62.8,60.46,44.72,49.19,36.88,63.56,31.05,30.46,70.94,39.85,20.59,55.79,38.47,62.77,43.86,36.06,42.19,39.85,59.4,57.27,29.73,36.72,38.42,28.28,67.88,26.08,24.08,42.43,48.41,50.12,44.41,20.4,24.41,47.41,40.25,56.32,44.72,16.49,0.0,38.63,34.99,28.28,42.8,55.17,39.29,33.29,59.4,45.61,40.5,44.94,38.47,51.61,34.93,48.37,42.0,60.83,42.19,21.54,34.99,20.59,30.0,23.41,59.46,67.48,38.08,40.8,43.08,48.84,51.4,40.71,24.52,41.79,20.59,25.24,43.28,20.62,8.06,29.73
39,64.03,88.29,80.22,11.31,43.68,72.69,62.23,27.2,108.17,57.27,41.23,90.0,32.06,96.17,80.45,71.22,11.66,2.83,96.02,74.0,8.94,75.15,66.75,66.48,104.4,50.64,52.15,63.53,16.12,80.62,80.4,32.56,22.8,85.91,53.14,94.87,30.53,26.91,38.63,0.0,73.35,56.32,80.62,54.04,35.38,32.98,56.32,23.41,70.46,83.19,70.11,89.55,73.38,82.07,15.23,97.65,80.05,44.41,24.08,56.04,67.47,29.12,95.6,102.94,5.83,38.12,76.03,50.09,89.19,79.2,22.47,75.01,30.0,63.51,47.68,59.14,34.13,68.35
40,75.15,55.71,29.53,84.12,54.92,68.82,25.06,58.31,36.88,46.52,40.0,40.0,64.0,36.06,14.0,15.62,75.29,74.32,26.83,56.64,64.4,2.0,42.0,14.14,34.99,43.08,38.63,43.27,83.23,44.27,27.78,50.99,58.14,12.65,51.26,24.08,76.58,48.08,34.99,73.35,0.0,39.29,8.94,71.47,68.82,58.0,75.89,79.25,40.2,10.0,36.22,16.97,10.77,24.74,74.22,27.78,18.44,43.91,67.88,20.0,18.0,55.17,27.86,36.4,73.06,63.29,35.44,65.52,17.03,6.08,55.54,34.21,48.66,9.85,59.91,16.4,39.56,8.25
41,90.91,33.11,26.83,64.03,65.12,90.55,51.42,57.69,74.24,66.24,48.41,34.53,66.03,74.97,52.95,50.0,64.03,58.55,65.79,82.46,49.03,39.85,10.77,25.3,73.54,6.32,4.47,67.23,58.86,24.33,27.78,24.0,34.0,47.41,67.68,49.52,44.72,43.27,28.28,56.32,39.29,0.0,48.08,83.45,34.99,61.22,87.68,50.6,14.14,47.54,14.14,54.63,31.3,62.13,65.15,66.48,32.56,12.0,39.29,39.29,22.36,28.07,67.05,75.58,53.01,68.88,20.4,77.1,55.15,42.15,50.61,19.65,48.41,34.01,71.51,25.0,36.12,31.05
42,75.89,62.1,35.44,91.59,58.03,68.0,26.31,63.56,28.28,47.54,44.72,44.72,68.47,28.07,7.21,14.56,81.71,81.41,17.89,54.92,71.69,8.25,50.16,22.8,26.08,52.0,47.54,43.08,91.21,50.99,33.53,59.67,66.48,8.94,52.95,22.36,85.28,54.63,42.8,80.62,8.94,48.08,0.0,73.35,77.67,62.51,77.67,87.68,48.0,4.47,44.0,8.94,18.0,18.87,80.32,18.87,23.41,52.84,76.42,25.3,26.31,63.78,18.97,27.51,80.71,67.03,42.43,67.74,8.6,7.28,61.68,41.3,54.41,17.69,62.39,25.24,46.53,17.09
43,10.0,114.98,95.02,62.29,18.44,21.63,47.07,29.73,92.2,26.08,35.61,106.68,22.36,71.39,68.47,58.86,44.18,52.0,80.02,30.53,50.99,73.38,93.38,75.18,86.37,80.92,79.25,32.06,70.0,104.02,94.02,68.96,64.62,82.0,20.4,95.08,82.0,42.19,55.17,54.04,71.47,83.45,73.35,0.0,82.87,24.17,4.47,76.66,95.02,77.67,92.46,80.62,78.79,62.03,40.2,82.02,87.73,75.6,72.8,52.8,78.89,68.88,78.1,81.88,59.21,16.76,96.02,6.4,79.51,76.92,37.7,94.63,36.06,64.47,12.21,67.74,47.51,72.5
44,92.35,60.13,61.77,37.58,67.47,97.32,70.34,53.14,105.6,76.03,56.0,68.35,60.93,101.13,80.62,74.32,46.69,38.21,95.41,94.02,33.29,70.0,42.38,56.64,103.73,28.84,32.8,80.1,29.12,55.79,62.77,18.97,18.44,79.4,74.43,83.74,10.2,42.43,39.29,35.38,68.82,34.99,77.67,82.87,0.0,58.82,86.16,18.11,46.82,78.41,48.33,85.6,63.66,86.93,49.68,96.52,66.84,25.46,11.31,59.46,55.17,16.12,96.04,104.45,29.83,66.13,54.63,77.49,85.8,73.25,45.22,54.13,48.66,60.54,73.25,52.43,42.11,61.22
45,33.53,93.74,76.55,43.08,10.77,40.05,37.95,6.0,86.65,25.61,18.0,88.02,6.0,69.97,59.67,49.48,26.08,31.62,74.0,41.23,28.0,60.0,71.61,57.72,81.71,58.0,56.85,32.56,49.03,83.35,75.89,44.94,40.5,70.11,20.59,82.02,58.55,18.44,33.29,32.98,58.0,61.22,62.51,24.17,58.82,0.0,27.78,54.0,73.78,66.27,71.69,71.02,62.8,57.27,22.8,75.89,71.39,52.35,49.03,38.0,60.73,44.72,72.8,78.72,37.34,7.81,76.03,18.68,70.21,64.01,13.6,74.69,12.81,49.16,15.0,49.73,25.24,56.57
46,8.94,119.33,99.48,64.03,22.8,22.63,51.42,33.11,96.08,30.27,40.0,111.14,25.3,74.97,72.69,63.15,46.0,54.15,84.0,33.11,53.85,77.79,97.67,79.65,90.2,85.04,83.45,36.0,72.11,108.41,98.49,72.72,68.03,86.35,24.74,99.46,84.9,46.04,59.4,56.32,75.89,87.68,77.67,4.47,86.16,27.78,0.0,79.25,99.36,82.0,96.83,84.85,83.26,66.0,42.0,86.0,92.2,79.65,75.89,57.27,83.35,72.47,82.02,85.59,61.66,20.12,100.44,10.82,83.73,81.32,41.15,99.05,40.0,68.94,16.64,72.2,51.66,76.97
47,86.58,78.03,77.25,21.26,64.12,94.02,75.18,48.0,115.97,75.71,56.92,84.9,54.33,108.17,89.38,81.61,34.93,26.0,104.8,93.38,26.0,80.72,59.23,68.82,113.28,44.27,47.54,81.04,11.66,72.99,78.0,28.84,21.26,90.91,72.69,97.1,8.94,41.76,45.61,23.41,79.25,50.6,87.68,76.66,18.11,54.0,79.25,0.0,63.56,89.2,64.56,96.21,76.03,93.74,38.63,106.15,80.62,39.4,11.66,66.03,68.26,24.41,105.0,113.07,17.72,60.21,70.88,72.17,96.18,84.39,41.19,70.21,47.07,70.01,69.0,63.13,45.18,72.47
48,101.82,20.0,17.2,78.0,76.58,100.0,58.14,70.71,70.88,75.6,59.46,21.54,78.89,76.03,54.15,53.85,78.1,72.69,64.5,90.55,63.15,40.05,4.47,26.68,71.39,20.0,18.44,75.47,72.44,10.2,18.87,38.05,48.04,44.72,77.9,42.94,56.92,56.36,40.5,70.46,40.2,14.14,48.0,95.02,46.82,73.78,99.36,63.56,0.0,46.17,4.0,52.61,30.0,64.78,79.12,64.78,27.2,26.08,52.61,46.65,22.36,42.0,66.27,74.55,67.07,81.27,8.49,88.62,53.46,41.05,63.98,8.6,61.06,38.28,82.88,30.41,48.55,32.56
49,80.32,59.23,32.56,94.02,62.13,72.47,30.59,67.08,27.2,51.92,48.37,41.23,72.25,30.59,11.31,18.97,84.76,84.1,18.44,59.36,74.24,8.49,48.66,22.36,26.0,51.88,47.41,47.54,93.23,48.37,30.59,60.83,68.12,4.47,57.27,17.89,86.37,57.58,44.94,83.19,10.0,47.54,4.47,77.67,78.41,66.27,82.0,89.2,46.17,0.0,42.19,7.21,16.49,22.8,83.52,18.97,20.4,53.25,77.79,28.64,25.3,65.05,20.1,28.44,83.01,71.0,40.05,72.01,7.62,5.39,64.85,39.01,57.72,19.72,66.61,26.17,49.24,17.2
50,99.04,22.63,14.14,78.1,74.03,96.83,54.59,68.88,67.05,72.47,56.85,20.4,76.94,72.03,50.16,50.0,77.28,72.25,60.53,87.13,62.51,36.06,7.21,22.8,67.47,20.4,18.0,72.11,72.99,11.66,15.62,38.05,48.04,40.79,74.97,39.45,58.31,54.63,38.47,70.11,36.22,14.14,44.0,92.46,48.33,71.69,96.83,64.56,4.0,42.19,0.0,48.66,26.0,60.83,78.1,60.83,23.41,26.08,53.37,43.27,18.44,42.19,62.29,70.58,67.01,79.08,6.32,86.05,49.5,37.05,62.39,5.83,59.06,34.54,80.28,26.93,46.53,28.64
51,82.46,64.5,38.05,100.5,66.03,73.54,34.0,72.28,20.0,54.59,53.37,45.61,76.94,26.0,12.17,22.0,90.62,90.35,12.0,59.93,80.62,15.62,55.32,29.53,18.97,59.06,54.59,49.48,100.0,54.04,36.06,67.94,75.07,8.0,60.3,18.44,93.51,63.56,51.61,89.55,16.97,54.63,8.94,80.62,85.6,71.02,84.85,96.21,52.61,7.21,48.66,0.0,23.41,21.63,89.2,12.17,26.0,60.46,84.85,34.18,32.31,72.14,14.14,22.02,89.59,75.24,46.04,75.24,1.41,12.53,70.58,45.1,63.25,26.4,70.06,33.3,55.47,24.41
52,83.35,44.94,18.87,83.57,61.35,78.1,34.06,62.13,42.94,54.92,45.12,29.73,68.73,46.04,24.33,26.08,76.94,74.73,34.93,66.48,64.56,10.2,32.25,7.21,42.38,36.06,31.62,52.5,81.41,33.53,17.2,47.2,55.57,16.12,59.06,21.54,72.25,50.16,34.93,73.38,10.77,31.3,18.0,78.79,63.66,62.8,83.26,76.03,30.0,16.49,26.0,23.41,0.0,35.44,76.42,35.44,8.94,38.21,64.4,26.0,8.94,51.61,36.5,44.91,72.24,68.88,24.74,72.62,24.04,11.18,58.08,23.54,52.04,14.32,66.85,14.32,41.19,6.32
53,62.51,80.32,53.85,93.38,50.0,52.5,20.0,60.03,30.27,36.22,41.62,63.53,62.77,14.42,11.66,12.65,80.45,82.22,18.0,38.63,73.54,25.3,66.27,38.21,24.74,64.78,60.53,30.0,95.02,68.96,52.0,68.03,72.72,26.91,42.43,39.7,93.06,55.17,48.37,82.07,24.74,62.13,18.87,62.03,86.93,57.27,66.0,93.74,64.78,22.8,60.83,21.63,35.44,0.0,78.23,20.0,42.05,64.03,83.35,27.78,42.43,71.55,16.12,21.47,83.49,59.77,60.17,57.31,20.25,25.94,60.61,58.94,52.8,28.16,52.77,37.22,49.04,32.25
54,50.16,98.08,86.37,22.09,33.29,60.17,58.31,18.44,106.45,48.41,36.72,97.02,19.7,91.61,78.79,68.88,4.0,12.65,93.91,63.53,17.2,76.16,75.89,70.11,102.0,60.17,60.73,55.32,30.27,89.29,86.21,42.94,34.41,86.83,43.27,97.32,45.65,26.31,42.0,15.23,74.22,65.15,80.32,40.2,49.68,22.8,42.0,38.63,79.12,83.52,78.1,89.2,76.42,78.23,0.0,95.71,84.1,53.85,38.42,55.03,72.0,40.5,93.06,99.64,21.02,25.63,83.55,37.11,88.6,80.28,18.68,82.38,26.0,64.54,35.85,62.2,35.23,70.71
55,82.39,76.24,50.0,108.81,69.43,71.81,37.95,78.0,10.77,56.14,59.09,56.89,81.61,16.97,17.2,26.83,97.53,98.18,2.0,57.72,88.81,26.83,67.47,41.23,7.21,70.68,66.21,50.0,109.12,66.0,48.0,78.41,84.9,20.1,62.29,27.86,104.02,71.02,60.83,97.65,27.78,66.48,18.87,82.02,96.52,75.89,86.0,106.15,64.78,18.97,60.83,12.17,35.44,20.0,95.71,0.0,38.05,71.69,95.02,41.62,44.27,82.46,4.47,10.05,98.23,79.08,58.14,77.23,11.4,24.35,77.41,57.22,69.77,36.24,72.56,44.1,63.6,35.78
56,92.28,38.83,12.17,89.84,70.23,86.83,42.8,70.46,43.68,63.81,53.85,21.63,77.28,50.99,30.46,34.06,84.38,81.58,38.0,74.97,71.39,17.2,30.46,14.0,44.41,38.21,34.06,61.22,86.93,28.07,10.2,51.88,60.93,18.0,68.0,16.97,76.03,58.0,42.19,80.05,18.44,32.56,23.41,87.73,66.84,71.39,92.2,80.62,27.2,20.4,23.41,26.0,8.94,42.05,84.1,38.05,0.0,41.62,68.96,34.93,12.65,56.36,40.05,48.01,78.45,77.62,20.1,81.54,27.02,16.16,66.01,19.24,60.3,23.26,75.77,22.02,49.0,15.23
57,83.76,44.27,37.95,52.04,57.69,85.09,50.0,48.17,80.45,61.35,42.05,46.39,56.64,77.79,56.46,51.42,52.5,46.69,70.71,78.59,37.36,44.94,22.36,31.24,78.89,6.32,8.25,63.56,47.07,36.22,38.63,12.0,22.0,54.04,61.74,58.41,34.41,33.94,21.54,44.41,43.91,12.0,52.84,75.6,25.46,52.35,79.65,39.4,26.08,53.25,26.08,60.46,38.21,64.03,53.85,71.69,41.62,0.0,27.86,38.05,29.73,16.12,71.55,80.06,41.01,60.14,32.25,69.4,60.75,48.01,40.61,31.4,39.7,36.4,64.07,27.73,28.3,36.06
58,82.46,68.12,65.79,27.2,58.31,88.36,65.39,43.17,104.69,68.26,48.66,73.76,50.6,97.75,78.41,71.02,35.38,26.91,93.72,86.21,22.36,69.31,48.37,57.2,102.18,32.98,36.06,72.99,20.0,62.29,66.48,17.2,10.77,79.4,66.0,85.44,10.2,34.06,34.99,24.08,67.88,39.29,76.42,72.8,11.31,49.03,75.89,11.66,52.61,77.79,53.37,84.85,64.4,83.35,38.42,95.02,68.96,27.86,0.0,55.57,56.6,12.81,94.02,102.2,18.6,56.04,59.67,67.68,84.86,72.92,35.51,58.94,40.0,58.8,63.79,51.66,35.74,60.96
59,57.69,65.6,42.8,67.2,35.44,53.81,12.17,38.47,52.15,29.73,20.0,54.41,44.0,42.19,24.41,15.62,56.46,56.6,40.0,43.91,47.2,22.0,46.52,22.8,48.41,40.2,36.5,28.84,67.88,54.04,41.62,40.5,44.94,32.25,33.29,44.05,65.3,29.53,20.59,56.04,20.0,39.29,25.3,52.8,59.46,38.0,57.27,66.03,46.65,28.64,43.27,34.18,26.0,27.78,55.03,41.62,34.93,38.05,55.57,0.0,26.91,43.86,39.7,47.38,56.73,43.42,45.34,46.62,33.62,26.02,36.4,43.93,29.12,11.7,40.85,16.4,22.02,19.7
60,84.4,39.45,16.12,77.2,60.83,80.62,37.2,59.23,51.88,56.64,43.86,27.78,66.48,54.04,32.0,31.62,72.11,69.05,43.68,70.0,58.86,18.11,24.0,4.47,51.26,27.2,22.8,55.32,74.32,27.78,15.23,39.45,48.33,25.06,60.0,28.84,64.03,46.17,30.0,67.47,18.0,22.36,26.31,78.89,55.17,60.73,83.35,68.26,22.36,25.3,18.44,32.31,8.94,42.43,72.0,44.27,12.65,29.73,56.6,26.91,0.0,43.91,45.12,53.6,65.8,67.42,18.87,72.56,32.89,19.92,54.23,17.49,49.03,16.64,66.73,11.18,37.22,10.2
61,78.0,59.23,53.85,36.0,52.5,82.0,54.41,39.45,92.02,60.13,40.05,62.51,47.71,85.88,66.03,59.06,38.47,31.62,81.22,78.1,23.32,56.57,38.05,44.41,89.64,22.0,24.33,64.03,31.05,52.04,54.41,4.47,6.32,66.6,58.86,72.72,21.63,27.2,23.41,29.12,55.17,28.07,63.78,68.88,16.12,44.72,72.47,24.41,42.0,65.05,42.19,72.14,51.61,71.55,40.5,82.46,56.36,16.12,12.81,43.86,43.91,0.0,81.61,89.87,25.18,52.35,48.37,63.16,72.18,60.14,31.38,47.52,33.53,46.23,58.52,38.9,26.02,48.17
62,78.23,78.64,52.15,106.83,65.97,67.47,34.93,75.15,14.14,52.35,56.36,59.67,78.43,12.81,15.62,24.41,95.02,96.02,2.83,53.37,86.83,27.2,68.73,41.76,8.94,70.94,66.48,46.04,107.52,68.12,50.16,77.67,83.74,22.09,58.55,31.3,103.23,68.82,59.46,95.6,27.86,67.05,18.97,78.1,96.04,72.8,82.02,105.0,66.27,20.1,62.29,14.14,36.5,16.12,93.06,4.47,40.05,71.55,94.02,39.7,45.12,81.61,0.0,8.54,96.43,75.69,60.0,73.44,13.04,25.32,74.95,59.01,67.23,35.51,68.88,43.83,61.72,36.06
63,81.02,86.28,60.01,114.21,71.17,69.26,41.34,81.49,12.53,56.75,62.97,66.91,84.17,11.18,23.85,31.83,101.79,103.23,10.05,55.15,94.26,35.74,77.1,50.29,6.4,79.48,75.03,50.01,115.26,76.01,58.01,85.98,91.83,30.02,63.06,37.64,111.5,76.06,67.48,102.94,36.4,75.58,27.51,81.88,104.45,78.72,85.59,113.07,74.55,28.44,70.58,22.02,44.91,21.47,99.64,10.05,48.01,80.06,102.2,47.38,53.6,89.87,8.54,0.0,104.0,80.99,68.07,77.67,21.1,33.73,81.84,67.12,74.06,43.91,73.5,52.33,69.31,44.6
64,69.18,84.34,77.78,11.4,47.85,77.32,63.89,31.4,108.6,60.75,43.57,87.14,37.01,97.74,81.06,72.18,17.49,8.6,96.67,77.88,10.3,74.79,63.2,65.19,105.12,47.1,49.01,66.71,12.08,77.16,78.09,29.02,19.03,85.48,57.01,93.78,24.7,28.6,38.08,5.83,73.06,53.01,80.71,59.21,29.83,37.34,61.66,17.72,67.07,83.01,67.01,89.59,72.24,83.49,21.02,98.23,78.45,41.01,18.6,56.73,65.8,25.18,96.43,104.0,0.0,43.0,73.06,55.0,89.31,78.77,25.63,72.11,32.65,63.29,52.24,58.18,34.71,67.54
65,26.48,101.26,83.38,47.3,9.85,34.71,41.44,13.0,89.74,25.24,23.77,94.94,6.08,71.59,63.51,53.34,29.41,36.35,77.13,38.28,34.37,65.28,79.2,64.2,84.48,65.76,64.54,32.45,54.23,90.74,82.64,52.7,47.93,75.03,19.21,87.37,65.31,26.25,40.8,38.12,63.29,68.88,67.03,16.76,66.13,7.81,20.12,60.21,81.27,71.0,79.08,75.24,68.88,59.77,25.63,79.08,77.62,60.14,56.04,43.42,67.42,52.35,75.69,80.99,43.0,0.0,83.24,12.0,74.33,69.18,21.02,81.88,20.52,54.92,10.3,56.3,32.8,62.59
66,102.18,20.59,8.94,84.21,77.67,99.16,56.04,73.54,63.56,74.97,60.46,14.14,81.44,70.46,49.03,50.16,82.87,78.1,58.03,88.81,68.26,34.93,12.81,23.32,64.5,26.68,24.08,74.03,79.25,8.94,10.77,44.18,54.15,38.05,77.9,34.93,64.62,59.46,43.08,76.03,35.44,20.4,42.43,96.02,54.63,76.03,100.44,70.88,8.49,40.05,6.32,46.04,24.74,60.17,83.55,58.14,20.1,32.25,59.67,45.34,18.87,48.37,60.0,68.07,73.06,83.24,0.0,89.63,47.01,35.23,67.36,1.41,63.56,35.51,83.82,29.0,51.08,28.64
67,14.87,108.58,88.68,59.03,12.04,23.09,41.44,24.52,87.57,21.1,29.21,100.34,18.03,67.45,63.13,53.34,41.0,48.26,75.24,29.0,46.27,67.45,87.0,68.88,81.88,74.65,72.92,27.66,66.19,97.62,87.71,63.06,59.14,76.3,15.0,89.27,77.1,36.24,48.84,50.09,65.52,77.1,67.74,6.4,77.49,18.68,10.82,72.17,88.62,72.01,86.05,75.24,72.62,57.31,37.11,77.23,81.54,69.4,67.68,46.62,72.56,63.16,73.44,77.67,55.0,12.0,89.63,0.0,74.17,71.06,32.28,88.23,30.02,58.31,5.83,61.4,41.23,66.31
68,81.25,65.62,39.12,100.17,65.07,72.24,33.02,71.57,19.85,53.46,52.63,46.84,76.12,24.7,11.05,21.02,90.08,89.94,11.05,58.6,80.26,15.81,56.09,29.97,18.38,59.48,55.01,48.27,99.81,55.08,37.12,68.01,75.01,9.06,59.21,19.85,93.61,63.07,51.4,89.19,17.03,55.15,8.6,79.51,85.8,70.21,83.73,96.18,53.46,7.62,49.5,1.41,24.04,20.25,88.6,11.4,27.02,60.75,84.86,33.62,32.89,72.18,13.04,21.1,89.31,74.33,47.01,74.17,0.0,13.0,70.01,46.04,62.63,26.25,69.03,33.42,55.07,24.7
69,80.23,54.82,28.16,89.89,60.67,73.25,30.08,64.38,32.45,51.62,46.01,37.59,70.01,35.23,14.32,19.42,81.32,80.23,23.77,60.61,70.26,4.12,43.42,17.0,31.38,46.53,42.06,47.89,88.75,43.74,26.25,55.87,63.41,6.71,56.61,18.25,81.34,54.12,40.71,79.2,6.08,42.15,7.28,76.92,73.25,64.01,81.32,84.39,41.05,5.39,37.05,12.53,11.18,25.94,80.28,24.35,16.16,48.01,72.92,26.02,19.92,60.14,25.32,33.73,78.77,69.18,35.23,71.06,13.0,0.0,61.61,34.13,54.74,15.81,65.51,21.26,45.54,12.04
70,47.13,83.65,69.23,33.6,23.0,53.04,40.61,8.06,88.12,35.11,19.1,80.28,16.4,74.41,60.37,50.61,20.12,22.02,75.66,52.39,15.52,57.49,61.29,52.01,83.86,46.62,46.14,41.15,37.7,73.93,68.88,32.02,26.93,68.15,31.58,78.77,45.18,8.06,24.52,22.47,55.54,50.61,61.68,37.7,45.22,13.6,41.15,41.19,63.98,64.85,62.39,70.58,58.08,60.61,18.68,77.41,66.01,40.61,35.51,36.4,54.23,31.38,74.95,81.84,25.63,21.02,67.36,32.28,70.01,61.61,0.0,66.1,7.81,45.89,28.28,44.0,17.03,52.24
71,100.77,21.95,8.6,83.29,76.28,97.74,54.64,72.24,62.82,73.55,59.08,15.03,80.11,69.35,47.85,48.85,81.74,77.06,57.08,87.42,67.19,33.73,12.73,21.95,63.64,25.96,23.19,72.62,78.45,10.3,10.3,43.29,53.24,37.12,76.49,34.44,64.08,58.19,41.79,75.01,34.21,19.65,41.3,94.63,54.13,74.69,99.05,70.21,8.6,39.01,5.83,45.1,23.54,58.94,82.38,57.22,19.24,31.4,58.94,43.93,17.49,47.52,59.01,67.12,72.11,81.88,1.41,88.23,46.04,34.13,66.1,0.0,62.24,34.13,82.42,27.59,49.77,27.31
72,44.72,80.99,64.56,41.23,18.97,48.66,32.8,10.2,80.5,28.64,11.31,75.89,17.89,66.6,52.8,42.94,27.78,29.73,68.0,46.39,22.36,50.64,58.82,46.39,76.16,45.25,44.05,34.18,44.72,70.71,64.03,33.11,30.27,61.19,26.0,72.25,50.04,6.32,20.59,30.0,48.66,48.41,54.41,36.06,48.66,12.81,40.0,47.07,61.06,57.72,59.06,63.25,52.04,52.8,26.0,69.77,60.3,39.7,40.0,29.12,49.03,33.53,67.23,74.06,32.65,20.52,63.56,30.02,62.63,54.74,7.81,62.24,0.0,39.2,25.08,38.33,12.53,46.0
73,69.12,56.08,31.83,74.3,47.13,64.38,20.62,49.04,45.97,40.8,31.26,43.28,55.15,41.48,20.12,16.03,65.52,64.47,35.0,53.41,54.56,11.7,39.05,12.21,43.42,36.67,32.39,38.9,73.6,44.42,30.48,42.2,48.8,22.47,44.78,33.06,67.8,38.33,25.24,63.51,9.85,34.01,17.69,64.47,60.54,49.16,68.94,70.01,38.28,19.72,34.54,26.4,14.32,28.16,64.54,36.24,23.26,36.4,58.8,11.7,16.64,46.23,35.51,43.91,63.29,54.92,35.51,58.31,26.25,15.81,45.89,34.13,39.2,0.0,52.55,9.06,29.73,8.06
74,19.72,102.83,82.86,57.28,6.4,25.08,36.12,21.0,83.02,16.76,23.43,94.51,16.16,63.57,58.01,48.09,39.56,46.1,70.58,28.02,43.0,61.85,81.32,63.06,77.47,69.2,67.36,23.77,63.79,91.83,81.88,58.18,54.82,70.86,10.44,83.74,73.44,31.38,43.28,47.68,59.91,71.51,62.39,12.21,73.25,15.0,16.64,69.0,82.88,66.61,80.28,70.06,66.85,52.77,35.85,72.56,75.77,64.07,63.79,40.85,66.73,58.52,68.88,73.5,52.24,10.3,83.82,5.83,69.03,65.51,28.28,82.42,25.08,52.55,0.0,55.57,35.81,60.54
75,73.41,49.2,27.29,69.46,49.65,70.18,27.73,48.51,53.26,45.97,32.7,38.95,55.54,50.45,28.79,25.0,62.65,60.44,43.05,60.21,50.29,17.69,30.68,8.06,51.31,27.66,23.35,45.22,67.74,37.64,26.4,34.66,42.2,27.8,49.04,35.74,60.21,36.01,20.62,59.14,16.4,25.0,25.24,67.74,52.43,49.73,72.2,63.13,30.41,26.17,26.93,33.3,14.32,37.22,62.2,44.1,22.02,27.73,51.66,16.4,11.18,38.9,43.83,52.33,58.18,56.3,29.0,61.4,33.42,21.26,44.0,27.59,38.33,9.06,55.57,0.0,27.02,9.43
76,55.47,68.51,52.39,45.22,29.41,57.25,30.02,22.47,74.06,34.37,14.32,63.6,30.41,63.41,46.4,37.48,35.9,34.89,62.01,52.24,25.24,41.44,46.4,35.0,70.43,33.42,31.83,38.01,46.01,58.18,51.97,24.19,25.0,52.2,33.84,62.17,45.88,9.0,8.06,34.13,39.56,36.12,46.53,47.51,42.11,25.24,51.66,45.18,48.55,49.24,46.53,55.47,41.19,49.04,35.23,63.6,49.0,28.3,35.74,22.02,37.22,26.02,61.72,69.31,34.71,32.8,51.08,41.23,55.07,45.54,17.03,49.77,12.53,29.73,35.81,27.02,0.0,35.51
77,77.18,49.19,24.08,78.79,55.03,72.25,28.28,56.04,44.41,48.83,38.83,35.38,62.51,44.18,22.09,21.54,71.39,69.57,34.93,60.96,59.46,8.94,34.06,6.0,42.94,34.93,30.46,46.69,77.18,37.58,22.63,43.86,51.61,18.44,52.84,26.68,69.31,44.41,29.73,68.35,8.25,31.05,17.09,72.5,61.22,56.57,76.97,72.47,32.56,17.2,28.64,24.41,6.32,32.25,70.71,35.78,15.23,36.06,60.96,19.7,10.2,48.17,36.06,44.6,67.54,62.59,28.64,66.31,24.7,12.04,52.24,27.31,46.0,8.06,60.54,9.43,35.51,0.0
