set K:= 1	2	3	4	5	6	7	8	9	10;
set C_H:= 1	2	3	4	5	6	7	8	9	10	11	12	13	14	15	16	17	18	19	20	21	22;
set C_S:= 23	24	25	26	27	28	29	30	31	32	33	34	35	36	37	38	39	40	41	42;
set C_F:= 43	44	45	46	47	48	49	50	51	52	53	54	55	56	57	58	59	60	61	62;
set M:= 63	64;
set L_B:= 65	66	67	68	69	70	71	72	73	74;
set A1:=
(0,*) 1 2 3 4 5 6 7 8 9 10 11 12 13 14 15 16 17 18 19 20 21 22 43 44 45 46 47 48 49 50 51 52 53 54 55 56 57 58 59 60 61 62 63 64 65 66 67 68 69 70 71 72 73 74
(1,*) 0 2 3 4 5 6 7 8 9 10 11 12 13 14 15 16 17 18 19 20 21 22 43 44 45 46 47 48 49 50 51 52 53 54 55 56 57 58 59 60 61 62 63 64 65 66 67 68 69 70 71 72 73 74
(2,*) 0 1 3 4 5 6 7 8 9 10 11 12 13 14 15 16 17 18 19 20 21 22 43 44 45 46 47 48 49 50 51 52 53 54 55 56 57 58 59 60 61 62 63 64 65 66 67 68 69 70 71 72 73 74
(3,*) 0 1 2 4 5 6 7 8 9 10 11 12 13 14 15 16 17 18 19 20 21 22 43 44 45 46 47 48 49 50 51 52 53 54 55 56 57 58 59 60 61 62 63 64 65 66 67 68 69 70 71 72 73 74
(4,*) 0 1 2 3 5 6 7 8 9 10 11 12 13 14 15 16 17 18 19 20 21 22 43 44 45 46 47 48 49 50 51 52 53 54 55 56 57 58 59 60 61 62 63 64 65 66 67 68 69 70 71 72 73 74
(5,*) 0 1 2 3 4 6 7 8 9 10 11 12 13 14 15 16 17 18 19 20 21 22 43 44 45 46 47 48 49 50 51 52 53 54 55 56 57 58 59 60 61 62 63 64 65 66 67 68 69 70 71 72 73 74
(6,*) 0 1 2 3 4 5 7 8 9 10 11 12 13 14 15 16 17 18 19 20 21 22 43 44 45 46 47 48 49 50 51 52 53 54 55 56 57 58 59 60 61 62 63 64 65 66 67 68 69 70 71 72 73 74
(7,*) 0 1 2 3 4 5 6 8 9 10 11 12 13 14 15 16 17 18 19 20 21 22 43 44 45 46 47 48 49 50 51 52 53 54 55 56 57 58 59 60 61 62 63 64 65 66 67 68 69 70 71 72 73 74
(8,*) 0 1 2 3 4 5 6 7 9 10 11 12 13 14 15 16 17 18 19 20 21 22 43 44 45 46 47 48 49 50 51 52 53 54 55 56 57 58 59 60 61 62 63 64 65 66 67 68 69 70 71 72 73 74
(9,*) 0 1 2 3 4 5 6 7 8 10 11 12 13 14 15 16 17 18 19 20 21 22 43 44 45 46 47 48 49 50 51 52 53 54 55 56 57 58 59 60 61 62 63 64 65 66 67 68 69 70 71 72 73 74
(10,*) 0 1 2 3 4 5 6 7 8 9 11 12 13 14 15 16 17 18 19 20 21 22 43 44 45 46 47 48 49 50 51 52 53 54 55 56 57 58 59 60 61 62 63 64 65 66 67 68 69 70 71 72 73 74
(11,*) 0 1 2 3 4 5 6 7 8 9 10 12 13 14 15 16 17 18 19 20 21 22 43 44 45 46 47 48 49 50 51 52 53 54 55 56 57 58 59 60 61 62 63 64 65 66 67 68 69 70 71 72 73 74
(12,*) 0 1 2 3 4 5 6 7 8 9 10 11 13 14 15 16 17 18 19 20 21 22 43 44 45 46 47 48 49 50 51 52 53 54 55 56 57 58 59 60 61 62 63 64 65 66 67 68 69 70 71 72 73 74
(13,*) 0 1 2 3 4 5 6 7 8 9 10 11 12 14 15 16 17 18 19 20 21 22 43 44 45 46 47 48 49 50 51 52 53 54 55 56 57 58 59 60 61 62 63 64 65 66 67 68 69 70 71 72 73 74
(14,*) 0 1 2 3 4 5 6 7 8 9 10 11 12 13 15 16 17 18 19 20 21 22 43 44 45 46 47 48 49 50 51 52 53 54 55 56 57 58 59 60 61 62 63 64 65 66 67 68 69 70 71 72 73 74
(15,*) 0 1 2 3 4 5 6 7 8 9 10 11 12 13 14 16 17 18 19 20 21 22 43 44 45 46 47 48 49 50 51 52 53 54 55 56 57 58 59 60 61 62 63 64 65 66 67 68 69 70 71 72 73 74
(16,*) 0 1 2 3 4 5 6 7 8 9 10 11 12 13 14 15 17 18 19 20 21 22 43 44 45 46 47 48 49 50 51 52 53 54 55 56 57 58 59 60 61 62 63 64 65 66 67 68 69 70 71 72 73 74
(17,*) 0 1 2 3 4 5 6 7 8 9 10 11 12 13 14 15 16 18 19 20 21 22 43 44 45 46 47 48 49 50 51 52 53 54 55 56 57 58 59 60 61 62 63 64 65 66 67 68 69 70 71 72 73 74
(18,*) 0 1 2 3 4 5 6 7 8 9 10 11 12 13 14 15 16 17 19 20 21 22 43 44 45 46 47 48 49 50 51 52 53 54 55 56 57 58 59 60 61 62 63 64 65 66 67 68 69 70 71 72 73 74
(19,*) 0 1 2 3 4 5 6 7 8 9 10 11 12 13 14 15 16 17 18 20 21 22 43 44 45 46 47 48 49 50 51 52 53 54 55 56 57 58 59 60 61 62 63 64 65 66 67 68 69 70 71 72 73 74
(20,*) 0 1 2 3 4 5 6 7 8 9 10 11 12 13 14 15 16 17 18 19 21 22 43 44 45 46 47 48 49 50 51 52 53 54 55 56 57 58 59 60 61 62 63 64 65 66 67 68 69 70 71 72 73 74
(21,*) 0 1 2 3 4 5 6 7 8 9 10 11 12 13 14 15 16 17 18 19 20 22 43 44 45 46 47 48 49 50 51 52 53 54 55 56 57 58 59 60 61 62 63 64 65 66 67 68 69 70 71 72 73 74
(22,*) 0 1 2 3 4 5 6 7 8 9 10 11 12 13 14 15 16 17 18 19 20 21 43 44 45 46 47 48 49 50 51 52 53 54 55 56 57 58 59 60 61 62 63 64 65 66 67 68 69 70 71 72 73 74
(43,*) 0 1 2 3 4 5 6 7 8 9 10 11 12 13 14 15 16 17 18 19 20 21 22 44 45 46 47 48 49 50 51 52 53 54 55 56 57 58 59 60 61 62 63 64 65 66 67 68 69 70 71 72 73 74
(44,*) 0 1 2 3 4 5 6 7 8 9 10 11 12 13 14 15 16 17 18 19 20 21 22 43 45 46 47 48 49 50 51 52 53 54 55 56 57 58 59 60 61 62 63 64 65 66 67 68 69 70 71 72 73 74
(45,*) 0 1 2 3 4 5 6 7 8 9 10 11 12 13 14 15 16 17 18 19 20 21 22 43 44 46 47 48 49 50 51 52 53 54 55 56 57 58 59 60 61 62 63 64 65 66 67 68 69 70 71 72 73 74
(46,*) 0 1 2 3 4 5 6 7 8 9 10 11 12 13 14 15 16 17 18 19 20 21 22 43 44 45 47 48 49 50 51 52 53 54 55 56 57 58 59 60 61 62 63 64 65 66 67 68 69 70 71 72 73 74
(47,*) 0 1 2 3 4 5 6 7 8 9 10 11 12 13 14 15 16 17 18 19 20 21 22 43 44 45 46 48 49 50 51 52 53 54 55 56 57 58 59 60 61 62 63 64 65 66 67 68 69 70 71 72 73 74
(48,*) 0 1 2 3 4 5 6 7 8 9 10 11 12 13 14 15 16 17 18 19 20 21 22 43 44 45 46 47 49 50 51 52 53 54 55 56 57 58 59 60 61 62 63 64 65 66 67 68 69 70 71 72 73 74
(49,*) 0 1 2 3 4 5 6 7 8 9 10 11 12 13 14 15 16 17 18 19 20 21 22 43 44 45 46 47 48 50 51 52 53 54 55 56 57 58 59 60 61 62 63 64 65 66 67 68 69 70 71 72 73 74
(50,*) 0 1 2 3 4 5 6 7 8 9 10 11 12 13 14 15 16 17 18 19 20 21 22 43 44 45 46 47 48 49 51 52 53 54 55 56 57 58 59 60 61 62 63 64 65 66 67 68 69 70 71 72 73 74
(51,*) 0 1 2 3 4 5 6 7 8 9 10 11 12 13 14 15 16 17 18 19 20 21 22 43 44 45 46 47 48 49 50 52 53 54 55 56 57 58 59 60 61 62 63 64 65 66 67 68 69 70 71 72 73 74
(52,*) 0 1 2 3 4 5 6 7 8 9 10 11 12 13 14 15 16 17 18 19 20 21 22 43 44 45 46 47 48 49 50 51 53 54 55 56 57 58 59 60 61 62 63 64 65 66 67 68 69 70 71 72 73 74
(53,*) 0 1 2 3 4 5 6 7 8 9 10 11 12 13 14 15 16 17 18 19 20 21 22 43 44 45 46 47 48 49 50 51 52 54 55 56 57 58 59 60 61 62 63 64 65 66 67 68 69 70 71 72 73 74
(54,*) 0 1 2 3 4 5 6 7 8 9 10 11 12 13 14 15 16 17 18 19 20 21 22 43 44 45 46 47 48 49 50 51 52 53 55 56 57 58 59 60 61 62 63 64 65 66 67 68 69 70 71 72 73 74
(55,*) 0 1 2 3 4 5 6 7 8 9 10 11 12 13 14 15 16 17 18 19 20 21 22 43 44 45 46 47 48 49 50 51 52 53 54 56 57 58 59 60 61 62 63 64 65 66 67 68 69 70 71 72 73 74
(56,*) 0 1 2 3 4 5 6 7 8 9 10 11 12 13 14 15 16 17 18 19 20 21 22 43 44 45 46 47 48 49 50 51 52 53 54 55 57 58 59 60 61 62 63 64 65 66 67 68 69 70 71 72 73 74
(57,*) 0 1 2 3 4 5 6 7 8 9 10 11 12 13 14 15 16 17 18 19 20 21 22 43 44 45 46 47 48 49 50 51 52 53 54 55 56 58 59 60 61 62 63 64 65 66 67 68 69 70 71 72 73 74
(58,*) 0 1 2 3 4 5 6 7 8 9 10 11 12 13 14 15 16 17 18 19 20 21 22 43 44 45 46 47 48 49 50 51 52 53 54 55 56 57 59 60 61 62 63 64 65 66 67 68 69 70 71 72 73 74
(59,*) 0 1 2 3 4 5 6 7 8 9 10 11 12 13 14 15 16 17 18 19 20 21 22 43 44 45 46 47 48 49 50 51 52 53 54 55 56 57 58 60 61 62 63 64 65 66 67 68 69 70 71 72 73 74
(60,*) 0 1 2 3 4 5 6 7 8 9 10 11 12 13 14 15 16 17 18 19 20 21 22 43 44 45 46 47 48 49 50 51 52 53 54 55 56 57 58 59 61 62 63 64 65 66 67 68 69 70 71 72 73 74
(61,*) 0 1 2 3 4 5 6 7 8 9 10 11 12 13 14 15 16 17 18 19 20 21 22 43 44 45 46 47 48 49 50 51 52 53 54 55 56 57 58 59 60 62 63 64 65 66 67 68 69 70 71 72 73 74
(62,*) 0 1 2 3 4 5 6 7 8 9 10 11 12 13 14 15 16 17 18 19 20 21 22 43 44 45 46 47 48 49 50 51 52 53 54 55 56 57 58 59 60 61 63 64 65 66 67 68 69 70 71 72 73 74
(63,*) 0 1 2 3 4 5 6 7 8 9 10 11 12 13 14 15 16 17 18 19 20 21 22 43 44 45 46 47 48 49 50 51 52 53 54 55 56 57 58 59 60 61 62 64 65 66 67 68 69 70 71 72 73 74
(64,*) 0 1 2 3 4 5 6 7 8 9 10 11 12 13 14 15 16 17 18 19 20 21 22 43 44 45 46 47 48 49 50 51 52 53 54 55 56 57 58 59 60 61 62 63 65 66 67 68 69 70 71 72 73 74
(65,*) 0 1 2 3 4 5 6 7 8 9 10 11 12 13 14 15 16 17 18 19 20 21 22 43 44 45 46 47 48 49 50 51 52 53 54 55 56 57 58 59 60 61 62 63 64 66 67 68 69 70 71 72 73 74
(66,*) 0 1 2 3 4 5 6 7 8 9 10 11 12 13 14 15 16 17 18 19 20 21 22 43 44 45 46 47 48 49 50 51 52 53 54 55 56 57 58 59 60 61 62 63 64 65 67 68 69 70 71 72 73 74
(67,*) 0 1 2 3 4 5 6 7 8 9 10 11 12 13 14 15 16 17 18 19 20 21 22 43 44 45 46 47 48 49 50 51 52 53 54 55 56 57 58 59 60 61 62 63 64 65 66 68 69 70 71 72 73 74
(68,*) 0 1 2 3 4 5 6 7 8 9 10 11 12 13 14 15 16 17 18 19 20 21 22 43 44 45 46 47 48 49 50 51 52 53 54 55 56 57 58 59 60 61 62 63 64 65 66 67 69 70 71 72 73 74
(69,*) 0 1 2 3 4 5 6 7 8 9 10 11 12 13 14 15 16 17 18 19 20 21 22 43 44 45 46 47 48 49 50 51 52 53 54 55 56 57 58 59 60 61 62 63 64 65 66 67 68 70 71 72 73 74
(70,*) 0 1 2 3 4 5 6 7 8 9 10 11 12 13 14 15 16 17 18 19 20 21 22 43 44 45 46 47 48 49 50 51 52 53 54 55 56 57 58 59 60 61 62 63 64 65 66 67 68 69 71 72 73 74
(71,*) 0 1 2 3 4 5 6 7 8 9 10 11 12 13 14 15 16 17 18 19 20 21 22 43 44 45 46 47 48 49 50 51 52 53 54 55 56 57 58 59 60 61 62 63 64 65 66 67 68 69 70 72 73 74
(72,*) 0 1 2 3 4 5 6 7 8 9 10 11 12 13 14 15 16 17 18 19 20 21 22 43 44 45 46 47 48 49 50 51 52 53 54 55 56 57 58 59 60 61 62 63 64 65 66 67 68 69 70 71 73 74
(73,*) 0 1 2 3 4 5 6 7 8 9 10 11 12 13 14 15 16 17 18 19 20 21 22 43 44 45 46 47 48 49 50 51 52 53 54 55 56 57 58 59 60 61 62 63 64 65 66 67 68 69 70 71 72 74
(74,*) 0 1 2 3 4 5 6 7 8 9 10 11 12 13 14 15 16 17 18 19 20 21 22 43 44 45 46 47 48 49 50 51 52 53 54 55 56 57 58 59 60 61 62 63 64 65 66 67 68 69 70 71 72 73
;
param BigM:=99999;
param n:= 10;
param d:=
1	26
2	17
3	15
4	22
5	2
6	25
7	5
8	17
9	12
10	12
11	2
12	17
13	16
14	15
15	12
16	21
17	16
18	10
19	21
20	7
21	25
22	16
23	20
24	5
25	1
26	20
27	20
28	21
29	15
30	21
31	26
32	22
33	6
34	11
35	63
36	10
37	26
38	17
39	10
40	5
41	17
42	6
43	11
44	17
45	16
46	22
47	21
48	26
49	12
50	11
51	5
52	12
53	16
54	2
55	2
56	6
57	1
58	1
59	6
60	25
61	25
62	22
;
param Q:=100;
param e:
	63	64	65	66	67	68	69	70	71	72	73	74:=
23	0	0	1	0	0	0	0	0	0	0	0	0	
24	0	0	0	0	0	0	1	0	0	0	0	0	
25	0	0	0	1	0	0	1	1	0	1	0	1	
26	0	0	1	0	1	0	1	0	1	0	1	0	
27	0	0	0	0	1	0	0	0	1	0	1	0	
28	0	0	0	0	0	0	0	0	0	0	0	1	
29	1	0	0	0	0	0	0	0	0	0	0	0	
30	0	1	0	0	0	0	0	0	0	0	0	0	
31	0	1	0	0	0	0	0	0	0	0	0	0	
32	0	1	0	0	0	0	0	0	0	0	0	0	
33	0	0	0	0	0	0	0	0	0	1	1	0	
34	0	0	0	0	0	0	0	0	0	0	0	1	
35	0	0	0	0	0	1	0	0	0	0	0	0	
36	1	0	0	0	0	0	0	1	0	0	0	1	
37	1	0	0	0	0	0	0	0	0	0	0	0	
38	0	0	0	0	0	0	1	0	0	0	0	0	
39	0	0	1	0	0	0	0	0	1	0	0	0	
40	1	0	0	0	0	0	0	0	0	1	0	0	
41	0	0	0	1	0	1	1	0	0	0	1	1	
42	1	0	0	1	0	0	0	1	0	1	0	1	
43	0	0	1	0	1	0	0	0	1	0	1	0	
44	1	0	0	0	0	0	0	0	0	0	0	0	
45	0	0	1	0	0	0	0	0	0	0	0	0	
46	0	0	1	0	0	0	0	0	0	0	0	0	
47	0	1	1	0	1	1	0	0	1	0	1	0	
48	1	0	0	1	0	1	0	1	0	1	0	1	
49	0	0	0	0	1	0	1	0	1	0	1	0	
50	1	0	0	1	0	0	0	1	0	1	0	0	
51	0	0	0	1	0	1	1	1	0	0	1	1	
52	0	0	0	1	1	1	1	0	1	0	1	0	
53	1	0	0	0	0	0	0	0	0	1	0	0	
54	0	0	1	0	1	0	0	0	1	0	1	0	
55	0	0	1	0	1	0	0	0	1	0	1	0	
56	0	1	0	0	0	0	0	0	0	0	0	0	
57	0	0	1	0	1	0	0	0	1	0	1	0	
58	1	0	0	1	0	0	0	1	0	1	0	1	
59	0	0	0	0	0	1	0	1	0	0	0	1	
60	0	1	0	0	0	0	0	0	0	0	0	0	
61	0	0	0	1	1	1	1	1	1	1	1	1	
62	0	1	0	0	0	1	0	0	0	0	0	0	
;
param p:=
1	3
2	3
3	3
4	3
5	3
6	3
7	3
8	3
9	3
10	3
;
param G:=
63	87
64	73
65	100
66	77
67	86
68	88
69	99
70	86
71	84
72	74
73	82
74	88
;
param s:=
0	0
1	10
2	10
3	10
4	10
5	10
6	10
7	10
8	10
9	10
10	10
11	10
12	10
13	10
14	10
15	10
16	10
17	10
18	10
19	10
20	10
21	10
22	10
43	10
44	10
45	10
46	10
47	10
48	10
49	10
50	10
51	10
52	10
53	10
54	10
55	10
56	10
57	10
58	10
59	10
60	10
61	10
62	10
63	10
64	10
65	10
66	10
67	10
68	10
69	10
70	10
71	10
72	10
73	10
74	10
;
param t:
	0	1	2	3	4	5	6	7	8	9	10	11	12	13	14	15	16	17	18	19	20	21	22	23	24	25	26	27	28	29	30	31	32	33	34	35	36	37	38	39	40	41	42	43	44	45	46	47	48	49	50	51	52	53	54	55	56	57	58	59	60	61	62	63	64	65	66	67	68	69	70	71	72	73	74:=
0	0.0	62.82	93.6	81.39	35.51	61.61	24.84	54.56	48.88	42.38	29.68	25.81	15.0	35.0	48.02	63.06	57.31	24.08	28.02	5.1	40.31	41.68	56.14	76.16	45.12	40.31	54.23	34.37	57.14	24.21	85.7	82.76	84.39	23.71	52.17	54.92	55.9	9.06	44.01	46.75	34.99	44.41	20.62	63.06	20.88	79.85	81.86	54.49	15.81	39.2	14.87	43.27	25.96	6.71	61.01	68.31	73.05	59.01	20.88	51.01	72.8	26.4	56.4	17.03	78.75	63.51	20.62	47.13	34.89	33.84	29.15	51.24	22.2	50.57	34.37
1	62.82	0.0	72.37	70.01	31.26	106.07	85.8	15.0	67.42	72.35	86.77	50.0	77.47	78.87	102.63	108.19	61.1	86.68	77.41	67.91	29.0	96.57	91.05	45.89	17.72	64.66	37.64	33.6	91.83	85.44	72.06	93.68	70.06	47.71	97.67	68.43	99.7	62.29	36.89	58.31	31.14	61.85	74.71	31.0	83.68	46.84	51.66	56.08	63.53	24.6	75.61	63.01	42.19	68.07	16.0	36.22	12.04	16.12	75.59	90.55	94.37	50.61	65.8	78.43	66.01	43.19	66.04	33.12	64.35	38.95	77.67	32.31	73.93	39.0	74.41
2	93.6	72.37	0.0	15.03	87.46	89.09	102.16	84.12	51.92	63.06	96.14	67.8	106.0	77.88	101.12	91.14	38.63	112.77	120.51	97.08	61.85	98.06	71.0	26.48	72.92	58.87	43.01	65.44	71.01	102.55	11.05	44.28	11.05	70.29	86.15	46.1	85.01	100.0	52.5	48.75	86.61	52.92	87.73	42.38	107.35	26.02	21.02	39.82	81.12	69.97	96.18	54.78	70.01	100.21	56.75	36.4	80.22	57.28	88.64	76.16	56.75	67.2	42.45	98.84	15.81	33.29	78.71	51.61	64.08	62.24	82.54	48.55	85.09	45.45	73.38
3	81.39	70.01	15.03	0.0	79.85	74.17	88.1	79.76	37.34	48.38	81.71	55.87	93.01	63.25	86.15	76.24	24.7	99.32	108.9	84.5	53.85	83.2	56.01	26.93	66.94	44.72	35.44	56.36	56.04	88.55	4.47	32.02	4.0	58.8	71.11	31.32	70.0	88.41	43.38	35.23	78.92	38.95	73.82	39.01	93.81	28.65	24.41	26.91	68.01	62.63	82.68	40.71	59.41	87.86	54.01	34.37	79.51	54.01	74.71	61.13	42.72	55.15	27.86	85.23	4.0	27.17	65.19	43.66	50.12	52.15	68.15	41.48	71.12	36.77	58.87
4	35.51	31.26	87.46	79.85	0.0	90.43	60.22	19.65	61.2	61.13	63.66	35.17	48.85	61.77	81.39	92.28	61.66	57.94	46.17	40.31	26.0	75.01	79.38	63.25	16.64	54.92	44.72	24.33	80.32	59.64	83.26	94.13	81.44	31.32	81.12	65.0	84.12	32.57	36.69	54.01	1.0	55.15	52.4	46.75	55.9	65.86	69.66	56.89	42.2	17.49	50.0	55.33	26.48	39.4	36.89	53.15	39.32	35.23	53.08	76.56	89.56	36.14	64.12	52.43	76.16	54.2	46.32	36.25	51.92	30.07	58.25	38.95	52.63	43.08	58.6
5	61.61	106.07	89.09	74.17	90.43	0.0	44.28	105.0	42.95	34.41	35.06	57.01	60.01	28.65	21.95	2.24	55.97	58.86	83.02	59.68	77.08	25.0	18.44	89.2	90.91	42.2	74.95	73.0	18.25	45.28	78.06	51.24	78.16	60.22	9.49	46.17	6.4	70.21	70.43	51.48	89.55	46.65	41.0	86.95	54.33	92.97	91.48	58.69	48.85	83.1	49.16	44.94	65.8	63.51	95.43	88.1	118.09	93.86	40.79	15.81	35.44	56.22	50.29	49.01	74.55	77.88	44.28	74.81	41.73	67.21	32.89	77.42	39.56	71.56	32.2
6	24.84	85.8	102.16	88.1	60.22	44.28	0.0	78.89	51.11	40.8	9.49	40.01	16.49	26.87	25.71	45.1	63.56	14.87	39.12	20.52	60.02	20.1	46.14	90.09	68.15	43.38	69.18	54.13	47.01	1.0	92.57	79.98	91.71	40.31	35.9	57.45	40.02	30.81	60.0	53.49	59.64	49.24	14.56	80.0	10.05	94.05	94.92	62.63	24.02	61.35	10.3	47.42	44.91	23.02	81.39	84.15	96.66	79.43	13.6	39.36	66.61	40.0	60.42	7.81	86.41	76.94	24.33	64.03	38.08	51.24	20.62	68.01	17.09	65.19	30.0
7	54.56	15.0	84.12	79.76	19.65	105.0	78.89	0.0	70.23	72.95	81.4	48.01	68.35	76.69	98.49	107.0	66.75	77.49	65.01	59.51	30.36	92.2	91.79	57.94	14.87	65.74	45.01	32.65	92.66	78.39	82.38	99.98	80.41	44.82	96.05	72.53	98.6	52.2	40.79	61.68	19.92	64.26	69.66	41.76	75.24	59.51	64.08	61.66	58.8	22.36	68.6	65.0	39.2	58.87	27.73	47.76	20.0	26.93	70.43	90.14	98.37	48.83	70.61	71.2	75.8	52.61	62.23	38.21	64.14	38.91	74.25	39.0	69.43	45.1	72.8
8	48.88	67.42	51.92	37.34	61.2	42.95	51.11	70.23	0.0	11.18	44.38	27.29	58.0	25.96	50.01	45.19	14.0	63.25	76.85	50.8	39.92	46.39	25.24	46.57	55.36	8.6	32.65	38.08	25.81	51.62	41.79	34.48	41.11	31.26	37.11	6.4	37.34	57.25	30.53	9.22	60.21	6.08	37.2	44.41	57.63	50.45	49.5	15.81	33.6	48.08	46.75	6.08	35.0	54.64	54.56	45.18	79.32	53.26	38.01	27.51	28.44	26.31	9.49	49.04	36.14	34.93	29.73	34.41	14.21	31.78	30.87	36.12	34.41	29.7	21.54
9	42.38	72.35	63.06	48.38	61.13	34.41	40.8	72.95	11.18	0.0	33.54	25.96	49.41	14.87	39.01	36.62	25.08	53.74	69.78	43.38	43.6	35.23	18.87	56.89	58.31	7.81	40.71	40.31	19.72	41.4	52.81	40.82	52.2	29.83	27.31	17.09	28.3	51.24	36.12	17.72	60.17	12.65	27.59	52.77	48.08	60.83	60.21	26.17	26.57	50.61	37.64	10.77	34.79	47.42	61.07	54.42	84.39	59.55	28.28	18.6	30.59	25.0	20.62	39.62	47.3	44.64	21.93	40.46	9.22	34.13	20.25	43.01	24.76	37.22	10.82
10	29.68	86.77	96.14	81.71	63.66	35.06	9.49	81.4	44.38	33.54	0.0	38.33	25.02	18.87	18.36	36.0	57.57	24.35	48.0	26.4	59.46	12.08	36.89	86.15	69.46	37.36	66.12	53.85	37.74	10.44	86.16	71.42	85.44	39.56	26.48	50.57	30.59	37.16	57.71	48.05	62.97	43.42	12.08	77.52	19.42	90.14	90.55	57.27	23.26	62.18	15.23	41.48	44.78	29.73	80.65	81.1	98.11	78.75	11.18	30.02	57.63	38.08	53.85	14.32	80.32	73.06	21.59	61.98	32.56	50.0	13.6	65.76	13.34	62.13	22.85
11	25.81	50.0	67.8	55.87	35.17	57.01	40.01	48.01	27.29	25.96	38.33	0.0	39.0	29.0	52.84	59.03	32.45	46.84	53.04	29.53	21.47	46.96	44.38	51.24	33.97	20.02	29.61	16.4	45.31	40.0	60.11	61.61	58.73	4.0	48.17	32.28	50.61	32.56	20.02	22.36	34.21	21.59	26.48	40.01	41.98	55.08	56.65	29.07	16.0	26.17	31.26	21.21	8.94	32.45	42.38	44.41	61.85	40.5	27.46	42.19	55.01	1.0	32.7	34.23	53.08	38.28	16.76	24.02	16.76	11.7	27.78	28.0	25.0	25.71	24.84
12	15.0	77.47	106.0	93.01	48.85	60.01	16.49	68.35	58.0	49.41	25.02	39.0	0.0	38.08	42.2	61.01	68.41	9.22	23.02	10.05	55.23	36.5	59.14	90.14	59.84	49.5	68.31	49.25	60.08	15.52	97.42	90.14	96.26	37.64	51.16	64.35	55.23	16.64	58.24	57.8	48.47	54.56	22.36	77.67	7.81	93.92	95.63	66.29	25.0	54.15	12.08	53.08	40.61	9.49	76.01	82.71	87.36	74.01	21.93	52.89	78.26	39.4	66.53	11.18	90.7	77.25	28.28	61.61	43.84	48.27	31.38	65.73	25.06	64.51	39.45
13	35.0	78.87	77.88	63.25	61.77	28.65	26.87	76.69	25.96	14.87	18.87	29.0	38.08	0.0	25.71	30.53	39.62	40.8	60.17	34.37	50.0	21.02	21.38	70.18	62.94	20.0	51.92	45.34	22.36	27.59	67.68	53.15	67.05	31.89	19.42	31.95	22.36	44.01	45.19	31.0	60.9	26.02	15.81	63.89	35.23	74.17	74.0	40.05	20.62	55.15	26.0	24.02	37.54	38.47	69.84	66.49	90.79	68.1	16.16	16.03	40.31	28.32	35.44	27.29	62.1	57.43	15.81	49.66	16.49	40.0	6.71	52.92	13.34	48.08	5.1
14	48.02	102.63	101.12	86.15	81.39	21.95	25.71	98.49	50.01	39.01	18.36	52.84	42.2	25.71	0.0	21.93	64.01	39.01	64.63	44.72	74.3	6.4	32.65	95.63	85.8	45.4	77.62	69.12	33.12	26.68	90.43	68.96	90.09	54.92	17.2	55.23	20.52	55.46	70.58	56.32	80.66	51.24	29.0	89.56	35.36	99.61	99.18	65.12	39.7	78.24	33.54	49.25	60.46	47.93	94.85	92.2	114.28	93.04	28.32	26.0	53.54	52.35	59.14	32.31	85.59	83.02	36.62	75.03	42.2	64.41	25.06	78.43	29.07	73.76	30.81
15	63.06	108.19	91.14	76.24	92.28	2.24	45.1	107.0	45.19	36.62	36.0	59.03	61.01	30.53	21.93	0.0	58.19	59.54	84.0	61.0	79.2	25.5	20.62	91.42	92.96	44.41	77.18	75.07	20.4	46.1	80.1	52.89	80.22	62.2	11.18	48.38	8.49	71.59	72.62	53.71	91.42	48.88	42.45	89.19	55.15	95.19	93.68	60.93	50.57	85.15	50.36	47.17	67.8	64.78	97.62	90.34	120.21	96.05	42.2	18.03	37.11	58.26	52.5	50.09	76.66	80.11	46.07	77.01	43.86	69.31	34.54	79.63	41.11	73.78	34.21
16	57.31	61.1	38.63	24.7	61.66	55.97	63.56	66.75	14.0	25.08	57.57	32.45	68.41	39.62	64.01	58.19	0.0	74.63	85.15	60.14	37.01	60.3	37.7	33.24	52.24	20.25	23.71	37.34	38.08	63.98	29.15	33.24	28.18	35.85	50.8	9.85	50.7	64.82	26.08	10.63	60.67	14.32	49.19	34.06	69.12	37.0	35.69	5.1	43.42	46.0	57.98	16.16	37.7	63.64	46.53	33.42	72.5	45.62	50.09	41.0	33.84	31.62	5.83	60.54	22.85	22.8	40.5	28.64	25.5	31.78	43.97	28.79	46.52	22.14	34.93
17	24.08	86.68	112.77	99.32	57.94	58.86	14.87	77.49	63.25	53.74	24.35	46.84	9.22	40.8	39.01	59.54	74.63	0.0	26.25	19.03	64.07	34.13	60.83	98.08	69.05	55.0	76.4	58.08	61.72	13.93	103.77	93.86	102.73	45.89	50.7	69.66	54.82	25.5	66.49	64.14	57.58	60.46	26.17	86.15	5.66	101.92	103.41	72.95	31.78	63.29	16.64	58.82	49.25	18.68	85.01	91.01	96.57	83.01	25.46	54.13	80.99	47.13	72.2	14.21	97.25	85.07	34.13	70.04	49.41	56.72	34.21	74.15	29.0	72.53	43.19
18	28.02	77.41	120.51	108.9	46.17	83.02	39.12	65.01	76.85	69.78	48.0	53.04	23.02	60.17	64.63	84.0	85.15	26.25	0.0	26.4	62.61	59.21	81.49	101.02	61.39	68.26	79.32	57.31	82.46	38.12	113.14	110.48	111.73	50.25	74.17	82.93	78.23	20.52	69.07	74.65	46.27	72.42	44.38	86.31	29.27	104.45	107.07	82.07	43.42	58.19	34.53	71.28	50.8	22.36	80.65	92.18	85.01	78.75	44.15	75.5	99.72	53.76	84.4	34.13	106.08	89.05	47.85	71.34	62.77	58.82	53.6	75.29	46.84	76.03	60.75
19	5.1	67.91	97.08	84.5	40.31	59.68	20.52	59.51	50.8	43.38	26.4	29.53	10.05	34.37	44.72	61.0	60.14	19.03	26.4	0.0	45.18	38.48	55.73	80.41	50.22	42.2	58.52	39.2	56.72	19.8	88.87	84.12	87.62	27.86	50.36	57.01	54.23	10.77	48.38	49.52	39.82	46.75	19.0	67.68	15.81	84.15	86.01	57.63	17.2	44.28	11.18	45.45	30.59	4.12	66.0	72.8	78.11	64.0	19.03	50.16	73.39	30.02	58.8	12.81	82.01	67.62	21.47	51.66	36.62	38.33	28.07	55.79	21.1	54.78	34.48
20	40.31	29.0	61.85	53.85	26.0	77.08	60.02	30.36	39.92	43.6	59.46	21.47	55.23	50.0	74.3	79.2	37.01	64.07	62.61	45.18	0.0	68.43	62.43	39.05	15.52	36.06	18.87	6.0	63.25	59.84	57.27	70.18	55.46	19.92	68.68	42.2	70.71	43.32	11.05	31.32	25.08	34.01	47.43	23.71	60.01	42.2	45.34	32.0	36.4	9.06	50.36	34.89	15.13	46.69	21.38	29.68	41.01	19.42	48.38	61.62	68.01	21.95	40.45	53.34	50.16	28.6	38.08	10.3	35.38	10.0	49.24	13.45	46.24	17.09	45.45
21	41.68	96.57	98.06	83.2	75.01	25.0	20.1	92.2	46.39	35.23	12.08	46.96	36.5	21.02	6.4	25.5	60.3	34.13	59.21	38.48	68.43	0.0	32.02	91.2	79.63	41.01	72.57	63.13	32.65	21.1	87.56	68.24	87.1	48.88	18.03	51.97	21.95	49.24	65.15	52.01	74.28	47.0	22.63	84.4	30.02	95.19	95.01	61.01	33.42	72.11	27.31	45.0	54.38	41.79	89.16	87.3	108.17	87.32	21.93	25.0	53.26	46.52	55.73	26.25	82.38	78.41	30.53	69.57	37.34	58.6	19.31	73.08	22.8	68.66	26.08
22	56.14	91.05	71.0	56.01	79.38	18.44	46.14	91.79	25.24	18.87	36.89	44.38	59.14	21.38	32.65	20.62	37.7	60.83	81.49	55.73	62.43	32.02	0.0	70.94	77.18	26.4	57.8	59.17	1.0	47.01	60.01	36.36	60.01	48.1	15.81	27.86	14.04	65.19	54.49	34.21	78.43	29.73	37.11	69.63	55.46	74.67	73.08	40.71	41.01	69.46	47.13	28.28	53.31	59.84	79.21	70.33	103.08	77.78	37.36	7.07	21.26	43.46	31.95	48.1	56.22	59.94	36.01	58.69	27.73	53.0	27.89	60.88	34.71	54.67	22.02
23	76.16	45.89	26.48	26.93	63.25	89.2	90.09	57.94	46.57	56.89	86.15	51.24	90.14	70.18	95.63	91.42	33.24	98.08	101.02	80.41	39.05	91.2	70.94	0.0	47.71	50.25	21.93	43.83	71.31	90.26	27.66	57.01	25.71	52.55	83.68	43.08	83.82	81.01	32.2	39.32	62.48	44.41	75.66	16.64	93.15	4.0	6.4	30.81	66.71	46.01	82.23	46.39	50.54	82.86	30.36	10.3	54.01	31.02	76.66	74.04	64.03	50.96	39.0	85.15	23.26	13.15	65.76	29.68	54.01	42.49	73.01	25.81	73.44	25.63	65.12
24	45.12	17.72	72.92	66.94	16.64	90.91	68.15	14.87	55.36	58.31	69.46	33.97	59.84	62.94	85.8	92.96	52.24	69.05	61.39	50.22	15.52	79.63	77.18	47.71	0.0	51.0	31.58	18.03	78.03	67.78	69.92	85.48	68.01	31.14	82.13	57.72	84.5	45.01	26.17	46.84	16.12	49.4	57.45	31.06	65.97	50.0	54.08	47.17	46.32	7.81	57.94	50.16	25.5	50.49	20.25	37.44	28.65	18.6	58.31	75.8	83.52	34.71	55.9	60.75	63.06	40.16	49.2	24.02	49.65	24.19	61.07	25.5	56.86	31.06	58.8
25	40.31	64.66	58.87	44.72	54.92	42.2	43.38	65.74	8.6	7.81	37.36	20.02	49.5	20.0	45.4	44.41	20.25	55.0	68.26	42.2	36.06	41.01	26.4	50.25	51.0	0.0	33.11	33.11	27.2	43.83	49.19	42.72	48.33	24.02	34.89	14.87	36.06	48.75	28.32	11.0	53.94	6.08	29.15	45.19	49.41	54.23	54.0	20.1	25.0	43.38	38.42	4.12	28.44	46.04	53.26	47.13	76.69	51.74	30.02	26.4	35.0	19.03	17.2	40.8	43.08	37.66	21.21	32.65	5.66	26.83	23.77	35.23	26.42	29.53	15.03
26	54.23	37.64	43.01	35.44	44.72	74.95	69.18	45.01	32.65	40.71	66.12	29.61	68.31	51.92	77.62	77.18	23.71	76.4	79.32	58.52	18.87	72.57	57.8	21.93	31.58	33.11	0.0	22.63	58.41	69.26	38.63	56.04	36.77	30.68	67.98	32.02	68.96	59.17	10.3	23.6	43.83	28.3	55.01	12.08	71.59	25.63	27.78	18.87	45.4	27.31	60.83	30.02	28.65	60.93	22.83	15.0	48.85	21.93	56.01	59.17	57.45	29.43	28.84	63.79	31.62	9.9	45.01	8.6	35.44	20.59	53.6	6.08	53.01	4.0	46.84
27	34.37	33.6	65.44	56.36	24.33	73.0	54.13	32.65	38.08	40.31	53.85	16.4	49.25	45.34	69.12	75.07	37.34	58.08	57.31	39.2	6.0	63.13	59.17	43.83	18.03	33.11	22.63	0.0	60.03	53.94	60.03	70.01	58.31	14.32	64.35	41.19	66.6	37.7	13.04	30.15	23.35	32.02	41.79	29.15	54.01	47.17	50.0	32.56	30.68	10.3	44.41	32.57	9.22	40.79	27.29	34.89	45.45	25.32	42.72	57.8	66.49	17.03	40.0	47.38	52.84	32.53	32.65	14.21	31.62	6.32	44.1	18.03	40.72	20.0	41.01
28	57.14	91.83	71.01	56.04	80.32	18.25	47.01	92.66	25.81	19.72	37.74	45.31	60.08	22.36	33.12	20.4	38.08	61.72	82.46	56.72	63.25	32.65	1.0	71.31	78.03	27.2	58.41	60.03	0.0	47.89	60.0	35.85	60.03	49.04	16.16	28.23	14.14	66.19	55.23	34.83	79.38	30.41	38.08	70.21	56.36	75.03	73.38	41.18	42.01	70.33	48.08	29.0	54.23	60.83	79.91	70.83	103.86	78.49	38.33	7.81	20.62	44.38	32.31	49.04	56.32	60.42	37.01	59.41	28.64	53.85	28.86	61.55	35.69	55.32	23.02
29	24.21	85.44	102.55	88.55	59.64	45.28	1.0	78.39	51.62	41.4	10.44	40.0	15.52	27.59	26.68	46.1	63.98	13.93	38.12	19.8	59.84	21.1	47.01	90.26	67.78	43.83	69.26	53.94	47.89	0.0	93.02	80.72	92.14	40.2	36.88	57.98	41.0	30.0	60.01	53.85	59.08	49.66	14.87	80.01	9.06	94.2	95.13	62.97	24.0	61.03	9.85	47.85	44.72	22.2	81.22	84.21	96.25	79.25	13.93	40.25	67.42	40.01	60.9	7.21	86.82	77.1	24.52	64.01	38.48	51.16	21.26	68.0	17.46	65.28	30.61
30	85.7	72.06	11.05	4.47	83.26	78.06	92.57	82.38	41.79	52.81	86.16	60.11	97.42	67.68	90.43	80.1	29.15	103.77	113.14	88.87	57.27	87.56	60.01	27.66	69.92	49.19	38.63	60.03	60.0	93.02	0.0	34.13	2.0	62.97	75.24	35.74	74.03	92.63	47.01	39.66	82.35	43.42	78.29	41.11	98.27	28.79	24.17	31.24	72.42	65.92	87.13	45.18	63.41	92.2	56.08	36.01	81.15	56.22	79.18	65.28	45.88	59.41	32.31	89.69	7.21	29.83	69.64	47.01	54.59	56.04	72.62	44.6	75.59	40.25	63.32
31	82.76	93.68	44.28	32.02	94.13	51.24	79.98	99.98	34.48	40.82	71.42	61.61	90.14	53.15	68.96	52.89	33.24	93.86	110.48	84.12	70.18	68.24	36.36	57.01	85.48	42.72	56.04	70.01	35.85	80.72	34.13	0.0	35.23	65.51	51.88	29.43	49.24	91.39	59.3	40.2	93.13	40.02	68.01	64.47	88.24	59.55	55.87	38.33	67.08	79.1	78.24	40.52	68.73	88.12	78.43	61.77	104.68	77.79	68.6	43.27	15.81	60.64	30.02	80.0	34.66	51.89	62.65	61.81	47.93	64.07	59.67	61.61	65.22	55.11	50.8
32	84.39	70.06	11.05	4.0	81.44	78.16	91.71	80.41	41.11	52.2	85.44	58.73	96.26	67.05	90.09	80.22	28.18	102.73	111.73	87.62	55.46	87.1	60.01	25.71	68.01	48.33	36.77	58.31	60.03	92.14	2.0	35.23	0.0	61.52	75.11	35.17	74.0	91.22	45.28	38.59	80.53	42.49	77.37	39.12	97.25	26.93	22.36	30.0	71.28	64.08	86.09	44.28	61.85	90.91	54.08	34.01	79.16	54.23	78.26	65.12	46.49	58.05	31.62	88.68	5.66	27.89	68.6	45.19	53.67	54.41	71.87	42.72	74.69	38.47	62.63
33	23.71	47.71	70.29	58.8	31.32	60.22	40.31	44.82	31.26	29.83	39.56	4.0	37.64	31.89	54.92	62.2	35.85	45.89	50.25	27.86	19.92	48.88	48.1	52.55	31.14	24.02	30.68	14.32	49.04	40.2	62.97	65.51	61.52	0.0	51.22	36.14	53.82	29.73	20.62	26.0	30.36	25.5	27.51	40.31	41.3	56.3	58.18	32.2	16.49	23.43	31.0	25.18	5.66	30.41	41.23	45.12	59.41	39.29	28.46	45.65	59.01	5.0	36.4	34.0	55.87	39.81	18.36	24.19	20.62	11.0	30.0	28.28	26.4	26.93	28.02
34	52.17	97.67	86.15	71.11	81.12	9.49	35.9	96.05	37.11	27.31	26.48	48.17	51.16	19.42	17.2	11.18	50.8	50.7	74.17	50.36	68.68	18.03	15.81	83.68	82.13	34.89	67.98	64.35	16.16	36.88	75.24	51.88	75.11	51.22	0.0	41.3	4.12	60.83	62.68	44.94	80.26	39.92	31.58	80.06	45.89	87.56	86.49	52.89	39.4	74.33	40.01	38.08	56.85	54.23	87.66	81.71	109.66	86.02	31.4	10.0	36.36	47.42	45.4	40.05	71.0	71.78	34.89	67.12	33.6	58.73	23.41	69.97	30.08	64.41	23.35
35	54.92	68.43	46.1	31.32	65.0	46.17	57.45	72.53	6.4	17.09	50.57	32.28	64.35	31.95	55.23	48.38	9.85	69.66	82.93	57.01	42.2	51.97	27.86	43.08	57.72	14.87	32.02	41.19	28.23	57.98	35.74	29.43	35.17	36.14	41.3	0.0	41.0	63.13	31.95	11.05	64.0	10.77	43.6	43.14	64.03	46.82	45.35	13.45	39.82	50.8	53.15	11.66	39.32	60.8	54.64	43.01	80.13	53.54	44.41	31.4	26.0	31.32	4.12	55.44	30.41	32.45	36.07	35.34	20.52	35.06	37.12	36.36	40.8	29.68	27.73
36	55.9	99.7	85.01	70.0	84.12	6.4	40.02	98.6	37.34	28.3	30.59	50.61	55.23	22.36	20.52	8.49	50.7	54.82	78.23	54.23	70.71	21.95	14.04	83.82	84.5	36.06	68.96	66.6	14.14	41.0	74.03	49.24	74.0	53.82	4.12	41.0	0.0	64.63	64.2	45.62	83.24	40.71	35.36	81.01	50.01	87.64	86.35	53.14	42.72	76.69	44.0	38.95	59.41	58.14	89.2	82.35	111.72	87.62	35.23	9.85	33.54	49.82	45.12	44.1	70.11	72.24	38.08	68.6	35.38	60.83	26.93	71.28	33.73	65.51	25.81
37	9.06	62.29	100.0	88.41	32.57	70.21	30.81	52.2	57.25	51.24	37.16	32.56	16.64	44.01	55.46	71.59	64.82	25.5	20.52	10.77	43.32	49.24	65.19	81.01	45.01	48.75	59.17	37.7	66.19	30.0	92.63	91.39	91.22	29.73	60.83	63.13	64.63	0.0	48.88	54.41	32.28	52.48	29.27	66.85	24.21	84.53	86.95	61.62	24.74	40.31	21.93	51.48	30.53	7.81	62.8	72.5	71.59	60.83	29.43	60.0	81.74	33.3	64.35	23.32	85.56	68.8	29.61	51.43	43.46	38.59	38.05	55.46	31.06	55.76	43.42
38	44.01	36.89	52.5	43.38	36.69	70.43	60.0	40.79	30.53	36.12	57.71	20.02	58.24	45.19	70.58	72.62	26.08	66.49	69.07	48.38	11.05	65.15	54.49	32.2	26.17	28.32	10.3	13.04	55.23	60.01	47.01	59.3	45.28	20.62	62.68	31.95	64.2	48.88	0.0	21.47	35.74	25.0	46.17	20.0	61.81	35.85	38.08	21.02	36.01	20.1	51.24	26.25	18.36	50.7	25.0	24.52	48.83	23.43	47.17	54.67	57.94	20.0	29.83	54.23	39.82	20.0	36.22	4.47	29.15	10.3	45.88	8.06	44.41	7.07	40.25
39	46.75	58.31	48.75	35.23	54.01	51.48	53.49	61.68	9.22	17.72	48.05	22.36	57.8	31.0	56.32	53.71	10.63	64.14	74.65	49.52	31.32	52.01	34.21	39.32	46.84	11.0	23.6	30.15	34.83	53.85	39.66	40.2	38.59	26.0	44.94	11.05	45.62	54.41	21.47	0.0	53.01	5.1	39.0	35.51	58.67	43.29	43.0	9.22	32.8	39.81	47.51	7.07	28.64	53.04	45.34	36.77	70.18	44.05	39.92	35.78	36.69	21.47	10.44	50.12	33.12	26.93	30.02	25.24	15.52	24.02	34.53	26.91	36.4	20.52	26.02
40	34.99	31.14	86.61	78.92	1.0	89.55	59.64	19.92	60.21	60.17	62.97	34.21	48.47	60.9	80.66	91.42	60.67	57.58	46.27	39.82	25.08	74.28	78.43	62.48	16.12	53.94	43.83	23.35	79.38	59.08	82.35	93.13	80.53	30.36	80.26	64.0	83.24	32.28	35.74	53.01	0.0	54.15	51.66	46.01	55.46	65.12	68.88	55.9	41.4	16.64	49.41	54.33	25.5	39.0	36.36	52.4	39.46	34.67	52.35	75.64	88.57	35.17	63.13	51.87	75.24	53.34	45.49	35.34	50.96	29.07	57.43	38.08	51.86	42.15	57.7
41	44.41	61.85	52.92	38.95	55.15	46.65	49.24	64.26	6.08	12.65	43.42	21.59	54.56	26.02	51.24	48.88	14.32	60.46	72.42	46.75	34.01	47.0	29.73	44.41	49.4	6.08	28.3	32.02	30.41	49.66	43.42	40.02	42.49	25.5	39.92	10.77	40.71	52.48	25.0	5.1	54.15	0.0	34.89	40.31	54.92	48.37	48.01	14.04	29.7	42.06	43.83	2.0	29.02	50.45	49.5	41.79	73.82	48.1	35.78	30.89	34.53	20.62	12.04	46.32	37.16	32.02	26.4	29.07	11.18	25.71	29.83	31.14	32.2	25.0	21.1
42	20.62	74.71	87.73	73.82	52.4	41.0	14.56	69.66	37.2	27.59	12.08	26.48	22.36	15.81	29.0	42.45	49.19	26.17	44.38	19.0	47.43	22.63	37.11	75.66	57.45	29.15	55.01	41.79	38.08	14.87	78.29	68.01	77.37	27.51	31.58	43.6	35.36	29.27	46.17	39.0	51.66	34.89	0.0	66.12	20.52	79.63	80.41	48.1	11.18	50.12	10.3	33.12	32.7	23.02	68.68	70.01	86.09	66.76	1.0	31.26	55.9	26.31	46.32	12.04	72.01	62.51	10.0	50.36	23.71	38.08	9.22	54.23	2.83	51.01	17.2
43	63.06	31.0	42.38	39.01	46.75	86.95	80.0	41.76	44.41	52.77	77.52	40.01	77.67	63.89	89.56	89.19	34.06	86.15	86.31	67.68	23.71	84.4	69.63	16.64	31.06	45.19	12.08	29.15	70.21	80.01	41.11	64.47	39.12	40.31	80.06	43.14	81.01	66.85	20.0	35.51	46.01	40.31	66.12	0.0	81.61	19.1	23.02	29.7	56.01	29.73	71.18	42.06	37.11	69.64	15.0	6.4	40.79	15.13	67.12	71.2	67.8	40.0	39.62	74.17	35.01	12.65	56.14	16.12	47.43	29.43	65.31	12.04	64.28	15.81	58.82
44	20.88	83.68	107.35	93.81	55.9	54.33	10.05	75.24	57.63	48.08	19.42	41.98	7.81	35.23	35.36	55.15	69.12	5.66	29.27	15.81	60.01	30.02	55.46	93.15	65.97	49.41	71.59	54.01	56.36	9.06	98.27	88.24	97.25	41.3	45.89	64.03	50.01	24.21	61.81	58.67	55.46	54.92	20.52	81.61	0.0	97.02	98.37	67.54	26.57	59.84	11.18	53.25	45.01	16.64	81.15	86.31	93.92	79.16	19.8	48.85	75.47	42.2	66.61	8.6	91.79	80.08	28.65	65.49	43.83	52.24	28.6	69.58	23.35	67.68	37.54
45	79.85	46.84	26.02	28.65	65.86	92.97	94.05	59.51	50.45	60.83	90.14	55.08	93.92	74.17	99.61	95.19	37.0	101.92	104.45	84.15	42.2	95.19	74.67	4.0	50.0	54.23	25.63	47.17	75.03	94.2	28.79	59.55	26.93	56.3	87.56	46.82	87.64	84.53	35.85	43.29	65.12	48.37	79.63	19.1	97.02	0.0	5.0	34.71	70.61	48.8	86.12	50.36	54.13	86.54	31.78	12.73	54.23	32.65	80.62	77.88	67.2	54.82	42.72	89.05	25.24	17.12	69.72	33.12	58.01	46.1	77.01	29.15	77.41	29.41	69.12
46	81.86	51.66	21.02	24.41	69.66	91.48	94.92	64.08	49.5	60.21	90.55	56.65	95.63	74.0	99.18	93.68	35.69	103.41	107.07	86.01	45.34	95.01	73.08	6.4	54.08	54.0	27.78	50.0	73.38	95.13	24.17	55.87	22.36	58.18	86.49	45.35	86.35	86.95	38.08	43.0	68.88	48.01	80.41	23.02	98.37	5.0	0.0	34.06	71.84	52.4	87.36	50.01	56.44	88.57	36.4	16.64	59.21	37.16	81.39	76.69	64.35	56.3	41.23	90.25	21.26	18.38	70.61	35.81	58.14	48.37	77.23	32.02	78.09	31.3	69.01
47	54.49	56.08	39.82	26.91	56.89	58.69	62.63	61.66	15.81	26.17	57.27	29.07	66.29	40.05	65.12	60.93	5.1	72.95	82.07	57.63	32.0	61.01	40.71	30.81	47.17	20.1	18.87	32.56	41.18	62.97	31.24	38.33	30.0	32.2	52.89	13.45	53.14	61.62	21.02	9.22	55.9	14.04	48.1	29.7	67.54	34.71	34.06	0.0	41.34	41.01	56.36	16.03	33.54	60.96	41.68	29.68	67.54	40.71	49.04	43.32	38.59	28.32	10.0	59.03	24.41	19.24	38.91	23.54	24.74	27.2	43.74	23.77	45.54	17.09	35.13
48	15.81	63.53	81.12	68.01	42.2	48.85	24.02	58.8	33.6	26.57	23.26	16.0	25.0	20.62	39.7	50.57	43.42	31.78	43.42	17.2	36.4	33.42	41.01	66.71	46.32	25.0	45.4	30.68	42.01	24.0	72.42	67.08	71.28	16.49	39.4	39.82	42.72	24.74	36.01	32.8	41.4	29.7	11.18	56.01	26.57	70.61	71.84	41.34	0.0	38.95	15.52	28.32	21.54	21.1	57.72	60.3	74.95	55.79	12.08	36.5	57.01	16.03	41.73	18.44	65.73	53.6	5.0	40.01	19.42	27.29	16.12	44.0	10.63	41.44	19.0
49	39.2	24.6	69.97	62.63	17.49	83.1	61.35	22.36	48.08	50.61	62.18	26.17	54.15	55.15	78.24	85.15	46.0	63.29	58.19	44.28	9.06	72.11	69.46	46.01	7.81	43.38	27.31	10.3	70.33	61.03	65.92	79.1	64.08	23.43	74.33	50.8	76.69	40.31	20.1	39.81	16.64	42.06	50.12	29.73	59.84	48.8	52.4	41.01	38.95	0.0	51.24	42.72	17.8	45.01	22.56	36.07	36.06	20.62	51.0	68.01	76.4	26.91	49.25	54.12	58.87	36.72	41.62	18.97	41.88	16.55	53.41	21.47	49.4	25.96	50.99
50	14.87	75.61	96.18	82.68	50.0	49.16	10.3	68.6	46.75	37.64	15.23	31.26	12.08	26.0	33.54	50.36	57.98	16.64	34.53	11.18	50.36	27.31	47.13	82.23	57.94	38.42	60.83	44.41	48.08	9.85	87.13	78.24	86.09	31.0	40.01	53.15	44.0	21.93	51.24	47.51	49.41	43.83	10.3	71.18	11.18	86.12	87.36	56.36	15.52	51.24	0.0	42.2	35.23	14.56	71.7	75.66	86.41	69.72	9.85	41.0	66.19	31.4	55.61	3.0	80.62	69.12	17.49	55.08	32.8	42.0	19.31	59.14	13.04	56.89	27.46
51	43.27	63.01	54.78	40.71	55.33	44.94	47.42	65.0	6.08	10.77	41.48	21.21	53.08	24.02	49.25	47.17	16.16	58.82	71.28	45.45	34.89	45.0	28.28	46.39	50.16	4.12	30.02	32.57	29.0	47.85	45.18	40.52	44.28	25.18	38.08	11.66	38.95	51.48	26.25	7.07	54.33	2.0	33.12	42.06	53.25	50.36	50.01	16.03	28.32	42.72	42.2	0.0	29.02	49.2	50.93	43.66	75.0	49.5	34.0	29.15	34.23	20.22	13.45	44.65	39.0	33.96	24.84	30.41	9.43	26.25	27.89	32.65	30.41	26.63	19.1
52	25.96	42.19	70.01	59.41	26.48	65.8	44.91	39.2	35.0	34.79	44.78	8.94	40.61	37.54	60.46	67.8	37.7	49.25	50.8	30.59	15.13	54.38	53.31	50.54	25.5	28.44	28.65	9.22	54.23	44.72	63.41	68.73	61.85	5.66	56.85	39.32	59.41	30.53	18.36	28.64	25.5	29.02	32.7	37.11	45.01	54.13	56.44	33.54	21.54	17.8	35.23	29.02	0.0	32.57	36.5	42.38	53.82	34.53	33.62	51.11	63.2	9.85	39.05	38.21	56.22	38.28	23.85	21.19	25.63	8.06	35.61	25.3	31.76	25.24	33.6
53	6.71	68.07	100.21	87.86	39.4	63.51	23.02	58.87	54.64	47.42	29.73	32.45	9.49	38.47	47.93	64.78	63.64	18.68	22.36	4.12	46.69	41.79	59.84	82.86	50.49	46.04	60.93	40.79	60.83	22.2	92.2	88.12	90.91	30.41	54.23	60.8	58.14	7.81	50.7	53.04	39.0	50.45	23.02	69.64	16.64	86.54	88.57	60.96	21.1	45.01	14.56	49.2	32.57	0.0	67.12	74.95	77.88	65.12	23.0	54.23	77.49	33.02	62.48	15.65	85.28	70.21	25.5	53.76	40.5	40.5	32.14	57.87	25.18	57.27	38.6
54	61.01	16.0	56.75	54.01	36.89	95.43	81.39	27.73	54.56	61.07	80.65	42.38	76.01	69.84	94.85	97.62	46.53	85.01	80.65	66.0	21.38	89.16	79.21	30.36	20.25	53.26	22.83	27.29	79.91	81.22	56.08	78.43	54.08	41.23	87.66	54.64	89.2	62.8	25.0	45.34	36.36	49.5	68.68	15.0	81.15	31.78	36.4	41.68	57.72	22.56	71.7	50.93	36.5	67.12	0.0	20.4	26.25	2.0	69.64	79.65	80.26	42.72	51.62	74.67	50.01	27.29	59.14	20.62	54.08	30.68	69.86	18.44	67.36	25.0	65.0
55	68.31	36.22	36.4	34.37	53.15	88.1	84.15	47.76	45.18	54.42	81.1	44.41	82.71	66.49	92.2	90.34	33.42	91.01	92.18	72.8	29.68	87.3	70.33	10.3	37.44	47.13	15.0	34.89	70.83	84.21	36.01	61.77	34.01	45.12	81.71	43.01	82.35	72.5	24.52	36.77	52.4	41.79	70.01	6.4	86.31	12.73	16.64	29.68	60.3	36.07	75.66	43.66	42.38	74.95	20.4	0.0	45.18	20.88	71.01	72.5	66.53	44.28	39.2	78.64	30.41	10.63	60.01	21.19	50.01	34.48	68.47	17.09	68.01	19.0	61.39
56	73.05	12.04	80.22	79.51	39.32	118.09	96.66	20.0	79.32	84.39	98.11	61.85	87.36	90.79	114.28	120.21	72.5	96.57	85.01	78.11	41.01	108.17	103.08	54.01	28.65	76.69	48.85	45.45	103.86	96.25	81.15	104.68	79.16	59.41	109.66	80.13	111.72	71.59	48.83	70.18	39.46	73.82	86.09	40.79	93.92	54.23	59.21	67.54	74.95	36.06	86.41	75.0	53.82	77.88	26.25	45.18	0.0	26.93	86.95	102.59	106.0	62.48	77.37	89.16	75.54	53.37	77.67	44.94	76.38	50.93	89.4	43.83	85.44	50.54	86.37
57	59.01	16.12	57.28	54.01	35.23	93.86	79.43	26.93	53.26	59.55	78.75	40.5	74.01	68.1	93.04	96.05	45.62	83.01	78.75	64.0	19.42	87.32	77.78	31.02	18.6	51.74	21.93	25.32	78.49	79.25	56.22	77.79	54.23	39.29	86.02	53.54	87.62	60.83	23.43	44.05	34.67	48.1	66.76	15.13	79.16	32.65	37.16	40.71	55.79	20.62	69.72	49.5	34.53	65.12	2.0	20.88	26.93	0.0	67.72	78.1	79.26	40.85	50.61	72.69	50.01	27.07	57.25	19.1	52.43	28.79	68.03	17.2	65.46	23.85	63.29
58	20.88	75.59	88.64	74.71	53.08	40.79	13.6	70.43	38.01	28.28	11.18	27.46	21.93	16.16	28.32	42.2	50.09	25.46	44.15	19.03	48.38	21.93	37.36	76.66	58.31	30.02	56.01	42.72	38.33	13.93	79.18	68.6	78.26	28.46	31.4	44.41	35.23	29.43	47.17	39.92	52.35	35.78	1.0	67.12	19.8	80.62	81.39	49.04	12.08	51.0	9.85	34.0	33.62	23.0	69.64	71.01	86.95	67.72	0.0	31.4	56.36	27.29	47.17	11.4	72.92	63.51	11.0	51.35	24.6	39.05	9.49	55.23	3.61	52.01	17.8
59	51.01	90.55	76.16	61.13	76.56	15.81	39.36	90.14	27.51	18.6	30.02	42.19	52.89	16.03	26.0	18.03	41.0	54.13	75.5	50.16	61.62	25.0	7.07	74.04	75.8	26.4	59.17	57.8	7.81	40.25	65.28	43.27	65.12	45.65	10.0	31.4	9.85	60.0	54.67	35.78	75.64	30.89	31.26	71.2	48.85	77.88	76.69	43.32	36.5	68.01	41.0	29.15	51.11	54.23	79.65	72.5	102.59	78.1	31.4	0.0	28.32	41.34	35.51	41.76	61.0	62.39	31.58	59.03	26.25	51.86	22.09	61.61	29.07	55.76	18.03
60	72.8	94.37	56.75	42.72	89.56	35.44	66.61	98.37	28.44	30.59	57.63	55.01	78.26	40.31	53.54	37.11	33.84	80.99	99.72	73.39	68.01	53.26	21.26	64.03	83.52	35.0	57.45	66.49	20.62	67.42	45.88	15.81	46.49	59.01	36.36	26.0	33.54	81.74	57.94	36.69	88.57	34.53	55.9	67.8	75.47	67.2	64.35	38.59	57.01	76.4	66.19	34.23	63.2	77.49	80.26	66.53	106.0	79.26	56.36	28.32	0.0	54.01	28.65	67.6	44.28	55.97	52.2	61.33	39.2	60.21	47.01	62.18	53.23	55.47	39.0
61	26.4	50.61	67.2	55.15	36.14	56.22	40.0	48.83	26.31	25.0	38.08	1.0	39.4	28.32	52.35	58.26	31.62	47.13	53.76	30.02	21.95	46.52	43.46	50.96	34.71	19.03	29.43	17.03	44.38	40.01	59.41	60.64	58.05	5.0	47.42	31.32	49.82	33.3	20.0	21.47	35.17	20.62	26.31	40.0	42.2	54.82	56.3	28.32	16.03	26.91	31.4	20.22	9.85	33.02	42.72	44.28	62.48	40.85	27.29	41.34	54.01	0.0	31.78	34.37	52.4	37.95	16.49	24.08	15.81	12.08	27.29	28.02	24.74	25.5	24.08
62	56.4	65.8	42.45	27.86	64.12	50.29	60.42	70.61	9.49	20.62	53.85	32.7	66.53	35.44	59.14	52.5	5.83	72.2	84.4	58.8	40.45	55.73	31.95	39.0	55.9	17.2	28.84	40.0	32.31	60.9	32.31	30.02	31.62	36.4	45.4	4.12	45.12	64.35	29.83	10.44	63.13	12.04	46.32	39.62	66.61	42.72	41.23	10.0	41.73	49.25	55.61	13.45	39.05	62.48	51.62	39.2	77.37	50.61	47.17	35.51	28.65	31.78	0.0	58.01	26.68	28.6	38.29	32.89	22.8	34.06	40.31	33.54	43.57	26.83	31.02
63	17.03	78.43	98.84	85.23	52.43	49.01	7.81	71.2	49.04	39.62	14.32	34.23	11.18	27.29	32.31	50.09	60.54	14.21	34.13	12.81	53.34	26.25	48.1	85.15	60.75	40.8	63.79	47.38	49.04	7.21	89.69	80.0	88.68	34.0	40.05	55.44	44.1	23.32	54.23	50.12	51.87	46.32	12.04	74.17	8.6	89.05	90.25	59.03	18.44	54.12	3.0	44.65	38.21	15.65	74.67	78.64	89.16	72.69	11.4	41.76	67.6	34.37	58.01	0.0	83.24	72.03	20.12	58.08	35.23	45.0	20.59	62.13	14.87	59.84	29.21
64	78.75	66.01	15.81	4.0	76.16	74.55	86.41	75.8	36.14	47.3	80.32	53.08	90.7	62.1	85.59	76.66	22.85	97.25	106.08	82.01	50.16	82.38	56.22	23.26	63.06	43.08	31.62	52.84	56.32	86.82	7.21	34.66	5.66	55.87	71.0	30.41	70.11	85.56	39.82	33.12	75.24	37.16	72.01	35.01	91.79	25.24	21.26	24.41	65.73	58.87	80.62	39.0	56.22	85.28	50.01	30.41	75.54	50.01	72.92	61.0	44.28	52.4	26.68	83.24	0.0	23.19	63.13	39.92	48.33	48.83	66.73	37.64	69.35	33.11	57.57
65	63.51	43.19	33.29	27.17	54.2	77.88	76.94	52.61	34.93	44.64	73.06	38.28	77.25	57.43	83.02	80.11	22.8	85.07	89.05	67.62	28.6	78.41	59.94	13.15	40.16	37.66	9.9	32.53	60.42	77.1	29.83	51.89	27.89	39.81	71.78	32.45	72.24	68.8	20.0	26.93	53.34	32.02	62.51	12.65	80.08	17.12	18.38	19.24	53.6	36.72	69.12	33.96	38.28	70.21	27.29	10.63	53.37	27.07	63.51	62.39	55.97	37.95	28.6	72.03	23.19	0.0	52.61	18.44	41.11	30.23	60.01	15.26	60.3	13.04	52.35
66	20.62	66.04	78.71	65.19	46.32	44.28	24.33	62.23	29.73	21.93	21.59	16.76	28.28	15.81	36.62	46.07	40.5	34.13	47.85	21.47	38.08	30.53	36.01	65.76	49.2	21.21	45.01	32.65	37.01	24.52	69.64	62.65	68.6	18.36	34.89	36.07	38.08	29.61	36.22	30.02	45.49	26.4	10.0	56.14	28.65	69.72	70.61	38.91	5.0	41.62	17.49	24.84	23.85	25.5	59.14	60.01	77.67	57.25	11.0	31.58	52.2	16.49	38.29	20.12	63.13	52.61	0.0	40.45	15.56	28.46	12.04	44.28	8.25	41.01	14.0
67	47.13	33.12	51.61	43.66	36.25	74.81	64.03	38.21	34.41	40.46	61.98	24.02	61.61	49.66	75.03	77.01	28.64	70.04	71.34	51.66	10.3	69.57	58.69	29.68	24.02	32.65	8.6	14.21	59.41	64.01	47.01	61.81	45.19	24.19	67.12	35.34	68.6	51.43	4.47	25.24	35.34	29.07	50.36	16.12	65.49	33.12	35.81	23.54	40.01	18.97	55.08	30.41	21.19	53.76	20.62	21.19	44.94	19.1	51.35	59.03	61.33	24.08	32.89	58.08	39.92	18.44	40.45	0.0	33.62	13.34	50.29	4.12	48.66	7.07	44.72
68	34.89	64.35	64.08	50.12	51.92	41.73	38.08	64.14	14.21	9.22	32.56	16.76	43.84	16.49	42.2	43.86	25.5	49.41	62.77	36.62	35.38	37.34	27.73	54.01	49.65	5.66	35.44	31.62	28.64	38.48	54.59	47.93	53.67	20.62	33.6	20.52	35.38	43.46	29.15	15.52	50.96	11.18	23.71	47.43	43.83	58.01	58.14	24.74	19.42	41.88	32.8	9.43	25.63	40.5	54.08	50.01	76.38	52.43	24.6	26.25	39.2	15.81	22.8	35.23	48.33	41.11	15.56	33.62	0.0	25.61	19.1	36.67	21.02	31.62	11.4
69	33.84	38.95	62.24	52.15	30.07	67.21	51.24	38.91	31.78	34.13	50.0	11.7	48.27	40.0	64.41	69.31	31.78	56.72	58.82	38.33	10.0	58.6	53.0	42.49	24.19	26.83	20.59	6.32	53.85	51.16	56.04	64.07	54.41	11.0	58.73	35.06	60.83	38.59	10.3	24.02	29.07	25.71	38.08	29.43	52.24	46.1	48.37	27.2	27.29	16.55	42.0	26.25	8.06	40.5	30.68	34.48	50.93	28.79	39.05	51.86	60.21	12.08	34.06	45.0	48.83	30.23	28.46	13.34	25.61	0.0	39.36	17.46	36.69	17.2	35.47
70	29.15	77.67	82.54	68.15	58.25	32.89	20.62	74.25	30.87	20.25	13.6	27.78	31.38	6.71	25.06	34.54	43.97	34.21	53.6	28.07	49.24	19.31	27.89	73.01	61.07	23.77	53.6	44.1	28.86	21.26	72.62	59.67	71.87	30.0	23.41	37.12	26.93	38.05	45.88	34.53	57.43	29.83	9.22	65.31	28.6	77.01	77.23	43.74	16.12	53.41	19.31	27.89	35.61	32.14	69.86	68.47	89.4	68.03	9.49	22.09	47.01	27.29	40.31	20.59	66.73	60.01	12.04	50.29	19.1	39.36	0.0	53.85	7.0	49.65	9.43
71	51.24	32.31	48.55	41.48	38.95	77.42	68.01	39.0	36.12	43.01	65.76	28.0	65.73	52.92	78.43	79.63	28.79	74.15	75.29	55.79	13.45	73.08	60.88	25.81	25.5	35.23	6.08	18.03	61.55	68.0	44.6	61.61	42.72	28.28	69.97	36.36	71.28	55.46	8.06	26.91	38.08	31.14	54.23	12.04	69.58	29.15	32.02	23.77	44.0	21.47	59.14	32.65	25.3	57.87	18.44	17.09	43.83	17.2	55.23	61.61	62.18	28.02	33.54	62.13	37.64	15.26	44.28	4.12	36.67	17.46	53.85	0.0	52.47	6.71	47.93
72	22.2	73.93	85.09	71.12	52.63	39.56	17.09	69.43	34.41	24.76	13.34	25.0	25.06	13.34	29.07	41.11	46.52	29.0	46.84	21.1	46.24	22.8	34.71	73.44	56.86	26.42	53.01	40.72	35.69	17.46	75.59	65.22	74.69	26.4	30.08	40.8	33.73	31.06	44.41	36.4	51.86	32.2	2.83	64.28	23.35	77.41	78.09	45.54	10.63	49.4	13.04	30.41	31.76	25.18	67.36	68.01	85.44	65.46	3.61	29.07	53.23	24.74	43.57	14.87	69.35	60.3	8.25	48.66	21.02	36.69	7.0	52.47	0.0	49.01	14.42
73	50.57	39.0	45.45	36.77	43.08	71.56	65.19	45.1	29.7	37.22	62.13	25.71	64.51	48.08	73.76	73.78	22.14	72.53	76.03	54.78	17.09	68.66	54.67	25.63	31.06	29.53	4.0	20.0	55.32	65.28	40.25	55.11	38.47	26.93	64.41	29.68	65.51	55.76	7.07	20.52	42.15	25.0	51.01	15.81	67.68	29.41	31.3	17.09	41.44	25.96	56.89	26.63	25.24	57.27	25.0	19.0	50.54	23.85	52.01	55.76	55.47	25.5	26.83	59.84	33.11	13.04	41.01	7.07	31.62	17.2	49.65	6.71	49.01	0.0	43.01
74	34.37	74.41	73.38	58.87	58.6	32.2	30.0	72.8	21.54	10.82	22.85	24.84	39.45	5.1	30.81	34.21	34.93	43.19	60.75	34.48	45.45	26.08	22.02	65.12	58.8	15.03	46.84	41.01	23.02	30.61	63.32	50.8	62.63	28.02	23.35	27.73	25.81	43.42	40.25	26.02	57.7	21.1	17.2	58.82	37.54	69.12	69.01	35.13	19.0	50.99	27.46	19.1	33.6	38.6	65.0	61.39	86.37	63.29	17.8	18.03	39.0	24.08	31.02	29.21	57.57	52.35	14.0	44.72	11.4	35.47	9.43	47.93	14.42	43.01	0.0
;
