set K:= 1	2	3	4	5	6	7	8	9;
set C_H:= 1	2	3	4	5	6	7	8	9	10	11	12	13	14	15	16	17	18	19	20	21	22	23	24	25	26	27	28	29	30	31	32	33	34	35	36	37	38	39	40	41	42;
set C_S:= 43	44	45	46	47	48	49	50	51	52	53	54	55	56	57	58	59	60	61	62;
set C_F:= 63	64	65	66	67	68;
set M:= 69	70	71	72;
set L_B:= 73	74	75	76	77	78	79	80	81;
set A1:=
(0,*) 1 2 3 4 5 6 7 8 9 10 11 12 13 14 15 16 17 18 19 20 21 22 23 24 25 26 27 28 29 30 31 32 33 34 35 36 37 38 39 40 41 42 63 64 65 66 67 68 69 70 71 72 73 74 75 76 77 78 79 80 81
(1,*) 0 2 3 4 5 6 7 8 9 10 11 12 13 14 15 16 17 18 19 20 21 22 23 24 25 26 27 28 29 30 31 32 33 34 35 36 37 38 39 40 41 42 63 64 65 66 67 68 69 70 71 72 73 74 75 76 77 78 79 80 81
(2,*) 0 1 3 4 5 6 7 8 9 10 11 12 13 14 15 16 17 18 19 20 21 22 23 24 25 26 27 28 29 30 31 32 33 34 35 36 37 38 39 40 41 42 63 64 65 66 67 68 69 70 71 72 73 74 75 76 77 78 79 80 81
(3,*) 0 1 2 4 5 6 7 8 9 10 11 12 13 14 15 16 17 18 19 20 21 22 23 24 25 26 27 28 29 30 31 32 33 34 35 36 37 38 39 40 41 42 63 64 65 66 67 68 69 70 71 72 73 74 75 76 77 78 79 80 81
(4,*) 0 1 2 3 5 6 7 8 9 10 11 12 13 14 15 16 17 18 19 20 21 22 23 24 25 26 27 28 29 30 31 32 33 34 35 36 37 38 39 40 41 42 63 64 65 66 67 68 69 70 71 72 73 74 75 76 77 78 79 80 81
(5,*) 0 1 2 3 4 6 7 8 9 10 11 12 13 14 15 16 17 18 19 20 21 22 23 24 25 26 27 28 29 30 31 32 33 34 35 36 37 38 39 40 41 42 63 64 65 66 67 68 69 70 71 72 73 74 75 76 77 78 79 80 81
(6,*) 0 1 2 3 4 5 7 8 9 10 11 12 13 14 15 16 17 18 19 20 21 22 23 24 25 26 27 28 29 30 31 32 33 34 35 36 37 38 39 40 41 42 63 64 65 66 67 68 69 70 71 72 73 74 75 76 77 78 79 80 81
(7,*) 0 1 2 3 4 5 6 8 9 10 11 12 13 14 15 16 17 18 19 20 21 22 23 24 25 26 27 28 29 30 31 32 33 34 35 36 37 38 39 40 41 42 63 64 65 66 67 68 69 70 71 72 73 74 75 76 77 78 79 80 81
(8,*) 0 1 2 3 4 5 6 7 9 10 11 12 13 14 15 16 17 18 19 20 21 22 23 24 25 26 27 28 29 30 31 32 33 34 35 36 37 38 39 40 41 42 63 64 65 66 67 68 69 70 71 72 73 74 75 76 77 78 79 80 81
(9,*) 0 1 2 3 4 5 6 7 8 10 11 12 13 14 15 16 17 18 19 20 21 22 23 24 25 26 27 28 29 30 31 32 33 34 35 36 37 38 39 40 41 42 63 64 65 66 67 68 69 70 71 72 73 74 75 76 77 78 79 80 81
(10,*) 0 1 2 3 4 5 6 7 8 9 11 12 13 14 15 16 17 18 19 20 21 22 23 24 25 26 27 28 29 30 31 32 33 34 35 36 37 38 39 40 41 42 63 64 65 66 67 68 69 70 71 72 73 74 75 76 77 78 79 80 81
(11,*) 0 1 2 3 4 5 6 7 8 9 10 12 13 14 15 16 17 18 19 20 21 22 23 24 25 26 27 28 29 30 31 32 33 34 35 36 37 38 39 40 41 42 63 64 65 66 67 68 69 70 71 72 73 74 75 76 77 78 79 80 81
(12,*) 0 1 2 3 4 5 6 7 8 9 10 11 13 14 15 16 17 18 19 20 21 22 23 24 25 26 27 28 29 30 31 32 33 34 35 36 37 38 39 40 41 42 63 64 65 66 67 68 69 70 71 72 73 74 75 76 77 78 79 80 81
(13,*) 0 1 2 3 4 5 6 7 8 9 10 11 12 14 15 16 17 18 19 20 21 22 23 24 25 26 27 28 29 30 31 32 33 34 35 36 37 38 39 40 41 42 63 64 65 66 67 68 69 70 71 72 73 74 75 76 77 78 79 80 81
(14,*) 0 1 2 3 4 5 6 7 8 9 10 11 12 13 15 16 17 18 19 20 21 22 23 24 25 26 27 28 29 30 31 32 33 34 35 36 37 38 39 40 41 42 63 64 65 66 67 68 69 70 71 72 73 74 75 76 77 78 79 80 81
(15,*) 0 1 2 3 4 5 6 7 8 9 10 11 12 13 14 16 17 18 19 20 21 22 23 24 25 26 27 28 29 30 31 32 33 34 35 36 37 38 39 40 41 42 63 64 65 66 67 68 69 70 71 72 73 74 75 76 77 78 79 80 81
(16,*) 0 1 2 3 4 5 6 7 8 9 10 11 12 13 14 15 17 18 19 20 21 22 23 24 25 26 27 28 29 30 31 32 33 34 35 36 37 38 39 40 41 42 63 64 65 66 67 68 69 70 71 72 73 74 75 76 77 78 79 80 81
(17,*) 0 1 2 3 4 5 6 7 8 9 10 11 12 13 14 15 16 18 19 20 21 22 23 24 25 26 27 28 29 30 31 32 33 34 35 36 37 38 39 40 41 42 63 64 65 66 67 68 69 70 71 72 73 74 75 76 77 78 79 80 81
(18,*) 0 1 2 3 4 5 6 7 8 9 10 11 12 13 14 15 16 17 19 20 21 22 23 24 25 26 27 28 29 30 31 32 33 34 35 36 37 38 39 40 41 42 63 64 65 66 67 68 69 70 71 72 73 74 75 76 77 78 79 80 81
(19,*) 0 1 2 3 4 5 6 7 8 9 10 11 12 13 14 15 16 17 18 20 21 22 23 24 25 26 27 28 29 30 31 32 33 34 35 36 37 38 39 40 41 42 63 64 65 66 67 68 69 70 71 72 73 74 75 76 77 78 79 80 81
(20,*) 0 1 2 3 4 5 6 7 8 9 10 11 12 13 14 15 16 17 18 19 21 22 23 24 25 26 27 28 29 30 31 32 33 34 35 36 37 38 39 40 41 42 63 64 65 66 67 68 69 70 71 72 73 74 75 76 77 78 79 80 81
(21,*) 0 1 2 3 4 5 6 7 8 9 10 11 12 13 14 15 16 17 18 19 20 22 23 24 25 26 27 28 29 30 31 32 33 34 35 36 37 38 39 40 41 42 63 64 65 66 67 68 69 70 71 72 73 74 75 76 77 78 79 80 81
(22,*) 0 1 2 3 4 5 6 7 8 9 10 11 12 13 14 15 16 17 18 19 20 21 23 24 25 26 27 28 29 30 31 32 33 34 35 36 37 38 39 40 41 42 63 64 65 66 67 68 69 70 71 72 73 74 75 76 77 78 79 80 81
(23,*) 0 1 2 3 4 5 6 7 8 9 10 11 12 13 14 15 16 17 18 19 20 21 22 24 25 26 27 28 29 30 31 32 33 34 35 36 37 38 39 40 41 42 63 64 65 66 67 68 69 70 71 72 73 74 75 76 77 78 79 80 81
(24,*) 0 1 2 3 4 5 6 7 8 9 10 11 12 13 14 15 16 17 18 19 20 21 22 23 25 26 27 28 29 30 31 32 33 34 35 36 37 38 39 40 41 42 63 64 65 66 67 68 69 70 71 72 73 74 75 76 77 78 79 80 81
(25,*) 0 1 2 3 4 5 6 7 8 9 10 11 12 13 14 15 16 17 18 19 20 21 22 23 24 26 27 28 29 30 31 32 33 34 35 36 37 38 39 40 41 42 63 64 65 66 67 68 69 70 71 72 73 74 75 76 77 78 79 80 81
(26,*) 0 1 2 3 4 5 6 7 8 9 10 11 12 13 14 15 16 17 18 19 20 21 22 23 24 25 27 28 29 30 31 32 33 34 35 36 37 38 39 40 41 42 63 64 65 66 67 68 69 70 71 72 73 74 75 76 77 78 79 80 81
(27,*) 0 1 2 3 4 5 6 7 8 9 10 11 12 13 14 15 16 17 18 19 20 21 22 23 24 25 26 28 29 30 31 32 33 34 35 36 37 38 39 40 41 42 63 64 65 66 67 68 69 70 71 72 73 74 75 76 77 78 79 80 81
(28,*) 0 1 2 3 4 5 6 7 8 9 10 11 12 13 14 15 16 17 18 19 20 21 22 23 24 25 26 27 29 30 31 32 33 34 35 36 37 38 39 40 41 42 63 64 65 66 67 68 69 70 71 72 73 74 75 76 77 78 79 80 81
(29,*) 0 1 2 3 4 5 6 7 8 9 10 11 12 13 14 15 16 17 18 19 20 21 22 23 24 25 26 27 28 30 31 32 33 34 35 36 37 38 39 40 41 42 63 64 65 66 67 68 69 70 71 72 73 74 75 76 77 78 79 80 81
(30,*) 0 1 2 3 4 5 6 7 8 9 10 11 12 13 14 15 16 17 18 19 20 21 22 23 24 25 26 27 28 29 31 32 33 34 35 36 37 38 39 40 41 42 63 64 65 66 67 68 69 70 71 72 73 74 75 76 77 78 79 80 81
(31,*) 0 1 2 3 4 5 6 7 8 9 10 11 12 13 14 15 16 17 18 19 20 21 22 23 24 25 26 27 28 29 30 32 33 34 35 36 37 38 39 40 41 42 63 64 65 66 67 68 69 70 71 72 73 74 75 76 77 78 79 80 81
(32,*) 0 1 2 3 4 5 6 7 8 9 10 11 12 13 14 15 16 17 18 19 20 21 22 23 24 25 26 27 28 29 30 31 33 34 35 36 37 38 39 40 41 42 63 64 65 66 67 68 69 70 71 72 73 74 75 76 77 78 79 80 81
(33,*) 0 1 2 3 4 5 6 7 8 9 10 11 12 13 14 15 16 17 18 19 20 21 22 23 24 25 26 27 28 29 30 31 32 34 35 36 37 38 39 40 41 42 63 64 65 66 67 68 69 70 71 72 73 74 75 76 77 78 79 80 81
(34,*) 0 1 2 3 4 5 6 7 8 9 10 11 12 13 14 15 16 17 18 19 20 21 22 23 24 25 26 27 28 29 30 31 32 33 35 36 37 38 39 40 41 42 63 64 65 66 67 68 69 70 71 72 73 74 75 76 77 78 79 80 81
(35,*) 0 1 2 3 4 5 6 7 8 9 10 11 12 13 14 15 16 17 18 19 20 21 22 23 24 25 26 27 28 29 30 31 32 33 34 36 37 38 39 40 41 42 63 64 65 66 67 68 69 70 71 72 73 74 75 76 77 78 79 80 81
(36,*) 0 1 2 3 4 5 6 7 8 9 10 11 12 13 14 15 16 17 18 19 20 21 22 23 24 25 26 27 28 29 30 31 32 33 34 35 37 38 39 40 41 42 63 64 65 66 67 68 69 70 71 72 73 74 75 76 77 78 79 80 81
(37,*) 0 1 2 3 4 5 6 7 8 9 10 11 12 13 14 15 16 17 18 19 20 21 22 23 24 25 26 27 28 29 30 31 32 33 34 35 36 38 39 40 41 42 63 64 65 66 67 68 69 70 71 72 73 74 75 76 77 78 79 80 81
(38,*) 0 1 2 3 4 5 6 7 8 9 10 11 12 13 14 15 16 17 18 19 20 21 22 23 24 25 26 27 28 29 30 31 32 33 34 35 36 37 39 40 41 42 63 64 65 66 67 68 69 70 71 72 73 74 75 76 77 78 79 80 81
(39,*) 0 1 2 3 4 5 6 7 8 9 10 11 12 13 14 15 16 17 18 19 20 21 22 23 24 25 26 27 28 29 30 31 32 33 34 35 36 37 38 40 41 42 63 64 65 66 67 68 69 70 71 72 73 74 75 76 77 78 79 80 81
(40,*) 0 1 2 3 4 5 6 7 8 9 10 11 12 13 14 15 16 17 18 19 20 21 22 23 24 25 26 27 28 29 30 31 32 33 34 35 36 37 38 39 41 42 63 64 65 66 67 68 69 70 71 72 73 74 75 76 77 78 79 80 81
(41,*) 0 1 2 3 4 5 6 7 8 9 10 11 12 13 14 15 16 17 18 19 20 21 22 23 24 25 26 27 28 29 30 31 32 33 34 35 36 37 38 39 40 42 63 64 65 66 67 68 69 70 71 72 73 74 75 76 77 78 79 80 81
(42,*) 0 1 2 3 4 5 6 7 8 9 10 11 12 13 14 15 16 17 18 19 20 21 22 23 24 25 26 27 28 29 30 31 32 33 34 35 36 37 38 39 40 41 63 64 65 66 67 68 69 70 71 72 73 74 75 76 77 78 79 80 81
(63,*) 0 1 2 3 4 5 6 7 8 9 10 11 12 13 14 15 16 17 18 19 20 21 22 23 24 25 26 27 28 29 30 31 32 33 34 35 36 37 38 39 40 41 42 64 65 66 67 68 69 70 71 72 73 74 75 76 77 78 79 80 81
(64,*) 0 1 2 3 4 5 6 7 8 9 10 11 12 13 14 15 16 17 18 19 20 21 22 23 24 25 26 27 28 29 30 31 32 33 34 35 36 37 38 39 40 41 42 63 65 66 67 68 69 70 71 72 73 74 75 76 77 78 79 80 81
(65,*) 0 1 2 3 4 5 6 7 8 9 10 11 12 13 14 15 16 17 18 19 20 21 22 23 24 25 26 27 28 29 30 31 32 33 34 35 36 37 38 39 40 41 42 63 64 66 67 68 69 70 71 72 73 74 75 76 77 78 79 80 81
(66,*) 0 1 2 3 4 5 6 7 8 9 10 11 12 13 14 15 16 17 18 19 20 21 22 23 24 25 26 27 28 29 30 31 32 33 34 35 36 37 38 39 40 41 42 63 64 65 67 68 69 70 71 72 73 74 75 76 77 78 79 80 81
(67,*) 0 1 2 3 4 5 6 7 8 9 10 11 12 13 14 15 16 17 18 19 20 21 22 23 24 25 26 27 28 29 30 31 32 33 34 35 36 37 38 39 40 41 42 63 64 65 66 68 69 70 71 72 73 74 75 76 77 78 79 80 81
(68,*) 0 1 2 3 4 5 6 7 8 9 10 11 12 13 14 15 16 17 18 19 20 21 22 23 24 25 26 27 28 29 30 31 32 33 34 35 36 37 38 39 40 41 42 63 64 65 66 67 69 70 71 72 73 74 75 76 77 78 79 80 81
(69,*) 0 1 2 3 4 5 6 7 8 9 10 11 12 13 14 15 16 17 18 19 20 21 22 23 24 25 26 27 28 29 30 31 32 33 34 35 36 37 38 39 40 41 42 63 64 65 66 67 68 70 71 72 73 74 75 76 77 78 79 80 81
(70,*) 0 1 2 3 4 5 6 7 8 9 10 11 12 13 14 15 16 17 18 19 20 21 22 23 24 25 26 27 28 29 30 31 32 33 34 35 36 37 38 39 40 41 42 63 64 65 66 67 68 69 71 72 73 74 75 76 77 78 79 80 81
(71,*) 0 1 2 3 4 5 6 7 8 9 10 11 12 13 14 15 16 17 18 19 20 21 22 23 24 25 26 27 28 29 30 31 32 33 34 35 36 37 38 39 40 41 42 63 64 65 66 67 68 69 70 72 73 74 75 76 77 78 79 80 81
(72,*) 0 1 2 3 4 5 6 7 8 9 10 11 12 13 14 15 16 17 18 19 20 21 22 23 24 25 26 27 28 29 30 31 32 33 34 35 36 37 38 39 40 41 42 63 64 65 66 67 68 69 70 71 73 74 75 76 77 78 79 80 81
(73,*) 0 1 2 3 4 5 6 7 8 9 10 11 12 13 14 15 16 17 18 19 20 21 22 23 24 25 26 27 28 29 30 31 32 33 34 35 36 37 38 39 40 41 42 63 64 65 66 67 68 69 70 71 72 74 75 76 77 78 79 80 81
(74,*) 0 1 2 3 4 5 6 7 8 9 10 11 12 13 14 15 16 17 18 19 20 21 22 23 24 25 26 27 28 29 30 31 32 33 34 35 36 37 38 39 40 41 42 63 64 65 66 67 68 69 70 71 72 73 75 76 77 78 79 80 81
(75,*) 0 1 2 3 4 5 6 7 8 9 10 11 12 13 14 15 16 17 18 19 20 21 22 23 24 25 26 27 28 29 30 31 32 33 34 35 36 37 38 39 40 41 42 63 64 65 66 67 68 69 70 71 72 73 74 76 77 78 79 80 81
(76,*) 0 1 2 3 4 5 6 7 8 9 10 11 12 13 14 15 16 17 18 19 20 21 22 23 24 25 26 27 28 29 30 31 32 33 34 35 36 37 38 39 40 41 42 63 64 65 66 67 68 69 70 71 72 73 74 75 77 78 79 80 81
(77,*) 0 1 2 3 4 5 6 7 8 9 10 11 12 13 14 15 16 17 18 19 20 21 22 23 24 25 26 27 28 29 30 31 32 33 34 35 36 37 38 39 40 41 42 63 64 65 66 67 68 69 70 71 72 73 74 75 76 78 79 80 81
(78,*) 0 1 2 3 4 5 6 7 8 9 10 11 12 13 14 15 16 17 18 19 20 21 22 23 24 25 26 27 28 29 30 31 32 33 34 35 36 37 38 39 40 41 42 63 64 65 66 67 68 69 70 71 72 73 74 75 76 77 79 80 81
(79,*) 0 1 2 3 4 5 6 7 8 9 10 11 12 13 14 15 16 17 18 19 20 21 22 23 24 25 26 27 28 29 30 31 32 33 34 35 36 37 38 39 40 41 42 63 64 65 66 67 68 69 70 71 72 73 74 75 76 77 78 80 81
(80,*) 0 1 2 3 4 5 6 7 8 9 10 11 12 13 14 15 16 17 18 19 20 21 22 23 24 25 26 27 28 29 30 31 32 33 34 35 36 37 38 39 40 41 42 63 64 65 66 67 68 69 70 71 72 73 74 75 76 77 78 79 81
(81,*) 0 1 2 3 4 5 6 7 8 9 10 11 12 13 14 15 16 17 18 19 20 21 22 23 24 25 26 27 28 29 30 31 32 33 34 35 36 37 38 39 40 41 42 63 64 65 66 67 68 69 70 71 72 73 74 75 76 77 78 79 80
;
set A2:=
(69,*) 70
(70,*) 69
(71,*) 72
(72,*) 71
;
param BigM:=99999;
param n:= 9;
param d:=
1	6
2	9
3	16
4	5
5	9
6	1
7	18
8	5
9	5
10	9
11	16
12	20
13	23
14	17
15	2
16	17
17	3
18	7
19	23
20	7
21	20
22	21
23	5
24	13
25	23
26	19
27	7
28	5
29	15
30	30
31	15
32	7
33	23
34	5
35	8
36	25
37	12
38	24
39	22
40	7
41	24
42	18
43	3
44	1
45	10
46	12
47	6
48	6
49	8
50	13
51	10
52	12
53	13
54	25
55	4
56	10
57	15
58	13
59	9
60	8
61	25
62	8
63	2
64	1
65	12
66	39
67	2
68	12
;
param Q:=100;
param w:=
[69,*] 70 1
[70,*] 69 1
[71,*] 72 1
[72,*] 71 1
;
param V:=
[69,*] 70 95
[70,*] 69 95
[71,*] 72 77
[72,*] 71 77
;
param f:=
69	100
70	100
71	100
72	100
73	100
74	100
75	100
76	100
77	100
78	100
79	100
80	100
81	100
;
param e:
	69	70	71	72	73	74	75	76	77	78	79	80	81:=
43	1	0	0	0	1	0	0	1	1	0	1	1	0	
44	0	0	0	1	1	0	0	1	0	0	1	0	0	
45	0	1	1	0	0	0	1	0	0	1	0	0	1	
46	0	0	1	0	0	1	0	1	1	0	1	1	1	
47	0	0	1	0	1	0	0	1	1	0	1	1	1	
48	0	1	0	0	0	0	1	0	0	0	0	0	1	
49	1	0	0	1	1	0	0	1	1	0	1	0	0	
50	1	0	0	0	0	0	0	1	1	0	1	1	0	
51	0	0	1	0	0	1	0	0	0	0	0	1	0	
52	0	1	0	0	0	0	1	0	0	1	0	0	1	
53	0	0	0	1	1	0	0	0	0	0	1	0	0	
54	0	1	0	1	1	0	0	0	0	0	0	0	0	
55	0	1	0	0	0	0	1	0	0	0	0	0	1	
56	0	0	0	1	1	0	0	1	0	0	1	0	0	
57	0	0	0	1	1	0	0	0	0	0	1	0	0	
58	0	1	1	0	0	0	1	0	0	1	0	0	1	
59	1	0	0	0	0	0	0	1	1	0	0	1	0	
60	1	0	0	1	1	0	0	1	1	0	1	0	0	
61	0	0	0	1	1	0	0	0	0	0	1	0	0	
62	0	0	1	0	0	1	0	1	1	0	0	1	0	
63	0	0	0	1	1	0	0	0	0	0	1	0	0	
64	0	0	1	0	0	1	0	1	1	0	0	1	1	
65	0	1	1	0	0	1	1	0	0	1	0	1	1	
66	0	1	1	0	1	0	1	1	0	1	0	1	1	
67	0	1	1	0	0	0	1	0	0	1	0	0	1	
68	0	0	0	1	1	0	0	1	0	0	1	0	1	
;
param p:=
1	1
2	1
3	1
4	1
5	1
6	1
7	1
8	1
9	1
;
param G:=
69	80
70	95
71	77
72	76
73	81
74	88
75	81
76	81
77	85
78	76
79	98
80	90
81	87
;
param s:=
0	0
1	15
2	15
3	15
4	15
5	15
6	15
7	15
8	15
9	15
10	15
11	15
12	15
13	15
14	15
15	15
16	15
17	15
18	15
19	15
20	15
21	15
22	15
23	15
24	15
25	15
26	15
27	15
28	15
29	15
30	15
31	15
32	15
33	15
34	15
35	15
36	15
37	15
38	15
39	15
40	15
41	15
42	15
63	15
64	15
65	15
66	15
67	15
68	15
69	10
70	10
71	10
72	10
73	10
74	10
75	10
76	10
77	10
78	10
79	10
80	10
81	10
;
param t:
	0	1	2	3	4	5	6	7	8	9	10	11	12	13	14	15	16	17	18	19	20	21	22	23	24	25	26	27	28	29	30	31	32	33	34	35	36	37	38	39	40	41	42	43	44	45	46	47	48	49	50	51	52	53	54	55	56	57	58	59	60	61	62	63	64	65	66	67	68	69	70	71	72	73	74	75	76	77	78	79	80	81:=
0	0.0	54.13	44.82	37.54	57.25	61.13	60.0	27.86	27.2	55.01	44.28	57.01	36.35	23.26	11.18	25.61	8.25	31.58	17.49	57.01	17.49	61.1	49.73	46.69	26.02	52.48	69.31	38.6	64.64	45.28	29.07	32.7	26.91	55.0	21.93	61.74	44.82	36.4	49.19	28.32	29.73	28.16	47.51	13.04	39.22	53.81	22.83	6.08	63.81	40.31	24.41	55.44	66.47	44.05	56.44	59.36	37.8	52.55	50.7	39.2	22.56	45.18	31.02	54.23	34.66	46.27	30.36	47.68	19.65	46.69	57.49	44.41	44.69	25.08	54.2	49.65	2.24	25.08	58.25	19.8	28.64	36.24
1	54.13	0.0	98.27	77.03	6.4	48.84	88.6	39.12	81.15	2.0	70.09	86.83	79.98	39.05	48.51	65.07	62.24	43.74	46.69	86.83	71.55	78.72	43.83	47.01	78.16	5.66	27.02	92.28	60.13	73.76	62.07	40.71	69.18	58.52	34.71	40.22	96.4	69.89	93.01	80.99	29.02	68.68	30.81	61.61	86.58	15.81	44.69	48.3	34.44	93.3	76.28	58.31	24.08	77.78	53.41	31.91	79.0	72.8	4.47	90.8	73.25	57.38	64.4	75.03	54.12	28.16	24.41	15.13	54.15	99.05	14.87	29.43	78.77	59.0	67.91	9.43	55.9	70.04	13.6	63.64	61.4	18.03
2	44.82	98.27	0.0	53.46	100.65	100.85	76.01	70.29	21.93	99.32	69.86	73.0	31.05	66.53	53.76	51.62	37.48	71.85	53.49	73.0	27.59	85.99	89.89	85.59	30.36	97.08	113.9	6.4	88.46	68.07	58.31	66.71	48.38	90.08	66.6	103.81	9.9	45.54	50.8	17.46	74.33	38.0	90.79	37.16	41.05	98.6	57.57	50.22	107.17	23.54	22.47	78.31	111.13	62.39	93.91	102.83	51.24	78.64	94.51	11.4	35.47	79.31	46.01	79.25	59.08	84.2	73.93	89.55	55.76	6.71	102.3	82.01	62.29	56.8	69.63	94.4	42.8	33.14	100.32	46.96	47.04	80.71
3	37.54	77.03	53.46	0.0	82.22	55.61	24.35	38.01	33.06	77.0	17.49	21.19	65.19	38.21	33.11	13.0	33.6	34.53	54.82	21.19	36.4	32.56	47.01	41.68	24.08	73.03	80.01	48.09	102.0	14.87	15.03	69.34	10.63	41.04	43.93	62.27	60.0	71.02	16.28	46.87	48.09	61.4	54.41	46.62	15.0	68.88	60.0	41.62	68.45	32.31	47.13	92.96	78.16	9.0	46.75	65.0	2.83	25.63	75.24	56.14	20.88	31.24	66.61	25.96	72.14	79.85	59.2	76.9	23.77	59.14	72.99	78.39	9.06	18.11	91.35	69.07	38.18	56.36	85.99	17.8	64.82	60.53
4	57.25	6.4	100.65	82.22	0.0	55.17	94.56	44.55	84.43	7.81	75.96	92.72	80.66	44.05	52.61	70.01	65.46	49.48	48.01	92.72	74.46	84.97	50.22	53.34	82.0	12.04	31.58	94.81	56.01	79.56	67.36	40.0	74.01	64.9	39.12	46.4	98.18	69.66	98.05	83.24	34.13	69.35	37.2	63.63	91.2	22.02	45.34	51.26	40.31	97.02	78.39	55.11	28.86	83.36	59.82	38.01	84.1	78.92	7.0	92.65	77.28	63.56	64.44	81.15	53.25	25.3	26.93	13.04	59.0	101.02	20.59	26.93	84.34	64.12	65.46	15.81	58.87	71.22	7.62	68.18	61.55	22.09
5	61.13	48.84	100.85	55.61	55.17	0.0	53.15	33.54	79.08	47.38	39.82	52.89	97.29	38.47	50.0	50.45	65.55	29.73	68.01	52.89	74.73	38.05	11.4	15.26	71.61	43.19	33.24	94.51	102.88	43.83	43.93	73.35	54.56	16.49	43.01	10.44	103.79	94.19	70.49	87.32	37.22	87.97	19.7	73.98	70.18	33.24	70.11	58.86	18.68	85.04	84.5	97.8	33.24	50.61	9.49	18.36	58.41	36.4	50.61	98.49	66.03	24.41	88.14	38.08	84.38	70.68	51.66	59.68	45.18	104.66	35.61	70.77	51.48	44.41	103.41	39.82	63.32	85.91	62.37	54.08	85.09	44.94
6	60.0	88.6	76.01	24.35	94.56	53.15	0.0	50.99	56.89	88.06	18.79	3.16	89.54	53.34	53.04	34.41	57.31	45.31	76.49	3.16	60.75	16.64	49.0	44.05	48.05	83.68	84.02	71.18	123.07	15.81	31.83	89.87	34.0	36.67	60.21	62.51	83.38	94.89	27.2	71.06	61.74	85.42	60.41	70.33	35.01	76.94	81.34	63.03	70.26	53.15	71.47	114.59	83.01	16.12	43.74	68.03	25.71	17.03	87.92	79.91	45.22	32.14	90.21	15.13	94.49	97.64	75.8	92.14	42.45	82.1	80.75	96.52	15.65	36.07	114.2	79.56	61.03	80.53	99.72	40.5	88.2	74.73
7	27.86	39.12	70.29	38.01	44.55	33.54	50.99	0.0	49.52	39.01	32.2	48.85	63.79	5.0	17.0	26.68	33.29	6.4	35.36	48.85	43.01	44.55	22.2	20.1	43.83	35.01	44.94	63.89	76.28	35.47	23.0	43.83	31.05	30.68	11.18	34.0	71.87	61.0	54.15	55.23	10.77	54.45	20.52	40.52	48.76	31.62	38.33	25.32	36.88	58.83	51.88	69.35	42.54	38.83	30.15	32.56	40.11	37.01	37.66	66.37	38.28	23.6	55.01	39.2	52.89	47.51	25.5	41.15	16.55	73.24	35.74	46.69	39.81	20.22	72.73	31.06	30.08	52.39	49.04	26.83	52.04	23.77
8	27.2	81.15	21.93	33.06	84.43	79.08	56.89	49.52	0.0	81.94	48.51	53.76	35.0	46.23	33.84	29.73	18.97	50.45	41.01	53.76	11.05	65.12	68.24	63.81	9.0	79.16	94.02	15.81	84.15	47.1	36.4	56.22	26.68	68.15	47.51	82.46	27.07	45.0	34.99	14.76	54.92	35.23	70.01	25.5	23.71	79.32	46.1	33.24	86.28	14.32	16.97	74.09	91.4	42.05	72.01	82.02	31.26	57.43	77.83	23.09	13.6	57.38	42.54	58.22	52.81	72.06	57.57	74.73	34.21	26.68	83.22	70.03	42.11	34.89	68.6	76.06	25.71	29.41	85.38	25.06	42.05	63.16
9	55.01	2.0	99.32	77.0	7.81	47.38	88.06	39.01	81.94	0.0	69.63	86.35	81.47	39.2	49.04	65.19	63.07	43.42	48.08	86.35	72.47	77.88	42.72	46.07	78.75	4.47	25.02	93.3	62.13	73.35	62.01	42.49	69.35	57.45	35.17	38.6	97.62	71.56	93.05	82.1	29.15	70.18	29.68	62.8	86.83	14.21	46.23	49.24	32.65	93.92	77.42	60.3	22.09	77.52	52.2	30.23	79.03	72.11	6.32	92.01	73.76	56.65	66.03	74.33	55.9	30.15	25.61	17.12	54.33	100.21	13.0	31.4	78.52	59.03	69.86	8.54	56.82	71.42	15.26	63.95	63.01	18.79
10	44.28	70.09	69.86	17.49	75.96	39.82	18.79	32.2	48.51	69.63	0.0	16.76	77.28	34.67	35.81	20.22	43.42	26.57	59.64	16.76	49.16	17.26	32.98	27.66	39.62	65.31	67.74	64.13	105.42	4.12	15.23	72.18	22.02	24.21	41.62	47.76	75.54	80.41	30.81	61.0	42.95	71.47	43.01	55.97	32.45	59.14	64.2	46.32	54.82	49.66	60.21	97.31	66.37	10.82	30.53	51.97	20.25	9.0	69.26	71.18	35.13	15.81	75.24	10.2	77.94	79.06	57.14	73.35	25.24	75.13	63.07	78.01	11.66	19.24	97.94	61.19	45.69	67.19	80.99	26.48	72.92	55.95
11	57.01	86.83	73.0	21.19	92.72	52.89	3.16	48.85	53.76	86.35	16.76	0.0	86.38	51.0	50.25	31.4	54.2	43.32	73.59	0.0	57.58	17.69	48.09	43.01	44.91	82.0	83.15	68.12	120.28	13.42	29.07	87.11	30.89	36.4	57.8	61.98	80.31	91.79	24.7	67.91	59.62	82.3	59.14	67.23	32.06	75.54	78.49	60.14	69.58	50.25	68.31	111.73	82.02	13.04	43.42	67.19	22.56	16.49	86.02	76.79	42.06	31.0	87.13	14.87	91.55	95.19	73.43	89.96	39.7	79.06	79.4	94.03	12.53	33.3	111.21	77.88	58.01	77.39	97.74	37.44	85.15	72.62
12	36.35	79.98	31.05	65.19	80.66	97.29	89.54	63.79	35.0	81.47	77.28	86.38	0.0	58.94	47.52	57.07	34.13	67.9	33.6	86.38	28.79	94.54	85.91	83.02	42.54	80.43	101.02	29.07	58.01	77.13	62.51	41.88	56.04	91.14	55.71	97.08	23.02	15.03	69.89	20.52	63.16	11.31	82.28	23.35	58.52	84.91	35.36	38.6	98.09	46.75	18.36	48.01	97.94	73.68	92.78	93.62	64.08	86.15	75.69	19.65	44.38	81.01	17.46	87.48	31.02	59.68	56.4	68.12	55.0	27.07	87.92	57.45	74.0	59.21	38.64	78.82	34.23	11.4	78.41	50.8	19.72	64.64
13	23.26	39.05	66.53	38.21	44.05	38.47	53.34	5.0	46.23	39.2	34.67	51.0	58.94	0.0	12.81	26.02	29.21	10.77	30.41	51.0	39.05	48.17	27.17	25.08	41.18	35.51	47.8	60.14	72.2	37.59	23.54	39.45	30.15	35.44	7.07	38.48	67.68	56.0	54.01	51.04	10.05	49.5	24.41	35.74	47.68	33.54	33.53	20.4	40.8	56.36	47.51	65.0	45.22	40.16	35.13	36.4	40.05	40.31	37.05	62.13	35.78	27.78	50.01	42.45	48.08	44.41	22.47	39.22	15.13	69.2	37.58	43.42	41.11	20.1	68.01	31.78	25.5	47.54	47.85	25.0	47.04	22.36
14	11.18	48.51	53.76	33.11	52.61	50.0	53.04	17.0	33.84	49.04	35.81	50.25	47.52	12.81	0.0	20.12	16.4	20.4	23.85	50.25	26.25	51.88	38.6	35.51	29.73	45.88	60.31	47.38	70.04	37.54	21.21	36.88	23.09	44.05	13.93	51.0	54.92	46.69	47.3	38.28	21.1	39.01	37.2	24.19	39.05	45.49	28.43	10.77	53.6	44.94	34.89	61.62	57.63	37.8	45.28	49.2	34.18	43.42	45.71	49.4	24.74	34.53	41.0	45.28	42.19	46.82	27.07	45.1	10.63	56.4	49.4	45.31	38.6	16.97	62.27	42.54	13.34	36.22	55.01	16.28	38.33	30.59
15	25.61	65.07	51.62	13.0	70.01	50.45	34.41	26.68	29.73	65.19	20.22	31.4	57.07	26.02	20.12	0.0	23.41	24.6	42.45	31.4	29.02	37.48	40.31	35.38	21.47	61.4	70.68	45.54	89.5	20.25	6.71	56.61	4.47	38.48	31.26	55.32	56.29	60.84	28.07	41.11	36.06	51.62	45.18	36.25	22.14	58.24	47.51	29.07	60.46	34.66	40.05	80.66	68.54	18.44	42.72	56.6	14.32	29.15	63.01	51.62	16.16	27.73	55.95	30.41	60.21	66.85	46.32	64.13	11.05	56.32	62.36	65.39	19.1	6.71	79.81	57.56	26.63	47.13	73.44	6.32	53.85	48.09
16	8.25	62.24	37.48	33.6	65.46	65.55	57.31	33.29	18.97	63.07	43.42	54.2	34.13	29.21	16.4	23.41	0.0	35.85	24.04	54.2	9.9	60.64	54.23	50.6	18.25	60.42	76.42	31.14	70.33	43.66	28.44	39.56	23.32	57.56	29.21	67.23	38.59	37.59	43.27	21.95	36.88	28.23	53.6	13.04	32.65	61.22	29.41	14.32	70.0	32.14	18.97	60.75	73.66	41.18	59.91	65.6	33.3	52.17	58.87	33.12	15.65	47.17	33.02	53.6	39.41	54.08	38.6	55.9	21.21	40.0	65.0	52.15	41.68	25.08	57.98	57.45	7.0	23.77	66.49	17.09	31.24	44.28
17	31.58	43.74	71.85	34.53	49.48	29.73	45.31	6.4	50.45	43.42	26.57	43.32	67.9	10.77	20.4	24.6	35.85	0.0	41.0	43.32	45.18	38.21	18.38	15.13	43.86	39.2	46.1	65.46	82.66	30.08	19.65	50.12	29.07	24.74	17.49	32.02	74.24	66.12	50.8	57.7	16.64	59.08	20.59	44.55	46.62	34.37	44.27	30.0	36.24	58.41	54.78	75.66	44.01	34.13	25.02	32.2	36.88	30.81	42.72	68.88	38.21	17.2	60.21	33.02	58.82	53.81	31.83	47.01	16.28	75.29	38.47	53.04	35.13	17.89	78.77	35.13	33.73	56.57	54.42	26.25	57.31	29.53
18	17.49	46.69	53.49	54.82	48.01	68.01	76.49	35.36	41.01	48.08	59.64	73.59	33.6	30.41	23.85	42.45	24.04	41.0	0.0	73.59	30.0	75.66	57.04	55.44	42.2	46.86	67.6	48.08	47.2	61.22	44.82	15.52	44.2	65.73	25.0	65.92	50.25	26.48	66.65	36.06	31.4	22.47	50.8	16.49	56.46	51.48	5.39	13.45	65.8	55.15	31.02	38.21	64.5	60.81	65.49	61.4	55.22	67.23	42.52	44.78	39.56	57.25	20.4	69.12	18.36	31.26	22.8	36.24	34.41	53.24	54.38	29.15	61.52	40.61	38.47	45.22	17.46	23.35	46.96	37.01	17.26	31.06
19	57.01	86.83	73.0	21.19	92.72	52.89	3.16	48.85	53.76	86.35	16.76	0.0	86.38	51.0	50.25	31.4	54.2	43.32	73.59	0.0	57.58	17.69	48.09	43.01	44.91	82.0	83.15	68.12	120.28	13.42	29.07	87.11	30.89	36.4	57.8	61.98	80.31	91.79	24.7	67.91	59.62	82.3	59.14	67.23	32.06	75.54	78.49	60.14	69.58	50.25	68.31	111.73	82.02	13.04	43.42	67.19	22.56	16.49	86.02	76.79	42.06	31.0	87.13	14.87	91.55	95.19	73.43	89.96	39.7	79.06	79.4	94.03	12.53	33.3	111.21	77.88	58.01	77.39	97.74	37.44	85.15	72.62
20	17.49	71.55	27.59	36.4	74.46	74.73	60.75	43.01	11.05	72.47	49.16	57.58	28.79	39.05	26.25	29.02	9.9	45.18	30.0	57.58	0.0	66.37	63.51	59.62	14.87	69.97	86.31	21.26	73.54	48.66	35.06	45.18	27.46	65.73	39.05	76.85	29.07	36.07	42.45	12.65	46.75	26.17	63.41	14.56	31.11	71.06	35.06	23.26	79.81	25.32	11.05	63.56	83.55	44.92	68.62	75.43	35.34	58.14	68.03	23.77	15.65	55.11	32.8	59.3	42.15	61.13	47.54	64.29	29.73	30.23	74.81	59.08	45.22	32.39	58.82	67.12	15.65	20.62	75.0	23.02	31.91	53.71
21	61.1	78.72	85.99	32.56	84.97	38.05	16.64	44.55	65.12	77.88	17.26	17.69	94.54	48.17	51.88	37.48	60.64	38.21	75.66	17.69	66.37	0.0	36.14	31.95	56.14	73.41	70.35	80.5	120.25	18.03	32.28	87.2	39.05	22.09	55.23	48.01	92.2	97.41	41.34	78.06	54.67	88.6	48.7	73.08	46.49	65.46	79.92	62.61	56.08	64.56	77.41	112.65	69.72	23.77	29.02	54.45	34.93	8.54	78.77	88.02	52.0	21.63	92.11	7.07	94.02	92.02	70.04	84.63	41.63	91.55	68.96	91.24	24.04	36.06	114.13	69.35	62.63	84.4	90.92	43.74	89.69	67.2
22	49.73	43.83	89.89	47.01	50.22	11.4	49.0	22.2	68.24	42.72	32.98	48.09	85.91	27.17	38.6	40.31	54.23	18.38	57.04	48.09	63.51	36.14	0.0	5.39	61.07	38.28	35.06	83.53	93.94	37.11	34.06	63.32	44.6	14.76	32.06	15.26	92.57	83.05	62.65	76.06	26.93	76.66	13.04	62.59	61.03	29.55	59.41	47.52	21.84	74.95	73.16	88.26	34.01	43.32	10.0	19.1	49.74	32.02	44.69	87.24	55.44	17.26	77.03	34.06	73.82	62.43	42.15	52.5	34.13	93.54	32.89	62.27	44.27	33.97	93.17	34.41	51.92	74.53	56.85	43.42	74.01	36.36
23	46.69	47.01	85.59	41.68	53.34	15.26	44.05	20.1	63.81	46.07	27.66	43.01	83.02	25.08	35.51	35.38	50.6	15.13	55.44	43.01	59.62	31.95	5.39	0.0	56.4	41.59	40.2	79.26	94.41	31.78	29.0	62.97	39.6	12.04	30.81	20.59	88.64	81.02	57.27	72.24	26.83	74.17	16.76	59.68	55.8	33.53	58.25	45.04	27.2	70.04	69.57	88.24	39.01	37.95	10.05	24.33	44.42	27.17	47.43	83.38	50.8	12.04	75.06	29.27	72.78	63.6	42.54	54.45	29.97	89.44	37.11	63.25	38.9	29.21	92.44	37.59	48.84	71.7	59.64	38.83	72.11	37.64
24	26.02	78.16	30.36	24.08	82.0	71.61	48.05	43.83	9.0	78.75	39.62	44.91	42.54	41.18	29.73	21.47	18.25	43.86	42.2	44.91	14.87	56.14	61.07	56.4	0.0	75.61	88.75	24.52	87.66	38.12	28.18	57.72	18.03	59.93	43.66	75.69	36.06	50.91	27.66	23.09	50.57	41.01	64.03	28.65	16.28	74.71	47.54	32.0	80.06	15.23	24.19	77.83	86.28	33.06	64.14	75.93	22.36	48.51	75.19	32.06	5.66	49.19	47.63	49.25	56.36	72.25	55.58	73.33	27.66	35.51	78.71	70.35	33.14	27.2	73.6	72.24	25.18	35.38	83.73	17.69	46.62	60.17
25	52.48	5.66	97.08	73.03	12.04	43.19	83.68	35.01	79.16	4.47	65.31	82.0	80.43	35.51	45.88	61.4	60.42	39.2	46.86	82.0	69.97	73.41	38.28	41.59	75.61	0.0	23.19	90.97	64.5	69.05	58.01	42.72	65.62	53.0	31.95	34.67	95.78	71.2	89.14	80.0	25.5	69.2	25.24	60.96	83.19	10.3	45.49	46.87	29.15	90.82	75.43	62.03	20.1	73.33	47.8	26.42	75.11	67.68	8.25	90.14	70.52	52.2	65.51	69.89	56.08	32.02	24.08	19.1	50.64	98.23	10.05	33.02	74.33	55.15	71.02	4.12	54.38	70.09	19.21	60.42	62.43	16.4
26	69.31	27.02	113.9	80.01	31.58	33.24	84.02	44.94	94.02	25.02	67.74	83.15	101.02	47.8	60.31	70.68	76.42	46.1	67.6	83.15	86.31	70.35	35.06	40.2	88.75	23.19	0.0	107.56	87.14	71.85	65.55	65.52	75.15	48.26	47.38	22.8	114.02	93.11	96.17	97.62	39.6	90.05	25.63	79.81	92.7	16.12	67.12	64.54	14.56	103.77	93.51	85.15	3.16	77.67	41.44	16.0	82.54	67.01	31.02	108.37	83.22	52.24	87.24	69.0	78.75	55.04	45.19	42.01	61.4	116.0	13.6	56.14	78.64	63.98	94.2	23.09	71.45	90.14	39.05	71.69	84.1	36.67
27	38.6	92.28	6.4	48.09	94.81	94.51	71.18	63.89	15.81	93.3	64.13	68.12	29.07	60.14	47.38	45.54	31.14	65.46	48.08	68.12	21.26	80.5	83.53	79.26	24.52	90.97	107.56	0.0	85.16	62.51	52.2	61.81	42.45	83.93	60.31	97.42	12.37	42.72	46.84	12.17	68.01	34.37	84.39	31.62	36.5	92.31	52.39	44.1	100.77	20.12	17.26	74.97	104.8	57.08	87.66	96.43	46.01	72.99	88.59	10.63	29.41	73.16	42.43	73.68	55.04	79.08	68.0	83.93	49.4	11.05	96.05	76.9	57.04	50.57	67.05	88.23	36.62	29.07	94.7	40.72	43.1	74.63
28	64.64	60.13	88.46	102.0	56.01	102.88	123.07	76.28	84.15	62.13	105.42	120.28	58.01	72.2	70.04	89.5	70.33	82.66	47.2	120.28	73.54	120.25	93.94	94.41	87.66	64.5	87.14	85.16	0.0	107.48	91.24	33.24	91.4	106.17	65.22	96.84	81.02	43.05	113.53	73.76	67.6	50.8	83.22	59.09	102.96	74.15	42.01	60.44	92.96	98.35	69.12	10.2	84.21	107.71	103.75	89.5	102.42	112.16	56.32	77.23	85.96	99.86	42.76	114.21	31.38	32.76	51.88	45.4	80.62	85.05	74.55	32.28	108.47	87.0	20.88	66.1	64.35	56.29	49.16	84.2	42.45	57.94
29	45.28	73.76	68.07	14.87	79.56	43.83	15.81	35.47	47.1	73.35	4.12	13.42	77.13	37.59	37.54	20.25	43.66	30.08	61.22	13.42	48.66	18.03	37.11	31.78	38.12	69.05	71.85	62.51	107.48	0.0	16.4	74.25	21.21	28.02	44.42	51.87	74.17	81.02	27.02	60.13	46.24	71.87	47.04	56.46	29.53	63.07	65.95	47.8	58.94	47.17	59.68	99.16	70.46	7.07	34.48	56.09	17.46	10.77	72.8	70.01	34.01	19.92	76.03	11.18	79.4	81.84	60.03	76.56	26.91	73.55	67.03	80.71	7.81	20.62	99.3	64.94	46.53	67.36	84.43	26.57	73.82	59.24
30	29.07	62.07	58.31	15.03	67.36	43.93	31.83	23.0	36.4	62.01	15.23	29.07	62.51	23.54	21.21	6.71	28.44	19.65	44.82	29.07	35.06	32.28	34.06	29.0	28.18	58.01	65.55	52.2	91.24	16.4	0.0	58.05	10.63	31.78	29.73	49.2	62.82	65.19	31.26	47.38	33.24	56.32	39.92	40.8	27.29	53.94	49.58	31.4	54.71	41.11	46.01	82.81	63.57	17.0	36.06	51.0	17.26	23.77	60.41	58.05	22.85	21.02	60.01	25.3	63.01	66.65	45.31	62.64	10.63	62.94	58.05	65.37	17.89	4.24	82.93	54.04	30.46	52.17	71.39	12.04	57.7	45.89
31	32.7	40.71	66.71	69.34	40.0	73.35	89.87	43.83	56.22	42.49	72.18	87.11	41.88	39.45	36.88	56.61	39.56	50.12	15.52	87.11	45.18	87.2	63.32	62.97	57.72	42.72	65.52	61.81	33.24	74.25	58.05	0.0	58.83	74.32	32.65	69.12	62.03	29.73	81.86	49.65	36.4	30.89	54.33	31.0	71.87	50.01	10.2	27.78	67.12	70.46	44.55	25.55	62.36	74.65	72.73	63.03	69.97	79.03	36.24	56.92	55.03	67.23	24.84	81.06	13.42	17.89	22.02	27.02	47.42	65.46	51.92	15.65	75.43	53.81	30.15	42.45	32.89	34.18	36.8	51.62	22.2	30.07
32	26.91	69.18	48.38	10.63	74.01	54.56	34.0	31.05	26.68	69.35	22.02	30.89	56.04	30.15	23.09	4.47	23.32	29.07	44.2	30.89	27.46	39.05	44.6	39.6	18.03	65.62	75.15	42.45	91.4	21.21	10.63	58.83	0.0	42.06	35.06	59.67	53.6	60.9	24.33	39.01	40.2	51.43	49.65	36.36	17.72	62.64	49.41	31.06	64.9	30.48	38.47	82.33	73.01	17.89	46.62	61.06	11.18	31.02	67.01	49.16	13.15	31.38	56.3	32.02	61.52	69.89	49.82	67.74	15.03	53.37	66.76	68.35	18.36	11.18	80.81	61.81	27.59	46.62	77.23	7.21	54.41	52.01
33	55.0	58.52	90.08	41.04	64.9	16.49	36.67	30.68	68.15	57.45	24.21	36.4	91.14	35.44	44.05	38.48	57.56	24.74	65.73	36.4	65.73	22.09	14.76	12.04	59.93	53.0	48.26	83.93	106.17	28.02	31.78	74.32	42.06	0.0	41.79	26.02	94.25	90.55	55.0	78.34	38.59	83.05	27.78	68.01	55.97	44.28	68.96	54.33	34.01	72.11	76.3	99.74	47.68	35.0	7.07	32.39	43.86	19.92	59.2	89.29	54.63	10.77	84.72	21.59	83.52	75.6	54.38	66.47	36.35	94.58	47.54	75.21	35.81	33.53	103.41	49.09	57.01	80.02	71.4	43.32	81.88	49.68
34	21.93	34.71	66.6	43.93	39.12	43.01	60.21	11.18	47.51	35.17	41.62	57.8	55.71	7.07	13.93	31.26	29.21	17.49	25.0	57.8	39.05	55.23	32.06	30.81	43.66	31.95	47.38	60.31	65.22	44.42	29.73	32.65	35.06	41.79	0.0	41.48	66.71	51.24	59.3	50.25	7.81	45.61	26.57	33.12	52.09	32.02	27.46	17.49	42.49	58.87	46.23	58.18	44.55	46.62	40.79	38.01	45.54	47.38	32.14	61.07	38.6	34.67	45.18	49.52	41.98	37.44	15.65	32.98	20.22	68.62	35.81	36.4	47.54	25.96	61.68	28.64	24.08	44.38	42.19	29.07	42.11	17.03
35	61.74	40.22	103.81	62.27	46.4	10.44	62.51	34.0	82.46	38.6	47.76	61.98	97.08	38.48	51.0	55.32	67.23	32.02	65.92	61.98	76.85	48.01	15.26	20.59	75.69	34.67	22.8	97.42	96.84	51.87	49.2	69.12	59.67	26.02	41.48	0.0	105.82	92.4	77.82	89.19	34.53	87.09	15.13	74.09	76.28	24.41	67.27	58.52	8.25	89.87	85.88	92.57	22.85	58.31	19.0	8.49	65.0	45.54	42.54	100.34	70.04	31.95	86.31	47.38	81.02	64.2	47.1	52.39	48.27	107.07	26.17	64.56	59.24	48.84	99.25	31.76	63.98	85.7	53.82	58.0	83.19	39.46
36	44.82	96.4	9.9	60.0	98.18	103.79	83.38	71.87	27.07	97.62	75.54	80.31	23.02	67.68	54.92	56.29	38.59	74.24	50.25	80.31	29.07	92.2	92.57	88.64	36.06	95.78	114.02	12.37	81.02	74.17	62.82	62.03	53.6	94.25	66.71	105.82	0.0	38.0	59.2	16.64	74.52	31.78	92.09	34.83	48.84	98.31	53.67	49.52	108.47	32.31	20.52	71.0	111.13	69.0	97.5	104.04	58.03	84.48	92.42	5.66	40.45	83.52	39.46	85.29	52.95	79.85	72.01	86.45	58.69	4.12	101.82	77.62	69.01	60.73	61.52	93.43	42.64	27.86	97.13	50.96	41.0	79.4
37	36.4	69.89	45.54	71.02	69.66	94.19	94.89	61.0	45.0	71.56	80.41	91.79	15.03	56.0	46.69	60.84	37.59	66.12	26.48	91.79	36.07	97.41	83.05	81.02	50.91	71.2	93.11	42.72	43.05	81.02	65.19	29.73	60.9	90.55	51.24	92.4	38.0	0.0	78.52	32.2	57.87	9.9	77.28	24.6	67.18	77.08	26.0	36.22	92.18	58.31	28.3	33.0	89.96	78.77	91.05	87.8	70.46	88.87	65.46	34.23	51.22	81.22	6.08	90.48	17.2	46.86	47.93	56.73	56.04	42.01	79.62	44.69	79.26	61.35	24.35	70.21	34.79	15.62	66.47	54.56	9.22	56.46
38	49.19	93.01	50.8	16.28	98.05	70.49	27.2	54.15	34.99	93.05	30.81	24.7	69.89	54.01	47.3	28.07	43.27	50.8	66.65	24.7	42.45	41.34	62.65	57.27	27.66	89.14	96.17	46.84	113.53	27.02	31.26	81.86	24.33	55.0	59.3	77.82	59.2	78.52	0.0	49.74	64.0	68.62	70.6	55.44	11.4	85.16	72.01	54.23	84.31	27.29	51.61	104.01	94.37	20.0	61.29	80.99	14.04	36.8	91.05	56.65	27.8	46.14	75.01	36.24	82.66	93.96	74.15	92.07	39.12	57.27	89.27	92.35	19.21	34.01	100.77	85.21	49.24	63.03	101.49	31.05	73.76	76.16
39	28.32	80.99	17.46	46.87	83.24	87.32	71.06	55.23	14.76	82.1	61.0	67.91	20.52	51.04	38.28	41.11	21.95	57.7	36.06	67.91	12.65	78.06	76.06	72.24	23.09	80.0	97.62	12.17	73.76	60.13	47.38	49.65	39.01	78.34	50.25	89.19	16.64	32.2	49.74	0.0	58.05	23.09	75.45	19.7	38.47	82.04	40.26	33.3	91.84	26.4	5.1	63.56	94.76	55.73	81.27	87.42	45.35	70.0	77.18	11.18	26.17	67.68	31.05	71.03	43.19	66.94	56.6	72.09	42.38	18.38	85.63	64.76	55.9	44.91	56.46	77.47	26.17	17.46	82.86	35.36	31.4	63.6
40	29.73	29.02	74.33	48.09	34.13	37.22	61.74	10.77	54.92	29.15	42.95	59.62	63.16	10.05	21.1	36.06	36.88	16.64	31.4	59.62	46.75	54.67	26.93	26.83	50.57	25.5	39.6	68.01	67.6	46.24	33.24	36.4	40.2	38.59	7.81	34.53	74.52	57.87	64.0	58.05	0.0	52.81	19.42	40.82	57.71	24.41	33.0	25.24	34.93	65.8	54.04	61.47	36.8	49.48	36.4	30.46	50.01	47.43	27.17	68.88	45.31	33.24	51.79	49.65	47.17	37.48	15.81	30.41	25.18	76.42	28.3	36.88	50.45	30.02	66.29	21.84	31.89	51.89	38.33	34.93	48.66	13.0
41	28.16	68.68	38.0	61.4	69.35	87.97	85.42	54.45	35.23	70.18	71.47	82.3	11.31	49.5	39.01	51.62	28.23	59.08	22.47	82.3	26.17	88.6	76.66	74.17	41.01	69.2	90.05	34.37	50.8	71.87	56.32	30.89	51.43	83.05	45.61	87.09	31.78	9.9	68.62	23.09	52.81	0.0	72.12	15.52	57.28	73.93	24.04	29.15	87.66	48.76	18.79	40.61	86.95	69.32	84.1	83.22	60.75	80.08	64.38	27.17	41.4	73.33	8.06	81.61	21.21	48.76	45.22	56.85	47.68	35.51	76.85	46.53	69.77	52.63	33.54	67.68	26.31	5.83	67.2	45.31	9.22	53.54
42	47.51	30.81	90.79	54.41	37.2	19.7	60.41	20.52	70.01	29.68	43.01	59.14	82.28	24.41	37.2	45.18	53.6	20.59	50.8	59.14	63.41	48.7	13.04	16.76	64.03	25.24	25.63	84.39	83.22	47.04	39.92	54.33	49.65	27.78	26.57	15.13	92.09	77.28	70.6	75.45	19.42	72.12	0.0	59.51	67.12	16.76	52.15	43.86	16.4	78.82	71.87	78.34	23.77	52.47	22.67	12.04	56.92	43.74	31.83	86.53	58.41	28.28	71.2	45.89	66.0	50.99	32.39	40.22	36.4	93.6	20.4	51.08	53.46	38.47	84.48	21.4	49.74	70.94	43.93	46.62	68.07	25.3
43	13.04	61.61	37.16	46.62	63.63	73.98	70.33	40.52	25.5	62.8	55.97	67.23	23.35	35.74	24.19	36.25	13.04	44.55	16.49	67.23	14.56	73.08	62.59	59.68	28.65	60.96	79.81	31.62	59.09	56.46	40.8	31.0	36.36	68.01	33.12	74.09	34.83	24.6	55.44	19.7	40.82	15.52	59.51	0.0	44.41	63.89	21.1	15.65	75.59	39.81	14.76	49.19	76.84	54.2	69.46	71.12	46.23	64.56	57.69	29.21	27.66	58.08	20.0	66.1	27.73	47.68	37.2	52.39	32.25	37.44	67.27	45.54	54.71	37.11	45.34	58.69	11.0	12.04	63.16	29.97	18.38	44.6
44	39.22	86.58	41.05	15.0	91.2	70.18	35.01	48.76	23.71	86.83	32.45	32.06	58.52	47.68	39.05	22.14	32.65	46.62	56.46	32.06	31.11	46.49	61.03	55.8	16.28	83.19	92.7	36.5	102.96	29.53	27.29	71.87	17.72	55.97	52.09	76.28	48.84	67.18	11.4	38.47	57.71	57.28	67.12	44.41	0.0	80.36	61.85	44.64	81.99	18.25	40.22	93.3	90.62	22.85	61.52	78.29	12.21	40.25	84.21	45.88	17.0	45.97	63.78	40.31	71.87	84.93	66.12	84.15	32.56	47.27	84.48	83.2	22.47	28.79	89.64	79.43	39.0	51.66	94.01	23.02	62.63	69.12
45	53.81	15.81	98.6	68.88	22.02	33.24	76.94	31.62	79.32	14.21	59.14	75.54	84.91	33.54	45.49	58.24	61.22	34.37	51.48	75.54	71.06	65.46	29.55	33.53	74.71	10.3	16.12	92.31	74.15	63.07	53.94	50.01	62.64	44.28	32.02	24.41	98.31	77.08	85.16	82.04	24.41	73.93	16.76	63.89	80.36	0.0	51.08	48.8	18.97	89.89	77.79	71.06	13.04	68.03	38.59	16.12	71.2	60.42	18.38	92.66	69.32	44.91	71.18	62.59	63.06	41.44	29.15	28.86	48.1	100.42	4.12	42.19	69.03	51.66	79.31	8.06	55.9	74.06	29.41	58.31	68.03	20.62
46	22.83	44.69	57.57	60.0	45.34	70.11	81.34	38.33	46.1	46.23	64.2	78.49	35.36	33.53	28.43	47.51	29.41	44.27	5.39	78.49	35.06	79.92	59.41	58.25	47.54	45.49	67.12	52.39	42.01	65.95	49.58	10.2	49.41	68.96	27.46	67.27	53.67	26.0	72.01	40.26	33.0	24.04	52.15	21.1	61.85	51.08	0.0	18.44	66.49	60.3	35.17	33.24	63.98	65.8	68.25	62.17	60.46	71.56	40.36	48.33	44.94	60.93	20.12	73.5	14.56	26.68	21.93	33.02	39.05	56.86	53.67	24.52	66.53	45.34	34.54	44.29	22.85	26.08	43.57	42.2	17.0	30.46
47	6.08	48.3	50.22	41.62	51.26	58.86	63.03	25.32	33.24	49.24	46.32	60.14	38.6	20.4	10.77	29.07	14.32	30.0	13.45	60.14	23.26	62.61	47.52	45.04	32.0	46.87	64.54	44.1	60.44	47.8	31.4	27.78	31.06	54.33	17.49	58.52	49.52	36.22	54.23	33.3	25.24	29.15	43.86	15.65	44.64	48.8	18.44	0.0	59.94	46.39	29.0	51.62	61.62	47.38	55.01	55.47	42.19	54.12	44.78	43.86	28.28	45.12	30.41	55.95	31.62	40.45	24.35	41.59	21.1	51.66	52.35	38.64	48.1	27.2	51.62	44.2	7.62	27.2	52.17	23.85	27.66	30.53
48	63.81	34.44	107.17	68.45	40.31	18.68	70.26	36.88	86.28	32.65	54.82	69.58	98.09	40.8	53.6	60.46	70.0	36.24	65.8	69.58	79.81	56.08	21.84	27.2	80.06	29.15	14.56	100.77	92.96	58.94	54.71	67.12	64.9	34.01	42.49	8.25	108.47	92.18	84.31	91.84	34.93	87.66	16.4	75.59	81.99	18.97	66.49	59.94	0.0	94.64	88.2	89.45	14.76	65.15	27.07	4.47	71.11	53.24	37.34	102.9	74.41	39.05	86.13	55.15	79.63	60.21	45.28	47.8	52.4	110.0	19.72	60.83	66.1	53.82	97.01	26.93	66.04	86.82	47.89	62.48	82.97	37.05
49	40.31	93.3	23.54	32.31	97.02	85.04	53.15	58.83	14.32	93.92	49.66	50.25	46.75	56.36	44.94	34.66	32.14	58.41	55.15	50.25	25.32	64.56	74.95	70.04	15.23	90.82	103.77	20.12	98.35	47.17	41.11	70.46	30.48	72.11	58.87	89.87	32.31	58.31	27.29	26.4	65.8	48.76	78.82	39.81	18.25	89.89	60.3	46.39	94.64	0.0	30.02	88.26	101.36	40.8	77.01	90.6	29.73	57.94	90.25	30.53	20.59	61.61	56.36	58.19	67.05	86.0	70.41	87.97	42.44	30.08	93.91	84.01	40.52	41.04	82.3	87.46	39.12	42.94	98.48	32.2	56.08	75.29
50	24.41	76.28	22.47	47.13	78.39	84.5	71.47	51.88	16.97	77.42	60.21	68.31	18.36	47.51	34.89	40.05	18.97	54.78	31.02	68.31	11.05	77.41	73.16	69.57	24.19	75.43	93.51	17.26	69.12	59.68	46.01	44.55	38.47	76.3	46.23	85.88	20.52	28.3	51.61	5.1	54.04	18.79	71.87	14.76	40.22	77.79	35.17	29.0	88.2	30.02	0.0	58.94	90.61	55.79	78.85	83.76	45.88	69.18	72.4	14.87	26.25	65.76	26.57	70.35	38.33	61.85	51.87	67.12	40.02	22.8	81.32	59.67	56.04	43.19	52.33	73.0	22.2	13.0	77.88	34.0	26.68	59.03
51	55.44	58.31	78.31	92.96	55.11	97.8	114.59	69.35	74.09	60.3	97.31	111.73	48.01	65.0	61.62	80.66	60.75	75.66	38.21	111.73	63.56	112.65	88.26	88.24	77.83	62.03	85.15	74.97	10.2	99.16	82.81	25.55	82.33	99.74	58.18	92.57	71.0	33.0	104.01	63.56	61.47	40.61	78.34	49.19	93.3	71.06	33.24	51.62	89.45	88.26	58.94	0.0	82.1	99.01	97.86	85.71	93.24	104.4	54.15	67.12	76.32	92.78	32.56	106.4	21.47	30.15	46.17	43.19	72.25	75.01	72.01	29.02	99.72	78.57	12.81	63.03	55.0	46.1	49.04	75.17	32.28	53.15
52	66.47	24.08	111.13	78.16	28.86	33.24	83.01	42.54	91.4	22.09	66.37	82.02	97.94	45.22	57.63	68.54	73.66	44.01	64.5	82.02	83.55	69.72	34.01	39.01	86.28	20.1	3.16	104.8	84.21	70.46	63.57	62.36	73.01	47.68	44.55	22.85	111.13	89.96	94.37	94.76	36.8	86.95	23.77	76.84	90.62	13.04	63.98	61.62	14.76	101.36	90.61	82.1	0.0	76.12	41.0	15.3	80.65	66.03	28.0	105.48	80.78	51.04	84.1	68.07	75.58	52.01	42.05	39.0	59.06	113.15	10.44	53.08	77.1	61.85	91.08	19.92	68.59	87.09	36.4	69.35	80.96	33.54
53	44.05	77.78	62.39	9.0	83.36	50.61	16.12	38.83	42.05	77.52	10.82	13.04	73.68	40.16	37.8	18.44	41.18	34.13	60.81	13.04	44.92	23.77	43.32	37.95	33.06	73.33	77.67	57.08	107.71	7.07	17.0	74.65	17.89	35.0	46.62	58.31	69.0	78.77	20.0	55.73	49.48	69.32	52.47	54.2	22.85	68.03	65.8	47.38	65.15	40.8	55.79	99.01	76.12	0.0	41.34	62.1	11.18	17.49	76.49	65.12	29.61	26.4	74.09	17.46	78.64	83.65	62.24	79.38	27.46	68.12	72.06	82.37	1.0	21.1	98.23	69.26	45.0	64.47	87.8	24.41	72.11	62.36
54	56.44	53.41	93.91	46.75	59.82	9.49	43.74	30.15	72.01	52.2	30.53	43.42	92.78	35.13	45.28	42.72	59.91	25.02	65.49	43.42	68.62	29.02	10.0	10.05	64.14	47.8	41.44	87.66	103.75	34.48	36.06	72.73	46.62	7.07	40.79	19.0	97.5	91.05	61.29	81.27	36.4	84.1	22.67	69.46	61.52	38.59	68.25	55.01	27.07	77.01	78.85	97.86	41.0	41.34	0.0	25.71	49.58	26.93	54.49	92.36	58.67	15.56	85.09	28.64	82.76	72.4	51.89	62.48	38.9	98.09	41.59	72.2	42.19	37.12	102.36	44.05	58.55	81.5	66.6	46.96	82.15	46.32
55	59.36	31.91	102.83	65.0	38.01	18.36	68.03	32.56	82.02	30.23	51.97	67.19	93.62	36.4	49.2	56.6	65.6	32.2	61.4	67.19	75.43	54.45	19.1	24.33	75.93	26.42	16.0	96.43	89.5	56.09	51.0	63.03	61.06	32.39	38.01	8.49	104.04	87.8	80.99	87.42	30.46	83.22	12.04	71.12	78.29	16.12	62.17	55.47	4.47	90.6	83.76	85.71	15.3	62.1	25.71	0.0	67.62	51.01	34.44	98.47	70.29	36.35	81.74	53.0	75.43	56.75	41.11	44.6	48.27	105.6	17.69	57.27	63.06	49.93	93.01	23.77	61.59	82.35	45.49	58.41	78.59	33.0
56	37.8	79.0	51.24	2.83	84.1	58.41	25.71	40.11	31.26	79.03	20.25	22.56	64.08	40.05	34.18	14.32	33.3	36.88	55.22	22.56	35.34	34.93	49.74	44.42	22.36	75.11	82.54	46.01	102.42	17.46	17.26	69.97	11.18	43.86	45.54	65.0	58.03	70.46	14.04	45.35	50.01	60.75	56.92	46.23	12.21	71.2	60.46	42.19	71.11	29.73	45.88	93.24	80.65	11.18	49.58	67.62	0.0	28.23	77.1	54.33	19.7	34.06	66.22	28.46	72.25	80.99	60.64	78.45	25.32	57.04	75.31	79.48	11.05	20.0	91.24	71.18	38.29	55.57	87.69	18.36	64.54	62.29
57	52.55	72.8	78.64	25.63	78.92	36.4	17.03	37.01	57.43	72.11	9.0	16.49	86.15	40.31	43.42	29.15	52.17	30.81	67.23	16.49	58.14	8.54	32.02	27.17	48.51	67.68	67.01	72.99	112.16	10.77	23.77	79.03	31.02	19.92	47.38	45.54	84.48	88.87	36.8	70.0	47.43	80.08	43.74	64.56	40.25	60.42	71.56	54.12	53.24	57.94	69.18	104.4	66.03	17.49	26.93	51.01	28.23	0.0	72.5	80.16	44.1	15.52	83.57	2.24	85.59	84.5	62.48	77.7	33.11	84.01	64.13	83.63	18.03	27.51	105.68	63.57	54.08	75.93	84.53	35.36	81.15	60.21
58	50.7	4.47	94.51	75.24	7.0	50.61	87.92	37.66	77.83	6.32	69.26	86.02	75.69	37.05	45.71	63.01	58.87	42.72	42.52	86.02	68.03	78.77	44.69	47.43	75.19	8.25	31.02	88.59	56.32	72.8	60.41	36.24	67.01	59.2	32.14	42.54	92.42	65.46	91.05	77.18	27.17	64.38	31.83	57.69	84.21	18.38	40.36	44.78	37.34	90.25	72.4	54.15	28.0	76.49	54.49	34.44	77.1	72.5	0.0	86.84	70.41	57.25	60.0	74.73	49.65	24.02	20.59	11.0	52.0	95.13	18.25	25.18	77.47	57.14	63.56	10.82	52.39	65.86	12.21	61.2	57.01	15.13
59	39.2	90.8	11.4	56.14	92.65	98.49	79.91	66.37	23.09	92.01	71.18	76.79	19.65	62.13	49.4	51.62	33.12	68.88	44.78	76.79	23.77	88.02	87.24	83.38	32.06	90.14	108.37	10.63	77.23	70.01	58.05	56.92	49.16	89.29	61.07	100.34	5.66	34.23	56.65	11.18	68.88	27.17	86.53	29.21	45.88	92.66	48.33	43.86	102.9	30.53	14.87	67.12	105.48	65.12	92.36	98.47	54.33	80.16	86.84	0.0	36.06	78.59	35.06	81.06	48.37	74.67	66.4	81.01	53.49	8.54	96.17	72.45	65.19	55.79	58.25	87.78	37.01	22.8	91.71	46.1	36.35	73.76
60	22.56	73.25	35.47	20.88	77.28	66.03	45.22	38.28	13.6	73.76	35.13	42.06	44.38	35.78	24.74	16.16	15.65	38.21	39.56	42.06	15.65	52.0	55.44	50.8	5.66	70.52	83.22	29.41	85.96	34.01	22.85	55.03	13.15	54.63	38.6	70.04	40.45	51.22	27.8	26.17	45.31	41.4	58.41	27.66	17.0	69.32	44.94	28.28	74.41	20.59	26.25	76.32	80.78	29.61	58.67	70.29	19.7	44.1	70.41	36.06	0.0	43.86	47.38	45.01	54.92	68.73	51.16	69.07	22.02	40.26	73.35	66.91	29.83	21.63	73.0	67.07	22.14	36.06	79.31	12.04	46.01	55.32
61	45.18	57.38	79.31	31.24	63.56	24.41	32.14	23.6	57.38	56.65	15.81	31.0	81.01	27.78	34.53	27.73	47.17	17.2	57.25	31.0	55.11	21.63	17.26	12.04	49.19	52.2	52.24	73.16	99.86	19.92	21.02	67.23	31.38	10.77	34.67	31.95	83.52	81.22	46.14	67.68	33.24	73.33	28.28	58.08	45.97	44.91	60.93	45.12	39.05	61.61	65.76	92.78	51.04	26.4	15.56	36.35	34.06	15.52	57.25	78.59	43.86	0.0	75.5	17.72	75.39	70.71	48.84	63.01	26.02	83.82	48.66	70.04	27.31	22.8	95.46	48.1	47.1	70.03	69.35	32.57	72.78	45.61
62	31.02	64.4	46.01	66.61	64.44	88.14	90.21	55.01	42.54	66.03	75.24	87.13	17.46	50.01	41.0	55.95	33.02	60.21	20.4	87.13	32.8	92.11	77.03	75.06	47.63	65.51	87.24	42.43	42.76	76.03	60.01	24.84	56.3	84.72	45.18	86.31	39.46	6.08	75.01	31.05	51.79	8.06	71.2	20.0	63.78	71.18	20.12	30.41	86.13	56.36	26.57	32.56	84.1	74.09	85.09	81.74	66.22	83.57	60.0	35.06	47.38	75.5	0.0	85.23	13.6	42.44	42.05	51.62	50.6	43.29	73.79	40.22	74.63	56.08	26.08	64.41	29.55	13.6	61.62	49.74	3.16	50.57
63	54.23	75.03	79.25	25.96	81.15	38.08	15.13	39.2	58.22	74.33	10.2	14.87	87.48	42.45	45.28	30.41	53.6	33.02	69.12	14.87	59.3	7.07	34.06	29.27	49.25	69.89	69.0	73.68	114.21	11.18	25.3	81.06	32.02	21.59	49.52	47.38	85.29	90.48	36.24	71.03	49.65	81.61	45.89	66.1	40.31	62.59	73.5	55.95	55.15	58.19	70.35	106.4	68.07	17.46	28.64	53.0	28.46	2.24	74.73	81.06	45.01	17.72	85.23	0.0	87.46	86.68	64.66	79.92	34.89	84.72	66.29	85.8	17.89	29.15	107.54	65.79	55.71	77.37	86.76	36.67	82.86	62.43
64	34.66	54.12	59.08	72.14	53.25	84.38	94.49	52.89	52.81	55.9	77.94	91.55	31.02	48.08	42.19	60.21	39.41	58.82	18.36	91.55	42.15	94.02	73.82	72.78	56.36	56.08	78.75	55.04	31.38	79.4	63.01	13.42	61.52	83.52	41.98	81.02	52.95	17.2	82.66	43.19	47.17	21.21	66.0	27.73	71.87	63.06	14.56	31.62	79.63	67.05	38.33	21.47	75.58	78.64	82.76	75.43	72.25	85.59	49.65	48.37	54.92	75.39	13.6	87.46	0.0	29.73	34.37	40.22	52.7	56.72	65.15	27.59	79.31	58.82	20.12	55.66	33.97	26.0	49.58	54.45	12.04	42.76
65	46.27	28.16	84.2	79.85	25.3	70.68	97.64	47.51	72.06	30.15	79.06	95.19	59.68	44.41	46.82	66.85	54.08	53.81	31.26	95.19	61.13	92.02	62.43	63.6	72.25	32.02	55.04	79.08	32.76	81.84	66.65	17.89	69.89	75.6	37.44	64.2	79.85	46.86	93.96	66.94	37.48	48.76	50.99	47.68	84.93	41.44	26.68	40.45	60.21	86.0	61.85	30.15	52.01	83.65	72.4	56.75	80.99	84.5	24.02	74.67	68.73	70.71	42.44	86.68	29.73	0.0	22.02	13.04	56.36	83.22	42.05	2.24	84.53	62.61	40.16	33.38	47.1	52.0	20.25	62.94	39.96	26.08
66	30.36	24.41	73.93	59.2	26.93	51.66	75.8	25.5	57.57	25.61	57.14	73.43	56.4	22.47	27.07	46.32	38.6	31.83	22.8	73.43	47.54	70.04	42.15	42.54	55.58	24.08	45.19	68.0	51.88	60.03	45.31	22.02	49.82	54.38	15.65	47.1	72.01	47.93	74.15	56.6	15.81	45.22	32.39	37.2	66.12	29.15	21.93	24.35	45.28	70.41	51.87	46.17	42.05	62.24	51.89	41.11	60.64	62.48	20.59	66.4	51.16	48.84	42.05	64.66	34.37	22.02	0.0	18.03	35.44	74.63	31.76	21.21	63.16	41.44	52.15	22.47	31.95	46.01	28.16	43.29	38.91	8.54
67	47.68	15.13	89.55	76.9	13.04	59.68	92.14	41.15	74.73	17.12	73.35	89.96	68.12	39.22	45.1	64.13	55.9	47.01	36.24	89.96	64.29	84.63	52.5	54.45	73.33	19.1	42.01	83.93	45.4	76.56	62.64	27.02	67.74	66.47	32.98	52.39	86.45	56.73	92.07	72.09	30.41	56.85	40.22	52.39	84.15	28.86	33.02	41.59	47.8	87.97	67.12	43.19	39.0	79.38	62.48	44.6	78.45	77.7	11.0	81.01	69.07	63.01	51.62	79.92	40.22	13.04	18.03	0.0	53.15	89.47	29.15	14.32	80.32	58.94	52.89	20.88	49.03	59.08	10.77	61.29	48.8	17.49
68	19.65	54.15	55.76	23.77	59.0	45.18	42.45	16.55	34.21	54.33	25.24	39.7	55.0	15.13	10.63	11.05	21.21	16.28	34.41	39.7	29.73	41.63	34.13	29.97	27.66	50.64	61.4	49.4	80.62	26.91	10.63	47.42	15.03	36.35	20.22	48.27	58.69	56.04	39.12	42.38	25.18	47.68	36.4	32.25	32.56	48.1	39.05	21.1	52.4	42.44	40.02	72.25	59.06	27.46	38.9	48.27	25.32	33.11	52.0	53.49	22.02	26.02	50.6	34.89	52.7	56.36	35.44	53.15	0.0	59.48	52.2	55.01	28.3	6.4	72.72	46.87	21.38	44.1	62.39	10.3	48.1	37.05
69	46.69	99.05	6.71	59.14	101.02	104.66	82.1	73.24	26.68	100.21	75.13	79.06	27.07	69.2	56.4	56.32	40.0	75.29	53.24	79.06	30.23	91.55	93.54	89.44	35.51	98.23	116.0	11.05	85.05	73.55	62.94	65.46	53.37	94.58	68.62	107.07	4.12	42.01	57.27	18.38	76.42	35.51	93.6	37.44	47.27	100.42	56.86	51.66	110.0	30.08	22.8	75.01	113.15	68.12	98.09	105.6	57.04	84.01	95.13	8.54	40.26	83.82	43.29	84.72	56.72	83.22	74.63	89.47	59.48	0.0	104.0	80.99	68.07	61.1	65.62	95.78	44.55	31.32	100.18	51.26	44.72	81.84
70	57.49	14.87	102.3	72.99	20.59	35.61	80.75	35.74	83.22	13.0	63.07	79.4	87.92	37.58	49.4	62.36	65.0	38.47	54.38	79.4	74.81	68.96	32.89	37.11	78.71	10.05	13.6	96.05	74.55	67.03	58.05	51.92	66.76	47.54	35.81	26.17	101.82	79.62	89.27	85.63	28.3	76.85	20.4	67.27	84.48	4.12	53.67	52.35	19.72	93.91	81.32	72.01	10.44	72.06	41.59	17.69	75.31	64.13	18.25	96.17	73.35	48.66	73.79	66.29	65.15	42.05	31.76	29.15	52.2	104.0	0.0	43.0	73.06	55.79	80.75	9.49	59.55	77.2	28.18	62.39	70.66	23.32
71	44.41	29.43	82.01	78.39	26.93	70.77	96.52	46.69	70.03	31.4	78.01	94.03	57.45	43.42	45.31	65.39	52.15	53.04	29.15	94.03	59.08	91.24	62.27	63.25	70.35	33.02	56.14	76.9	32.28	80.71	65.37	15.65	68.35	75.21	36.4	64.56	77.62	44.69	92.35	64.76	36.88	46.53	51.08	45.54	83.2	42.19	24.52	38.64	60.83	84.01	59.67	29.02	53.08	82.37	72.2	57.27	79.48	83.63	25.18	72.45	66.91	70.04	40.22	85.8	27.59	2.24	21.21	14.32	55.01	80.99	43.0	0.0	83.24	61.29	38.6	34.13	45.18	49.77	22.2	61.35	37.74	25.94
72	44.69	78.77	62.29	9.06	84.34	51.48	15.65	39.81	42.11	78.52	11.66	12.53	74.0	41.11	38.6	19.1	41.68	35.13	61.52	12.53	45.22	24.04	44.27	38.9	33.14	74.33	78.64	57.04	108.47	7.81	17.89	75.43	18.36	35.81	47.54	59.24	69.01	79.26	19.21	55.9	50.45	69.77	53.46	54.71	22.47	69.03	66.53	48.1	66.1	40.52	56.04	99.72	77.1	1.0	42.19	63.06	11.05	18.03	77.47	65.19	29.83	27.31	74.63	17.89	79.31	84.53	63.16	80.32	28.3	68.07	73.06	83.24	0.0	21.95	98.86	70.26	45.61	64.88	88.77	25.0	72.67	63.32
73	25.08	59.0	56.8	18.11	64.12	44.41	36.07	20.22	34.89	59.03	19.24	33.3	59.21	20.1	16.97	6.71	25.08	17.89	40.61	33.3	32.39	36.06	33.97	29.21	27.2	55.15	63.98	50.57	87.0	20.62	4.24	53.81	11.18	33.53	25.96	48.84	60.73	61.35	34.01	44.91	30.02	52.63	38.47	37.11	28.79	51.66	45.34	27.2	53.82	41.04	43.19	78.57	61.85	21.1	37.12	49.93	20.0	27.51	57.14	55.79	21.63	22.8	56.08	29.15	58.82	62.61	41.44	58.94	6.4	61.1	55.79	61.29	21.95	0.0	78.77	51.24	26.57	48.66	67.9	9.85	53.71	42.43
74	54.2	67.91	69.63	91.35	65.46	103.41	114.2	72.73	68.6	69.86	97.94	111.21	38.64	68.01	62.27	79.81	57.98	78.77	38.47	111.21	58.82	114.13	93.17	92.44	73.6	71.02	94.2	67.05	20.88	99.3	82.93	30.15	80.81	103.41	61.68	99.25	61.52	24.35	100.77	56.46	66.29	33.54	84.48	45.34	89.64	79.31	34.54	51.62	97.01	82.3	52.33	12.81	91.08	98.23	102.36	93.01	91.24	105.68	63.56	58.25	73.0	95.46	26.08	107.54	20.12	40.16	52.15	52.89	72.72	65.62	80.75	38.6	98.86	78.77	0.0	71.45	53.26	39.36	60.01	73.88	27.02	60.01
75	49.65	9.43	94.4	69.07	15.81	39.82	79.56	31.06	76.06	8.54	61.19	77.88	78.82	31.78	42.54	57.56	57.45	35.13	45.22	77.88	67.12	69.35	34.41	37.59	72.24	4.12	23.09	88.23	66.1	64.94	54.04	42.45	61.81	49.09	28.64	31.76	93.43	70.21	85.21	77.47	21.84	67.68	21.4	58.69	79.43	8.06	44.29	44.2	26.93	87.46	73.0	63.03	19.92	69.26	44.05	23.77	71.18	63.57	10.82	87.78	67.07	48.1	64.41	65.79	55.66	33.38	22.47	20.88	46.87	95.78	9.49	34.13	70.26	51.24	71.45	0.0	51.61	68.25	22.63	56.75	61.29	14.21
76	2.24	55.9	42.8	38.18	58.87	63.32	61.03	30.08	25.71	56.82	45.69	58.01	34.23	25.5	13.34	26.63	7.0	33.73	17.46	58.01	15.65	62.63	51.92	48.84	25.18	54.38	71.45	36.62	64.35	46.53	30.46	32.89	27.59	57.01	24.08	63.98	42.64	34.79	49.24	26.17	31.89	26.31	49.74	11.0	39.0	55.9	22.85	7.62	66.04	39.12	22.2	55.0	68.59	45.0	58.55	61.59	38.29	54.08	52.39	37.01	22.14	47.1	29.55	55.71	33.97	47.1	31.95	49.03	21.38	44.55	59.55	45.18	45.61	26.57	53.26	51.61	0.0	23.02	59.67	20.62	27.29	38.08
77	25.08	70.04	33.14	56.36	71.22	85.91	80.53	52.39	29.41	71.42	67.19	77.39	11.4	47.54	36.22	47.13	23.77	56.57	23.35	77.39	20.62	84.4	74.53	71.7	35.38	70.09	90.14	29.07	56.29	67.36	52.17	34.18	46.62	80.02	44.38	85.7	27.86	15.62	63.03	17.46	51.89	5.83	70.94	12.04	51.66	74.06	26.08	27.2	86.82	42.94	13.0	46.1	87.09	64.47	81.5	82.35	55.57	75.93	65.86	22.8	36.06	70.03	13.6	77.37	26.0	52.0	46.01	59.08	44.1	31.32	77.2	49.77	64.88	48.66	39.36	68.25	23.02	0.0	69.64	40.8	14.04	54.04
78	58.25	13.6	100.32	85.99	7.62	62.37	99.72	49.04	85.38	15.26	80.99	97.74	78.41	47.85	55.01	73.44	66.49	54.42	46.96	97.74	75.0	90.92	56.85	59.64	83.73	19.21	39.05	94.7	49.16	84.43	71.39	36.8	77.23	71.4	42.19	53.82	97.13	66.47	101.49	82.86	38.33	67.2	43.93	63.16	94.01	29.41	43.57	52.17	47.89	98.48	77.88	49.04	36.4	87.8	66.6	45.49	87.69	84.53	12.21	91.71	79.31	69.35	61.62	86.76	49.58	20.25	28.16	10.77	62.39	100.18	28.18	22.2	88.77	67.9	60.01	22.63	59.67	69.64	0.0	71.03	58.9	25.5
79	19.8	63.64	46.96	17.8	68.18	54.08	40.5	26.83	25.06	63.95	26.48	37.44	50.8	25.0	16.28	6.32	17.09	26.25	37.01	37.44	23.02	43.74	43.42	38.83	17.69	60.42	71.69	40.72	84.2	26.57	12.04	51.62	7.21	43.32	29.07	58.0	50.96	54.56	31.05	35.36	34.93	45.31	46.62	29.97	23.02	58.31	42.2	23.85	62.48	32.2	34.0	75.17	69.35	24.41	46.96	58.41	18.36	35.36	61.2	46.1	12.04	32.57	49.74	36.67	54.45	62.94	43.29	61.29	10.3	51.26	62.39	61.35	25.0	9.85	73.88	56.75	20.62	40.8	71.03	0.0	47.71	46.1
80	28.64	61.4	47.04	64.82	61.55	85.09	88.2	52.04	42.05	63.01	72.92	85.15	19.72	47.04	38.33	53.85	31.24	57.31	17.26	85.15	31.91	89.69	74.01	72.11	46.62	62.43	84.1	43.1	42.45	73.82	57.7	22.2	54.41	81.88	42.11	83.19	41.0	9.22	73.76	31.4	48.66	9.22	68.07	18.38	62.63	68.03	17.0	27.66	82.97	56.08	26.68	32.28	80.96	72.11	82.15	78.59	64.54	81.15	57.01	36.35	46.01	72.78	3.16	82.86	12.04	39.96	38.91	48.8	48.1	44.72	70.66	37.74	72.67	53.71	27.02	61.29	27.29	14.04	58.9	47.71	0.0	47.42
81	36.24	18.03	80.71	60.53	22.09	44.94	74.73	23.77	63.16	18.79	55.95	72.62	64.64	22.36	30.59	48.09	44.28	29.53	31.06	72.62	53.71	67.2	36.36	37.64	60.17	16.4	36.67	74.63	57.94	59.24	45.89	30.07	52.01	49.68	17.03	39.46	79.4	56.46	76.16	63.6	13.0	53.54	25.3	44.6	69.12	20.62	30.46	30.53	37.05	75.29	59.03	53.15	33.54	62.36	46.32	33.0	62.29	60.21	15.13	73.76	55.32	45.61	50.57	62.43	42.76	26.08	8.54	17.49	37.05	81.84	23.32	25.94	63.32	42.43	60.01	14.21	38.08	54.04	25.5	46.1	47.42	0.0
;
