vehicles
vehicle_idx, capacity, cost_per_unit_distance
1,100,1
2,100,1
3,100,1
4,100,1
5,100,1
6,100,1
7,100,1
8,100,1
9,100,1
10,100,1
depot
node_idx,x,y
0,92,92
home delivery customers
node_idx,x,y,service_time,demand
1,88,58,15,24
2,57,59,15,23
3,0,98,15,5
4,65,22,15,23
5,91,52,15,26
6,3,54,15,23
7,95,38,15,9
8,79,74,15,12
9,99,25,15,2
10,20,43,15,2
11,97,0,15,26
12,21,19,15,12
13,100,61,15,13
14,11,85,15,26
15,69,22,15,7
16,29,35,15,12
17,14,9,15,4
18,50,33,15,4
19,60,25,15,9
20,48,42,15,2
21,21,50,15,1
22,77,18,15,2
23,2,4,15,2
24,63,83,15,12
25,48,54,15,21
26,98,73,15,13
27,26,38,15,13
28,69,76,15,23
29,65,41,15,6
30,32,39,15,11
31,14,24,15,2
32,82,98,15,13
33,87,19,15,6
34,15,63,15,2
35,10,45,15,14
36,7,30,15,7
37,36,93,15,7
38,50,31,15,22
39,39,10,15,22
40,76,40,15,18
41,46,6,15,9
42,94,30,15,12
43,26,76,15,2
44,75,92,15,12
45,57,51,15,19
46,34,21,15,6
47,59,66,15,2
48,51,16,15,2
49,87,11,15,24
self pickup customers
node_idx,x,y,service_time,demand,locker_idxs
50,61,38,15,11,92-80-88-91-93-87-84-90
51,59,2,15,9,80-83-84-93-87
52,80,28,15,14,80-90-84-93-87
53,66,42,15,16,88-91-90-80-84-87-93
54,40,3,15,6,86-83-92-93
55,50,42,15,20,84-93-87-88-91-83-92-89
56,36,21,15,15,86-89-83-92-87-93
57,89,17,15,20,80-93-84-87-90
58,17,93,15,9,81-85-88
59,68,6,15,14,80-90-84-93-87
60,41,95,15,23,81-85-82-88-91
61,40,1,15,3,92-86-83
62,14,86,15,23,81-85-88
63,23,85,15,10,91-88-85-81
64,56,75,15,13,81-85-82-88-91-87
65,31,11,15,21,86-83-89-92
66,49,52,15,13,82-85-88-84-91-93-87-89-92
67,83,34,15,22,80-90-84-91-93-87
68,33,51,15,6,81-85-88-86-89-92-91-83-87
69,0,15,15,2,86-83-89-92
70,52,82,15,5,82-85-88-81-91
71,3,26,15,9,89-86-92-83
72,46,80,15,5,82-85-88-81-91
flexible customers
node_idx,x,y,service_time,demand,locker_idxs
73,70,6,15,22,80-84-93-90-87
74,69,35,15,17,80-90-84-93-87-91
75,57,44,15,10,92-89-93-87-84-88-91-90
76,96,5,15,7,80-90-84-93-87
77,63,69,15,3,93-90-87-85-91-88-82
78,52,82,15,11,81-85-82-88-91
79,28,80,15,14,82-81-85-88-91-89
lockers
node_idx,x,y,service_time,capacity,cost_per_unit_good
80,93,12,10,94,100
81,22,88,10,81,100
82,65,88,10,81,100
83,25,15,10,92,100
84,82,29,10,93,100
85,40,87,10,75,100
86,14,19,10,75,100
87,68,35,10,92,100
88,52,75,10,71,100
89,18,41,10,73,100
90,92,39,10,76,100
91,54,62,10,100,100
92,22,28,10,81,100
93,72,29,10,95,100
mrt lines
start_node_idx,end_node_idx,freight_capacity,cost_per_unit_good
80,81,94,1
81,80,94,1
82,83,92,1
83,82,92,1
distance matrix
,0,1,2,3,4,5,6,7,8,9,10,11,12,13,14,15,16,17,18,19,20,21,22,23,24,25,26,27,28,29,30,31,32,33,34,35,36,37,38,39,40,41,42,43,44,45,46,47,48,49,50,51,52,53,54,55,56,57,58,59,60,61,62,63,64,65,66,67,68,69,70,71,72,73,74,75,76,77,78,79,80,81,82,83,84,85,86,87,88,89,90,91,92,93,
0,0.0,34.23,48.1,92.2,75.03,40.01,96.77,54.08,22.2,67.36,87.09,92.14,101.83,32.02,81.3,73.68,84.96,113.9,72.42,74.25,66.6,82.49,75.5,125.87,30.36,58.14,19.92,85.28,28.02,57.71,80.06,103.48,11.66,73.17,82.28,94.51,105.21,56.01,74.06,97.64,54.41,97.53,62.03,67.91,17.0,53.91,91.68,42.01,86.35,81.15,62.27,95.86,65.12,56.36,103.08,65.3,90.43,75.06,75.01,89.29,51.09,104.81,78.23,69.35,39.81,101.4,58.73,58.69,71.85,119.97,41.23,110.8,47.54,88.77,61.47,59.41,87.09,37.01,41.23,65.12,80.01,70.11,27.29,102.07,63.79,52.24,106.83,61.85,43.46,89.87,53.0,48.41,94.85,66.1
1,34.23,0.0,31.02,96.66,42.72,6.71,85.09,21.19,18.36,34.79,69.63,58.69,77.52,12.37,81.6,40.71,63.32,88.75,45.49,43.28,43.08,67.48,41.48,101.55,35.36,40.2,18.03,65.15,26.17,28.6,59.14,81.44,40.45,39.01,73.17,79.08,85.7,62.68,46.62,68.59,21.63,66.84,28.64,64.56,36.4,31.78,65.46,30.08,55.97,47.01,33.6,63.06,31.05,27.2,73.0,41.23,63.82,41.01,79.16,55.71,59.82,74.52,79.12,70.38,36.24,73.88,39.46,24.52,55.44,97.94,43.27,90.82,47.41,55.03,29.83,34.01,53.6,27.31,43.27,63.91,46.27,72.5,37.8,76.28,29.61,56.08,83.65,30.48,39.81,72.03,19.42,34.23,72.5,33.12
2,48.1,31.02,0.0,69.07,37.85,34.71,54.23,43.42,26.63,54.04,40.31,71.28,53.81,43.05,52.84,38.9,36.88,65.95,26.93,34.13,19.24,37.11,45.62,77.78,24.74,10.3,43.32,37.44,20.81,19.7,32.02,55.44,46.32,50.0,42.19,49.04,57.8,39.96,28.86,52.2,26.87,54.13,47.01,35.36,37.59,8.0,44.42,7.28,43.42,56.6,21.38,57.04,38.6,19.24,58.52,18.38,43.42,52.8,52.5,54.13,39.4,60.44,50.77,42.8,16.03,54.59,10.63,36.07,25.3,72.01,23.54,63.29,23.71,54.57,26.83,15.0,66.61,11.66,23.54,35.81,59.2,45.45,30.08,54.41,39.05,32.76,58.73,26.4,16.76,42.95,40.31,4.24,46.75,33.54
3,92.2,96.66,69.07,0.0,100.0,101.97,44.1,112.36,82.57,123.0,58.52,137.89,81.74,106.63,17.03,102.65,69.35,90.09,82.01,94.49,73.76,52.39,111.04,94.02,64.76,65.12,101.14,65.39,72.42,86.45,67.12,75.31,82.0,117.52,38.08,53.94,68.36,36.35,83.6,96.25,95.6,102.86,116.02,34.06,75.24,73.88,84.17,67.12,96.57,123.04,85.56,112.68,106.3,86.56,103.08,75.07,85.0,120.34,17.72,114.4,41.11,104.92,18.44,26.42,60.54,92.36,67.21,104.81,57.43,83.0,54.41,72.06,49.4,115.6,93.43,78.52,133.66,69.35,54.41,33.29,126.67,24.17,65.76,86.68,107.17,41.48,80.23,92.7,56.86,59.77,109.29,64.9,73.38,99.72
4,75.03,42.72,37.85,100.0,0.0,39.7,69.77,34.0,53.85,34.13,49.66,38.83,44.1,52.4,82.98,4.0,38.28,52.63,18.6,5.83,26.25,52.15,12.65,65.52,61.03,36.24,60.75,42.15,54.15,19.0,37.12,51.04,77.88,22.2,64.66,59.62,58.55,76.69,17.49,28.64,21.1,24.84,30.08,66.61,70.71,30.08,31.02,44.41,15.23,24.6,16.49,20.88,16.16,20.02,31.4,25.0,29.02,24.52,85.7,16.28,76.84,32.65,81.84,75.72,53.76,35.74,34.0,21.63,43.19,65.38,61.39,62.13,61.03,16.76,13.6,23.41,35.36,47.04,61.39,68.8,29.73,78.77,66.0,40.61,18.38,69.64,51.09,13.34,54.57,50.7,31.91,41.48,43.42,9.9
5,40.01,6.71,34.71,101.97,39.7,0.0,88.02,14.56,25.06,28.16,71.57,52.35,77.39,12.73,86.54,37.2,64.29,88.19,45.19,41.11,44.15,70.03,36.77,101.12,41.77,43.05,22.14,66.49,32.56,28.23,60.42,81.93,46.87,33.24,76.79,81.3,86.83,68.6,46.07,66.84,19.21,64.35,22.2,69.29,43.08,34.01,64.88,34.93,53.81,41.19,33.11,59.36,26.4,26.93,70.72,42.2,63.13,35.06,84.6,51.43,65.95,72.12,84.17,75.58,41.88,72.67,42.0,19.7,58.01,98.23,49.2,91.76,53.0,50.57,27.8,34.93,47.27,32.76,49.2,68.94,40.05,77.83,44.41,75.66,24.7,61.85,83.77,28.6,45.28,73.82,13.04,38.33,73.05,29.83
6,96.77,85.09,54.23,44.1,69.77,88.02,0.0,93.38,78.59,100.28,20.25,108.41,39.36,97.25,32.02,73.35,32.2,46.32,51.48,63.95,46.57,18.44,82.29,50.01,66.64,45.0,96.88,28.02,69.57,63.35,32.65,31.95,90.43,91.0,15.0,11.4,24.33,51.09,52.33,56.85,74.33,64.44,94.11,31.83,81.41,54.08,45.28,57.27,61.22,94.37,60.17,76.42,81.27,64.13,63.01,48.51,46.67,93.62,41.44,80.8,55.9,64.64,33.84,36.89,57.01,51.31,46.04,82.46,30.15,39.12,56.44,28.0,50.25,82.42,68.68,54.92,105.12,61.85,56.44,36.07,99.32,38.95,70.71,44.78,82.86,49.58,36.69,67.72,53.31,19.85,90.26,51.62,32.2,73.39
7,54.08,21.19,43.42,112.36,34.0,14.56,93.38,0.0,39.4,13.6,75.17,38.05,76.4,23.54,96.25,30.53,66.07,86.03,45.28,37.34,47.17,74.97,26.91,99.02,55.22,49.65,35.13,69.0,46.04,30.15,63.01,82.2,61.39,20.62,83.82,85.29,88.36,80.66,45.54,62.61,19.1,58.52,8.06,78.77,57.58,40.16,63.32,45.61,49.19,28.16,34.0,50.91,18.03,29.27,65.19,45.18,61.4,21.84,95.44,41.87,78.52,66.29,94.15,85.98,53.76,69.46,48.08,12.65,63.35,97.74,61.52,92.78,64.54,40.61,26.17,38.47,33.02,44.55,61.52,79.08,26.08,88.48,58.31,73.68,15.81,73.66,83.2,27.17,56.73,77.06,3.16,47.51,73.68,24.7
8,22.2,18.36,26.63,82.57,53.85,25.06,78.59,39.4,0.0,52.92,66.65,76.16,79.93,24.7,68.88,52.95,63.41,91.92,50.22,52.55,44.55,62.77,56.04,104.06,18.36,36.89,19.03,64.07,10.2,35.85,58.6,82.01,24.19,55.58,64.94,74.85,84.38,47.01,51.87,75.47,34.13,75.58,46.49,53.04,18.44,31.83,69.53,21.54,64.4,63.51,40.25,74.73,46.01,34.54,81.01,43.19,68.25,57.87,64.85,68.88,43.42,82.76,66.1,57.07,23.02,79.2,37.2,40.2,51.43,98.6,28.16,89.89,33.54,68.59,40.26,37.2,71.06,16.76,28.16,51.35,63.56,58.69,19.8,79.98,45.1,41.11,85.15,40.52,27.02,69.35,37.34,27.73,73.25,45.54
9,67.36,34.79,54.04,123.0,34.13,28.16,100.28,13.6,52.92,0.0,81.02,25.08,78.23,36.01,106.51,30.15,70.71,86.49,49.65,39.0,53.76,81.91,23.09,99.25,68.26,58.67,48.01,74.15,59.17,37.58,68.45,85.01,74.95,13.42,92.2,91.22,92.14,92.7,49.37,61.85,27.46,56.3,7.07,89.05,71.17,49.4,65.12,57.28,48.84,18.44,40.16,46.14,19.24,37.12,62.97,51.87,63.13,12.81,106.53,36.36,90.91,63.69,104.62,96.83,65.95,69.43,56.82,18.36,70.94,99.5,73.88,96.01,76.38,34.67,31.62,46.1,20.22,56.85,73.88,89.81,14.32,99.49,71.59,74.67,17.46,85.59,85.21,32.57,68.62,82.57,15.65,58.26,77.06,27.29
10,87.09,69.63,40.31,58.52,49.66,71.57,20.25,75.17,66.65,81.02,0.0,88.19,24.02,82.0,42.95,53.31,12.04,34.53,31.62,43.86,28.02,7.07,62.24,42.95,58.73,30.08,83.57,7.81,59.08,45.04,12.65,19.92,82.88,71.17,20.62,10.2,18.38,52.5,32.31,38.08,56.08,45.22,75.13,33.54,73.66,37.85,26.08,45.28,41.11,74.25,41.3,56.59,61.85,46.01,44.72,30.02,27.2,73.74,50.09,60.61,56.08,46.52,43.42,42.11,48.17,33.84,30.36,63.64,15.26,34.41,50.45,24.04,45.22,62.2,49.65,37.01,84.97,50.25,50.45,37.85,79.31,45.04,63.64,28.44,63.56,48.33,24.74,48.66,45.25,2.83,72.11,38.95,15.13,53.85
11,92.14,58.69,71.28,137.89,38.83,52.35,108.41,38.05,76.16,25.08,88.19,0.0,78.34,61.07,120.92,35.61,76.48,83.49,57.43,44.65,64.54,90.97,26.91,95.08,89.69,72.92,73.01,80.53,80.99,52.01,75.8,86.4,99.14,21.47,103.41,97.95,94.87,111.22,56.3,58.86,45.18,51.35,30.15,104.0,94.59,64.82,66.41,76.16,48.7,14.87,52.35,38.05,32.76,52.2,57.08,63.03,64.51,18.79,122.67,29.61,110.28,57.01,119.52,112.7,85.48,66.91,70.77,36.77,81.84,98.15,93.54,97.53,94.87,27.66,44.82,59.46,5.1,76.92,93.54,105.65,12.65,115.62,93.64,73.55,32.65,104.01,85.15,45.45,87.46,89.01,39.32,75.45,80.06,38.29
12,101.83,77.52,53.81,81.74,44.1,77.39,39.36,76.4,79.93,78.23,24.02,78.34,0.0,89.47,66.75,48.09,17.89,12.21,32.2,39.46,35.47,31.0,56.01,24.21,76.55,44.2,94.05,19.65,74.52,49.19,22.83,8.6,99.81,66.0,44.41,28.23,17.8,75.5,31.38,20.12,58.87,28.18,73.82,57.22,90.8,48.17,13.15,60.44,30.15,66.48,44.28,41.63,59.68,50.54,24.84,37.01,15.13,68.03,74.11,48.76,78.59,26.17,67.36,66.03,66.04,12.81,43.28,63.79,34.18,21.38,70.21,19.31,65.92,50.7,50.6,43.83,76.3,65.3,70.21,61.4,72.34,69.01,81.84,5.66,61.81,70.6,7.0,49.65,64.01,22.2,73.76,54.2,9.06,51.97
13,32.02,12.37,43.05,106.63,52.4,12.73,97.25,23.54,24.7,36.01,82.0,61.07,89.47,0.0,92.18,49.82,75.61,100.5,57.31,53.81,55.36,79.76,48.76,113.37,43.05,52.47,12.17,77.49,34.44,40.31,71.47,93.62,41.15,43.97,85.02,91.41,98.03,71.55,58.31,79.51,31.89,77.08,31.58,75.5,39.82,44.15,77.18,41.3,66.53,51.66,45.28,71.85,38.59,38.95,83.45,53.49,75.47,45.35,88.96,63.63,68.1,84.85,89.56,80.65,46.17,85.21,51.79,31.91,67.74,110.07,52.39,103.12,57.25,62.65,40.46,46.24,56.14,37.85,52.39,74.46,49.5,82.54,44.2,87.98,36.72,65.39,95.71,41.23,50.0,84.4,23.41,46.01,84.69,42.52
14,81.3,81.6,52.84,17.03,82.98,86.54,32.02,96.25,68.88,106.51,42.95,120.92,66.75,92.18,0.0,85.63,53.14,76.06,65.0,77.47,56.73,36.4,94.05,81.5,52.04,48.27,87.82,49.34,58.69,69.66,50.57,61.07,72.18,100.66,22.36,40.01,55.15,26.25,66.61,80.06,79.06,86.41,99.57,17.49,64.38,57.2,68.01,51.62,79.76,106.08,68.62,95.88,89.5,69.81,86.98,58.05,68.71,103.48,10.0,97.42,31.62,88.87,3.16,12.0,46.1,76.66,50.33,88.23,40.5,70.86,41.11,59.54,35.36,98.6,76.58,61.62,116.73,54.41,41.11,17.72,109.79,11.4,54.08,71.39,90.43,29.07,66.07,75.82,42.2,44.55,93.15,48.76,58.05,82.81
15,73.68,40.71,38.9,102.65,4.0,37.2,73.35,30.53,52.95,30.15,53.31,35.61,48.09,49.82,85.63,0.0,42.06,56.52,21.95,9.49,29.0,55.57,8.94,69.38,61.29,38.28,58.67,45.88,54.0,19.42,40.72,55.04,77.1,18.25,67.8,63.32,62.51,78.29,21.02,32.31,19.31,28.02,26.25,69.03,70.26,31.38,35.01,45.12,18.97,21.1,17.89,22.36,12.53,20.22,34.67,27.59,33.02,20.62,88.01,16.03,78.19,35.81,84.39,78.01,54.57,39.56,36.06,18.44,46.23,69.35,62.36,66.12,62.39,16.03,13.0,25.06,31.91,47.38,62.36,71.03,26.0,81.02,66.12,44.55,14.76,71.18,55.08,13.04,55.66,54.42,28.6,42.72,47.38,7.62
16,84.96,63.32,36.88,69.35,38.28,64.29,32.2,66.07,63.41,70.71,12.04,76.48,17.89,75.61,53.14,42.06,0.0,30.02,21.1,32.57,20.25,17.0,50.92,41.11,58.82,26.87,78.77,4.24,57.28,36.5,5.0,18.6,82.33,60.17,31.3,21.47,22.56,58.42,21.38,26.93,47.27,33.62,65.19,41.11,73.25,32.25,14.87,43.14,29.07,62.77,32.14,44.6,51.48,37.66,33.84,22.14,15.65,62.64,59.23,48.6,61.19,35.74,53.16,50.36,48.26,24.08,26.25,54.01,16.49,35.23,52.33,27.51,48.1,50.22,40.0,29.41,73.41,48.08,52.33,45.01,68.01,53.46,64.07,20.4,53.34,53.15,21.93,39.0,46.14,12.53,63.13,36.8,9.9,43.42
17,113.9,88.75,65.95,90.09,52.63,88.19,46.32,86.03,91.92,86.49,34.53,83.49,12.21,100.5,76.06,56.52,30.02,0.0,43.27,48.7,47.38,41.59,63.64,13.0,88.75,56.4,105.6,31.38,86.68,60.21,34.99,15.0,112.0,73.68,54.01,36.22,22.14,86.83,42.19,25.02,69.32,32.14,82.71,68.07,103.0,60.11,23.32,72.62,37.66,73.03,55.23,45.54,68.68,61.59,26.68,48.84,25.06,75.43,84.05,54.08,90.14,27.2,77.0,76.53,78.23,17.12,55.44,73.39,46.1,15.23,82.3,20.25,77.88,56.08,60.84,55.44,82.1,77.47,82.3,72.37,79.06,79.4,94.03,12.53,70.88,82.22,10.0,59.93,76.16,32.25,83.57,66.4,20.62,61.35
18,72.42,45.49,26.93,82.01,18.6,45.19,51.48,45.28,50.22,49.65,31.62,57.43,32.2,57.31,65.0,21.95,21.1,43.27,0.0,12.81,9.22,33.62,30.89,56.08,51.66,21.1,62.48,24.52,47.01,17.0,18.97,37.11,72.45,39.56,46.1,41.76,43.1,61.61,2.0,25.5,26.93,27.29,44.1,49.24,64.08,19.31,20.0,34.21,17.03,43.05,12.08,32.28,30.41,18.36,31.62,9.0,18.44,42.15,68.48,32.45,62.65,33.53,64.07,58.59,42.43,29.07,19.03,33.02,24.76,53.14,49.04,47.52,47.17,33.6,19.1,13.04,53.85,38.28,49.04,51.89,47.85,61.72,57.01,30.81,32.25,54.92,38.63,18.11,42.05,32.98,42.43,29.27,28.44,22.36
19,74.25,43.28,34.13,94.49,5.83,41.11,63.95,37.34,52.55,39.0,43.86,44.65,39.46,53.81,77.47,9.49,32.57,48.7,12.81,0.0,20.81,46.32,18.38,61.68,58.08,31.38,61.22,36.4,51.79,16.76,31.3,46.01,76.24,27.66,58.9,53.85,53.24,72.11,11.66,25.81,21.93,23.6,34.37,61.29,68.66,26.17,26.31,41.01,12.73,30.41,13.04,23.02,20.22,18.03,29.73,19.72,24.33,30.08,80.45,20.62,72.53,31.24,76.4,70.49,50.16,32.2,29.15,24.7,37.48,60.83,57.56,57.01,56.75,21.47,13.45,19.24,41.18,44.1,57.56,63.63,35.47,73.57,63.2,36.4,22.36,65.15,46.39,12.81,50.64,44.94,34.93,37.48,38.12,12.65
20,66.6,43.08,19.24,73.76,26.25,44.15,46.57,47.17,44.55,53.76,28.02,64.54,35.47,55.36,56.73,29.0,20.25,47.38,9.22,20.81,0.0,28.16,37.64,59.67,43.66,12.0,58.83,22.36,39.96,17.03,16.28,38.47,65.51,45.28,39.12,38.12,42.72,52.39,11.18,33.24,28.07,36.06,47.54,40.5,56.82,12.73,25.24,26.4,26.17,49.82,13.6,41.48,34.93,18.0,39.81,2.0,24.19,48.02,59.68,41.18,53.46,41.77,55.61,49.74,33.96,35.36,10.05,35.9,17.49,55.07,40.2,47.76,38.05,42.19,22.14,9.22,60.61,30.89,40.2,42.94,54.08,52.84,49.04,35.47,36.4,45.71,41.05,21.19,33.24,30.02,44.1,20.88,29.53,27.29
21,82.49,67.48,37.11,52.39,52.15,70.03,18.44,74.97,62.77,81.91,7.07,90.97,31.0,79.76,36.4,55.57,17.0,41.59,33.62,46.32,28.16,0.0,64.5,49.77,53.41,27.29,80.36,13.0,54.59,44.91,15.56,26.93,77.62,72.92,14.32,12.08,24.41,45.54,34.67,43.86,55.9,50.61,75.69,26.48,68.41,36.01,31.78,41.23,45.34,76.66,41.76,61.22,62.97,45.71,50.7,30.08,32.65,75.58,43.19,64.38,49.24,52.55,36.67,35.06,43.01,40.26,28.07,64.03,12.04,40.82,44.55,30.0,39.05,65.86,50.29,36.5,87.46,46.1,44.55,30.81,81.41,38.01,58.14,35.23,64.51,41.59,31.78,49.34,39.82,9.49,71.85,35.11,22.02,55.15
22,75.5,41.48,45.62,111.04,12.65,36.77,82.29,26.91,56.04,23.09,62.24,26.91,56.01,48.76,94.05,8.94,50.92,63.64,30.89,18.38,37.64,64.5,0.0,76.3,66.49,46.23,58.87,54.78,58.55,25.94,49.66,63.29,80.16,10.05,76.61,72.24,71.02,85.48,29.97,38.83,22.02,33.24,20.81,77.23,74.03,38.59,43.1,51.26,26.08,12.21,25.61,24.08,10.44,26.4,39.92,36.12,41.11,12.04,96.05,15.0,85.0,40.72,92.7,86.05,60.75,46.53,44.05,17.09,55.0,77.06,68.71,74.43,69.32,13.89,18.79,32.8,23.02,52.89,68.71,79.03,17.09,89.02,71.02,52.09,12.08,78.29,63.01,19.24,62.24,63.32,25.81,49.65,55.9,12.08
23,125.87,101.55,77.78,94.02,65.52,101.12,50.01,99.02,104.06,99.25,42.95,95.08,24.21,113.37,81.5,69.38,41.11,13.0,56.08,61.68,59.67,49.77,76.3,0.0,99.81,67.94,118.22,41.62,98.35,73.06,46.1,23.32,123.43,86.31,60.42,41.77,26.48,95.27,55.07,37.48,82.29,44.05,95.6,75.89,114.34,72.35,36.24,84.22,50.45,85.29,68.1,57.04,81.61,74.43,38.01,61.22,38.01,87.97,90.26,66.03,99.01,38.12,82.87,83.68,89.2,29.83,67.18,86.38,56.3,11.18,92.65,22.02,87.82,68.03,73.82,68.01,94.01,89.14,92.65,80.32,91.35,86.35,105.0,25.5,83.82,91.29,19.21,72.92,86.84,40.31,96.57,77.9,31.24,74.33
24,30.36,35.36,24.74,64.76,61.03,41.77,66.64,55.22,18.36,68.26,58.73,89.69,76.55,43.05,52.04,61.29,58.82,88.75,51.66,58.08,43.66,53.41,66.49,99.81,0.0,32.65,36.4,58.26,9.22,42.05,53.82,76.69,24.21,68.35,52.0,65.22,77.1,28.79,53.6,76.84,44.92,78.85,61.4,37.66,15.0,32.56,68.45,17.46,68.07,75.89,45.04,81.1,57.57,41.11,83.24,43.01,67.62,70.94,47.07,77.16,25.06,85.16,49.09,40.05,10.63,78.79,34.01,52.92,43.86,92.7,11.05,82.76,17.26,77.32,48.37,39.46,84.69,14.0,11.05,35.13,77.08,41.3,5.39,77.9,57.25,23.35,80.6,48.26,13.6,61.55,52.7,22.85,68.6,54.74
25,58.14,40.2,10.3,65.12,36.24,43.05,45.0,49.65,36.89,58.67,30.08,72.92,44.2,52.47,48.27,38.28,26.87,56.4,21.1,31.38,12.0,27.29,46.23,67.94,32.65,0.0,53.49,27.2,30.41,21.4,21.93,45.34,55.61,52.4,34.21,39.05,47.51,40.8,23.09,44.91,31.3,48.04,51.88,31.11,46.62,9.49,35.85,16.28,38.12,58.05,20.62,53.15,41.23,21.63,51.62,12.17,35.11,55.23,49.82,52.0,41.59,53.6,46.69,39.82,22.47,46.24,2.24,40.31,15.3,61.85,28.28,53.0,26.08,52.8,28.32,13.45,68.59,21.21,28.28,32.8,61.55,42.8,38.01,45.28,42.2,33.96,48.8,27.59,21.38,32.7,46.49,10.0,36.77,34.66
26,19.92,18.03,43.32,101.14,60.75,22.14,96.88,35.13,19.03,48.01,83.57,73.01,94.05,12.17,87.82,58.67,78.77,105.6,62.48,61.22,58.83,80.36,58.87,118.22,36.4,53.49,0.0,80.06,29.15,45.97,74.24,97.25,29.68,55.11,83.6,92.35,100.65,65.15,63.78,86.31,39.66,84.81,43.19,72.06,29.83,46.53,82.46,39.62,73.88,62.97,50.93,81.01,48.47,44.55,90.91,57.14,80.92,56.72,83.43,73.41,61.1,92.46,85.0,75.95,42.05,91.29,53.31,41.79,68.62,113.88,46.87,105.99,52.47,72.62,47.8,50.22,68.03,35.23,46.87,70.35,61.2,77.47,36.25,93.24,46.82,59.67,99.86,48.41,46.04,86.16,34.53,45.35,88.32,51.11
27,85.28,65.15,37.44,65.39,42.15,66.49,28.02,69.0,64.07,74.15,7.81,80.53,19.65,77.49,49.34,45.88,4.24,31.38,24.52,36.4,22.36,13.0,54.78,41.62,58.26,27.2,80.06,0.0,57.38,39.12,6.08,18.44,82.07,63.89,27.31,17.46,20.62,55.9,25.0,30.87,50.04,37.74,68.47,38.0,72.92,33.62,18.79,43.28,33.3,66.71,35.0,48.84,54.92,40.2,37.7,24.33,19.72,66.41,55.73,52.8,58.94,39.56,49.48,47.1,47.63,27.46,26.93,57.14,14.76,34.71,51.11,25.94,46.52,54.41,43.1,31.58,77.39,48.27,51.11,42.05,71.87,50.16,63.41,23.02,56.72,50.96,22.47,42.11,45.22,8.54,66.01,36.88,10.77,46.87
28,28.02,26.17,20.81,72.42,54.15,32.56,69.57,46.04,10.2,59.17,59.08,80.99,74.52,34.44,58.69,54.0,57.28,86.68,47.01,51.79,39.96,54.59,58.55,98.35,9.22,30.41,29.15,57.38,0.0,35.23,52.33,75.69,25.55,59.77,55.54,66.65,77.2,37.12,48.85,72.5,36.67,73.68,52.35,43.0,17.09,27.73,65.19,14.14,62.64,67.45,38.83,74.67,49.24,34.13,78.55,38.95,64.14,62.3,54.71,70.01,33.84,80.41,55.9,46.87,13.04,75.29,31.24,44.27,43.83,92.1,18.03,82.8,23.35,70.01,41.0,34.18,75.96,9.22,18.03,41.19,68.35,48.51,12.65,75.21,48.76,31.02,79.21,41.01,17.03,61.85,43.57,20.52,67.18,47.1
29,57.71,28.6,19.7,86.45,19.0,28.23,63.35,30.15,35.85,37.58,45.04,52.01,49.19,40.31,69.66,19.42,36.5,60.21,17.0,16.76,17.03,44.91,25.94,73.06,42.05,21.4,45.97,39.12,35.23,0.0,33.06,53.76,59.48,31.11,54.63,55.15,59.03,59.54,18.03,40.46,11.05,39.82,31.02,52.4,51.97,12.81,36.89,25.71,28.65,37.2,5.0,39.46,19.85,1.41,45.49,15.03,35.23,33.94,70.77,35.13,59.09,47.17,68.01,60.83,35.17,45.34,19.42,19.31,33.53,70.01,43.01,63.79,43.38,35.36,7.21,8.54,47.51,28.07,43.01,53.76,40.31,63.7,47.0,47.71,20.81,52.35,55.54,6.71,36.4,47.0,27.07,23.71,44.92,13.89
30,80.06,59.14,32.02,67.12,37.12,60.42,32.65,63.01,58.6,68.45,12.65,75.8,22.83,71.47,50.57,40.72,5.0,34.99,18.97,31.3,16.28,15.56,49.66,46.1,53.82,21.93,74.24,6.08,52.33,33.06,0.0,23.43,77.34,58.52,29.41,22.8,26.57,54.15,19.7,29.83,44.01,35.85,62.65,37.48,68.25,27.73,18.11,38.18,29.83,61.72,29.02,45.8,49.24,34.13,36.88,18.25,18.44,61.1,56.04,48.84,56.72,38.83,50.33,46.87,43.27,28.02,21.4,51.24,12.04,40.0,47.42,31.78,43.32,50.33,37.22,25.5,72.47,43.14,47.42,41.19,66.71,50.01,59.08,25.0,50.99,48.66,26.91,36.22,41.18,14.14,60.0,31.83,14.87,41.23
31,103.48,81.44,55.44,75.31,51.04,81.93,31.95,82.2,82.01,85.01,19.92,86.4,8.6,93.62,61.07,55.04,18.6,15.0,37.11,46.01,38.47,26.93,63.29,23.32,76.69,45.34,97.25,18.44,75.69,53.76,23.43,0.0,100.5,73.17,39.01,21.38,9.22,72.42,36.67,28.65,64.03,36.72,80.22,53.37,91.35,50.77,20.22,61.55,37.85,74.15,49.04,50.09,66.12,55.03,33.42,40.25,22.2,75.33,69.07,56.92,75.96,34.71,62.0,61.66,66.07,21.4,44.82,69.72,33.02,16.64,69.34,11.18,64.5,58.82,56.09,47.42,84.17,66.53,69.34,57.72,79.91,64.5,81.84,14.21,68.18,68.15,5.0,55.11,63.6,17.46,79.43,55.17,8.94,58.22
32,11.66,40.45,46.32,82.0,77.88,46.87,90.43,61.39,24.19,74.95,82.88,99.14,99.81,41.15,72.18,77.1,82.33,112.0,72.45,76.24,65.51,77.62,80.16,123.43,24.21,55.61,29.68,82.07,25.55,59.48,77.34,100.5,0.0,79.16,75.59,89.4,101.24,46.27,74.25,97.94,58.31,98.79,69.05,60.17,9.22,53.24,90.74,39.41,87.66,87.14,63.57,98.72,70.03,58.24,103.87,64.5,89.69,81.3,65.19,93.06,41.11,105.7,69.05,60.42,34.71,100.85,56.61,64.01,67.9,116.67,34.0,106.89,40.25,92.78,64.33,59.51,94.05,34.67,34.0,56.92,86.7,60.83,19.72,100.69,69.0,43.42,104.24,64.54,37.8,85.7,59.84,45.61,92.2,69.72
33,73.17,39.01,50.0,117.52,22.2,33.24,91.0,20.62,55.58,13.42,71.17,21.47,66.0,43.97,100.66,18.25,60.17,73.68,39.56,27.66,45.28,72.92,10.05,86.31,68.35,52.4,55.11,63.89,59.77,31.11,58.52,73.17,79.16,0.0,84.38,81.27,80.75,89.87,38.9,48.84,23.71,43.01,13.04,83.49,73.98,43.86,53.04,54.71,36.12,8.0,32.2,32.76,11.4,31.14,49.65,43.57,51.04,2.83,101.86,23.02,88.84,50.33,99.09,91.93,64.01,56.57,50.33,15.52,62.77,87.09,72.07,84.29,73.5,21.4,24.08,39.05,16.64,55.46,72.07,84.86,9.22,94.79,72.42,62.13,11.18,82.66,73.0,24.84,66.04,72.42,20.62,54.2,65.62,18.03
34,82.28,73.17,42.19,38.08,64.66,76.79,15.0,83.82,64.94,92.2,20.62,103.41,44.41,85.02,22.36,67.8,31.3,54.01,46.1,58.9,39.12,14.32,76.61,60.42,52.0,34.21,83.6,27.31,55.54,54.63,29.41,39.01,75.59,84.38,0.0,18.68,33.96,36.62,47.42,58.18,65.19,64.88,85.62,17.03,66.64,43.68,46.1,44.1,59.2,88.81,52.35,75.21,73.82,55.15,65.0,40.82,46.96,87.13,30.07,77.83,41.23,66.85,23.02,23.41,42.72,54.41,35.74,73.93,21.63,50.29,41.59,38.9,35.36,79.21,60.83,46.1,99.62,48.37,41.59,21.4,93.19,25.96,55.9,49.03,75.13,34.66,44.01,59.94,38.9,22.2,80.65,39.01,35.69,66.37
35,94.51,79.08,49.04,53.94,59.62,81.3,11.4,85.29,74.85,91.22,10.2,97.95,28.23,91.41,40.01,63.32,21.47,36.22,41.76,53.85,38.12,12.08,72.24,41.77,65.22,39.05,92.35,17.46,66.65,55.15,22.8,21.38,89.4,81.27,18.68,0.0,15.3,54.59,42.38,45.45,66.19,53.08,85.33,34.89,80.21,47.38,33.94,53.31,50.22,84.17,51.48,65.19,72.03,56.08,51.61,40.11,35.38,83.82,48.51,69.89,58.83,53.25,41.19,42.06,54.92,39.96,39.62,73.82,23.77,31.62,55.97,20.25,50.21,71.56,59.84,47.01,94.85,58.18,55.97,39.36,89.32,44.64,69.81,33.54,73.76,51.61,26.31,58.86,51.61,8.94,82.22,47.17,20.81,64.03
36,105.21,85.7,57.8,68.36,58.55,86.83,24.33,88.36,84.38,92.14,18.38,94.87,17.8,98.03,55.15,62.51,22.56,22.14,43.1,53.24,42.72,24.41,71.02,26.48,77.1,47.51,100.65,20.62,77.2,59.03,26.57,9.22,101.24,80.75,33.96,15.3,0.0,69.35,43.01,37.74,69.72,45.79,87.0,49.77,92.02,54.23,28.46,63.25,46.17,82.23,54.59,59.06,73.03,60.21,42.64,44.64,30.36,83.02,63.79,65.55,73.36,43.93,56.44,57.28,66.53,30.61,47.41,76.11,33.42,16.55,68.77,5.66,63.41,67.42,62.2,51.92,92.44,68.24,68.77,54.23,87.86,59.91,82.02,23.43,75.01,65.86,13.04,61.2,63.64,15.56,85.48,56.86,15.13,65.01
37,56.01,62.68,39.96,36.35,76.69,68.6,51.09,80.66,47.01,92.7,52.5,111.22,75.5,71.55,26.25,78.29,58.42,86.83,61.61,72.11,52.39,45.54,85.48,95.27,28.79,40.8,65.15,55.9,37.12,59.54,54.15,72.42,46.27,89.87,36.62,54.59,69.35,0.0,63.56,83.05,66.4,87.57,85.63,19.72,39.01,46.96,72.03,35.47,78.45,96.57,60.42,93.86,78.49,59.17,90.09,52.89,72.0,92.66,19.0,92.7,5.39,92.09,23.09,15.26,26.91,82.15,43.01,75.43,42.11,85.91,19.42,74.69,16.4,93.41,66.73,53.31,106.51,36.12,19.42,15.26,99.05,14.87,29.43,78.77,78.82,7.21,77.2,66.24,24.08,55.03,77.79,35.85,66.49,73.43
38,74.06,46.62,28.86,83.6,17.49,46.07,52.33,45.54,51.87,49.37,32.31,56.3,31.38,58.31,66.61,21.02,21.38,42.19,2.0,11.66,11.18,34.67,29.97,55.07,53.6,23.09,63.78,25.0,48.85,18.03,19.7,36.67,74.25,38.9,47.42,42.38,43.01,63.56,0.0,23.71,27.51,25.32,44.01,51.0,65.92,21.19,18.87,36.14,15.03,42.06,13.04,30.36,30.15,19.42,29.73,11.0,17.2,41.44,70.24,30.81,64.63,31.62,65.73,60.37,44.41,27.59,21.02,33.14,26.25,52.5,51.04,47.27,49.16,32.02,19.42,14.76,52.84,40.16,51.04,53.71,47.01,63.51,58.94,29.68,32.06,56.89,37.95,18.44,44.05,33.53,42.76,31.26,28.16,22.09
39,97.64,68.59,52.2,96.25,28.64,66.84,56.85,62.61,75.47,61.85,38.08,58.86,20.12,79.51,80.06,32.31,26.93,25.02,25.5,25.81,33.24,43.86,38.83,37.48,76.84,44.91,86.31,30.87,72.5,40.46,29.83,28.65,97.94,48.84,58.18,45.45,37.74,83.05,23.71,0.0,47.63,8.06,58.52,67.27,89.55,44.78,12.08,59.46,13.42,48.01,35.61,21.54,44.78,41.87,7.07,33.84,11.4,50.49,85.87,29.27,85.02,9.06,80.01,76.69,67.19,8.06,43.17,50.12,41.44,39.32,73.16,39.4,70.35,31.26,39.05,38.47,57.22,63.69,73.16,70.86,54.04,79.83,82.22,14.87,47.01,77.01,26.57,38.29,66.29,37.44,60.42,54.12,24.76,38.08
40,54.41,21.63,26.87,95.6,21.1,19.21,74.33,19.1,34.13,27.46,56.08,45.18,58.87,31.89,79.06,19.31,47.27,69.32,26.93,21.93,28.07,55.9,22.02,82.29,44.92,31.3,39.66,50.04,36.67,11.05,44.01,64.03,58.31,23.71,65.19,66.19,69.72,66.4,27.51,47.63,0.0,45.34,20.59,61.61,52.01,21.95,46.1,31.06,34.66,31.02,15.13,41.63,12.65,10.2,51.62,26.08,44.28,26.42,79.31,34.93,65.19,53.08,77.2,69.53,40.31,53.54,29.55,9.22,44.38,80.01,48.37,74.33,50.0,34.53,8.6,19.42,40.31,31.78,48.37,62.48,32.76,72.25,49.24,56.8,12.53,59.2,65.46,9.43,42.44,58.01,16.03,31.11,55.32,11.7
41,97.53,66.84,54.13,102.86,24.84,64.35,64.44,58.52,75.58,56.3,45.22,51.35,28.18,77.08,86.41,28.02,33.62,32.14,27.29,23.6,36.06,50.61,33.24,44.05,78.85,48.04,84.81,37.74,73.68,39.82,35.85,36.72,98.79,43.01,64.88,53.08,45.79,87.57,25.32,8.06,45.34,0.0,53.67,72.8,90.76,46.32,19.21,61.39,11.18,41.3,35.34,13.6,40.5,41.18,6.71,36.22,18.03,44.38,91.71,22.0,89.14,7.81,86.16,82.28,69.72,15.81,46.1,46.4,46.84,46.87,76.24,47.42,74.0,24.0,37.01,39.56,50.01,65.25,76.24,76.16,47.38,85.44,84.17,22.85,42.72,81.22,34.54,36.4,69.26,44.82,56.61,56.57,32.56,34.71
42,62.03,28.64,47.01,116.02,30.08,22.2,94.11,8.06,46.49,7.07,75.13,30.15,73.82,31.58,99.57,26.25,65.19,82.71,44.1,34.37,47.54,75.69,20.81,95.6,61.4,51.88,43.19,68.47,52.35,31.02,62.65,80.22,69.05,13.04,85.62,85.33,87.0,85.63,44.01,58.52,20.59,53.67,0.0,82.1,64.85,42.54,60.67,50.21,45.22,20.25,33.96,44.82,14.14,30.46,60.37,45.61,58.69,13.93,99.49,35.38,83.87,61.29,97.65,89.81,58.9,65.8,50.09,11.7,64.51,95.19,66.84,91.09,69.31,33.94,25.5,39.56,25.08,49.82,66.84,82.8,18.03,92.46,64.85,70.61,12.04,78.52,80.75,26.48,61.55,76.79,9.22,51.22,72.03,22.02
43,67.91,64.56,35.36,34.06,66.61,69.29,31.83,78.77,53.04,89.05,33.54,104.0,57.22,75.5,17.49,69.03,41.11,68.07,49.24,61.29,40.5,26.48,77.23,75.89,37.66,31.11,72.06,38.0,43.0,52.4,37.48,53.37,60.17,83.49,17.03,34.89,49.77,19.72,51.0,67.27,61.61,72.8,82.1,0.0,51.55,39.82,55.58,34.48,65.0,89.14,51.66,81.02,72.25,52.5,74.33,41.62,55.9,86.31,19.24,81.63,24.21,76.3,15.62,9.49,30.02,65.19,33.24,70.8,25.96,66.31,26.68,55.04,20.4,82.68,59.41,44.55,99.7,37.66,26.68,4.47,92.66,12.65,40.8,61.01,73.11,17.8,58.25,58.69,26.02,35.9,75.66,31.3,48.17,65.76
44,17.0,36.4,37.59,75.24,70.71,43.08,81.41,57.58,18.44,71.17,73.66,94.59,90.8,39.82,64.38,70.26,73.25,103.0,64.08,68.66,56.82,68.41,74.03,114.34,15.0,46.62,29.83,72.92,17.09,51.97,68.25,91.35,9.22,73.98,66.64,80.21,92.02,39.01,65.92,89.55,52.01,90.76,64.85,51.55,0.0,44.78,81.99,30.53,79.7,81.88,55.79,91.41,64.2,50.8,95.63,55.9,81.01,76.3,58.01,86.28,34.13,97.5,61.29,52.47,25.5,92.18,47.71,58.55,58.69,107.49,25.08,97.67,31.38,86.15,57.31,51.26,89.5,25.94,25.08,48.51,82.0,53.15,10.77,91.81,63.39,35.36,95.13,57.43,28.6,76.49,55.66,36.62,83.1,63.07
45,53.91,31.78,8.0,73.88,30.08,34.01,54.08,40.16,31.83,49.4,37.85,64.82,48.17,44.15,57.2,31.38,32.25,60.11,19.31,26.17,12.73,36.01,38.59,72.35,32.56,9.49,46.53,33.62,27.73,12.81,27.73,50.77,53.24,43.86,43.68,47.38,54.23,46.96,21.19,44.78,21.95,46.32,42.54,39.82,44.78,0.0,37.8,15.13,35.51,50.0,13.6,49.04,32.53,12.73,50.92,11.4,36.62,46.69,58.0,46.32,46.82,52.81,55.44,48.08,24.02,47.71,8.06,31.06,24.0,67.42,31.4,59.51,31.02,46.84,20.0,7.0,60.31,18.97,31.4,41.01,53.08,50.93,37.85,48.17,33.3,39.81,53.6,19.42,24.52,40.26,37.0,11.4,41.88,26.63
46,91.68,65.46,44.42,84.17,31.02,64.88,45.28,63.32,69.53,65.12,26.08,66.41,13.15,77.18,68.01,35.01,14.87,23.32,20.0,26.31,25.24,31.78,43.1,36.24,68.45,35.85,82.46,18.79,65.19,36.89,18.11,20.22,90.74,53.04,46.1,33.94,28.46,72.03,18.87,12.08,46.1,19.21,60.67,55.58,81.99,37.8,0.0,51.48,17.72,53.94,31.91,31.4,46.53,38.28,18.97,26.4,2.0,55.15,73.98,37.16,74.33,20.88,68.01,64.94,58.31,10.44,34.44,50.7,30.02,34.53,63.6,31.4,60.21,39.0,37.7,32.53,64.03,56.08,63.6,59.3,59.68,68.07,73.82,10.82,48.66,66.27,20.1,36.77,56.92,25.61,60.73,45.62,13.89,38.83
47,42.01,30.08,7.28,67.12,44.41,34.93,57.27,45.61,21.54,57.28,45.28,76.16,60.44,41.3,51.62,45.12,43.14,72.62,34.21,41.01,26.4,41.23,51.26,84.22,17.46,16.28,39.62,43.28,14.14,25.71,38.18,61.55,39.41,54.71,44.1,53.31,63.25,35.47,36.14,59.46,31.06,61.39,50.21,34.48,30.53,15.13,51.48,0.0,50.64,61.72,28.07,64.0,43.42,25.0,65.8,25.63,50.54,57.45,49.93,60.67,34.13,67.72,49.24,40.71,9.49,61.72,17.2,40.0,30.02,77.99,17.46,68.82,19.1,61.0,32.57,22.09,71.34,5.0,17.46,34.01,63.81,43.05,22.8,61.29,43.57,28.32,65.07,32.28,11.4,48.02,42.64,6.4,53.04,39.22
48,86.35,55.97,43.42,96.57,15.23,53.81,61.22,49.19,64.4,48.84,41.11,48.7,30.15,66.53,79.76,18.97,29.07,37.66,17.03,12.73,26.17,45.34,26.08,50.45,68.07,38.12,73.88,33.3,62.64,28.65,29.83,37.85,87.66,36.12,59.2,50.22,46.17,78.45,15.03,13.42,34.66,11.18,45.22,65.0,79.7,35.51,17.72,50.64,0.0,36.35,24.17,16.12,31.38,30.02,17.03,26.02,15.81,38.01,84.17,19.72,79.63,18.6,79.18,74.46,59.21,20.62,36.06,36.72,39.36,51.01,66.01,49.03,64.2,21.47,26.17,28.64,46.32,54.34,66.01,68.01,42.19,77.62,73.35,26.02,33.62,71.85,37.12,25.5,59.01,41.4,47.01,46.1,31.38,24.7
49,81.15,47.01,56.6,123.04,24.6,41.19,94.37,28.16,63.51,18.44,74.25,14.87,66.48,51.66,106.08,21.1,62.77,73.03,43.05,30.41,49.82,76.66,12.21,85.29,75.89,58.05,62.97,66.71,67.45,37.2,61.72,74.15,87.14,8.0,88.81,84.17,82.23,96.57,42.06,48.01,31.02,41.3,20.25,89.14,81.88,50.0,53.94,61.72,36.35,0.0,37.48,29.41,18.38,37.44,47.68,48.27,51.97,6.32,107.81,19.65,95.77,48.05,104.66,97.84,71.11,56.0,55.9,23.35,67.2,87.09,79.16,85.33,80.26,17.72,30.0,44.6,10.82,62.77,79.16,90.79,6.08,100.77,80.08,62.13,18.68,89.36,73.44,30.61,72.95,75.24,28.44,60.75,67.19,23.43
50,62.27,33.6,21.38,85.56,16.49,33.11,60.17,34.0,40.25,40.16,41.3,52.35,44.28,45.28,68.62,17.89,32.14,55.23,12.08,13.04,13.6,41.76,25.61,68.1,45.04,20.62,50.93,35.0,38.83,5.0,29.02,49.04,63.57,32.2,52.35,51.48,54.59,60.42,13.04,35.61,15.13,35.34,33.96,51.66,55.79,13.6,31.91,28.07,24.17,37.48,0.0,36.06,21.47,6.4,40.82,11.7,30.23,35.0,70.43,32.76,60.41,42.54,67.18,60.44,37.34,40.36,18.44,22.36,30.87,65.19,44.91,59.23,44.6,33.24,8.54,7.21,48.1,31.06,44.91,53.41,41.23,63.41,50.16,42.72,22.85,53.31,50.7,7.62,38.08,43.1,31.02,25.0,40.26,14.21
51,95.86,63.06,57.04,112.68,20.88,59.36,76.42,50.91,74.73,46.14,56.59,38.05,41.63,71.85,95.88,22.36,44.6,45.54,32.28,23.02,41.48,61.22,24.08,57.04,81.1,53.15,81.01,48.84,74.67,39.46,45.8,50.09,98.72,32.76,75.21,65.19,59.06,93.86,30.36,21.54,41.63,13.6,44.82,81.02,91.41,49.04,31.4,64.0,16.12,29.41,36.06,0.0,33.42,40.61,19.03,41.0,29.83,33.54,100.22,9.85,94.73,19.03,95.29,90.47,73.06,29.41,50.99,40.0,55.47,60.42,80.31,60.93,79.08,11.7,34.48,42.05,37.12,67.12,80.31,83.93,35.44,93.62,86.21,36.4,35.47,87.1,48.1,34.21,73.33,56.59,49.58,60.21,45.22,29.97
52,65.12,31.05,38.6,106.3,16.16,26.4,81.27,18.03,46.01,19.24,61.85,32.76,59.68,38.59,89.5,12.53,51.48,68.68,30.41,20.22,34.93,62.97,10.44,81.61,57.57,41.23,48.47,54.92,49.24,19.85,49.24,66.12,70.03,11.4,73.82,72.03,73.03,78.49,30.15,44.78,12.65,40.5,14.14,72.25,64.2,32.53,46.53,43.42,31.38,18.38,21.47,33.42,0.0,19.8,47.17,33.11,44.55,14.21,90.52,25.06,77.52,48.26,87.86,80.61,52.77,51.87,39.2,6.71,52.33,81.05,60.83,77.03,62.13,24.17,13.04,28.02,28.02,44.38,60.83,73.54,20.62,83.45,61.85,56.52,2.24,71.28,66.61,13.89,54.71,63.35,16.28,42.8,58.0,8.06
53,56.36,27.2,19.24,86.56,20.02,26.93,64.13,29.27,34.54,37.12,46.01,52.2,50.54,38.95,69.81,20.22,37.66,61.59,18.36,18.03,18.0,45.71,26.4,74.43,41.11,21.63,44.55,40.2,34.13,1.41,34.13,55.03,58.24,31.14,55.15,56.08,60.21,59.17,19.42,41.87,10.2,41.18,30.46,52.5,50.8,12.73,38.28,25.0,30.02,37.44,6.4,40.61,19.8,0.0,46.87,16.0,36.62,33.97,70.72,36.06,58.6,48.55,68.12,60.81,34.48,46.75,19.72,18.79,34.21,71.31,42.38,65.0,42.94,36.22,7.62,9.22,47.63,27.17,42.38,53.74,40.36,63.66,46.01,49.09,20.62,51.97,56.86,7.28,35.85,48.01,26.17,23.32,46.17,14.32
54,103.08,73.0,58.52,103.08,31.4,70.72,63.01,65.19,81.01,62.97,44.72,57.08,24.84,83.45,86.98,34.67,33.84,26.68,31.62,29.73,39.81,50.7,39.92,38.01,83.24,51.62,90.91,37.7,78.55,45.49,36.88,33.42,103.87,49.65,65.0,51.61,42.64,90.09,29.73,7.07,51.62,6.71,60.37,74.33,95.63,50.92,18.97,65.8,17.03,47.68,40.82,19.03,47.17,46.87,0.0,40.26,18.44,50.96,92.89,28.16,92.01,2.0,86.98,83.74,73.76,12.04,49.82,53.01,48.51,41.76,79.91,43.57,77.23,30.15,43.19,44.38,56.04,69.89,79.91,77.93,53.76,86.88,88.6,19.21,49.4,84.0,30.53,42.52,72.99,43.91,63.25,60.64,30.81,41.23
55,65.3,41.23,18.38,75.07,25.0,42.2,48.51,45.18,43.19,51.87,30.02,63.03,37.01,53.49,58.05,27.59,22.14,48.84,9.0,19.72,2.0,30.08,36.12,61.22,43.01,12.17,57.14,24.33,38.95,15.03,18.25,40.25,64.5,43.57,40.82,40.11,44.64,52.89,11.0,33.84,26.08,36.22,45.61,41.62,55.9,11.4,26.4,25.63,26.02,48.27,11.7,41.0,33.11,16.0,40.26,0.0,25.24,46.32,60.75,40.25,53.76,42.2,56.85,50.77,33.54,36.36,10.05,33.96,19.24,56.82,40.05,49.65,38.21,41.18,20.25,7.28,59.03,29.97,40.05,43.91,52.43,53.85,48.38,36.8,34.54,46.1,42.72,19.31,33.06,32.02,42.11,20.4,31.3,25.55
56,90.43,63.82,43.42,85.0,29.02,63.13,46.67,61.4,68.25,63.13,27.2,64.51,15.13,75.47,68.71,33.02,15.65,25.06,18.44,24.33,24.19,32.65,41.11,38.01,67.62,35.11,80.92,19.72,64.14,35.23,18.44,22.2,89.69,51.04,46.96,35.38,30.36,72.0,17.2,11.4,44.28,18.03,58.69,55.9,81.01,36.62,2.0,50.54,15.81,51.97,30.23,29.83,44.55,36.62,18.44,25.24,0.0,53.15,74.46,35.34,74.17,20.4,68.62,65.31,57.58,11.18,33.62,48.76,30.15,36.5,63.06,33.38,59.84,37.16,35.85,31.14,62.1,55.07,63.06,59.54,57.71,68.45,73.01,12.53,46.69,66.12,22.09,34.93,56.32,26.91,58.82,44.78,15.65,36.88
57,75.06,41.01,52.8,120.34,24.52,35.06,93.62,21.84,57.87,12.81,73.74,18.79,68.03,45.35,103.48,20.62,62.64,75.43,42.15,30.08,48.02,75.58,12.04,87.97,70.94,55.23,56.72,66.41,62.3,33.94,61.1,75.33,81.3,2.83,87.13,83.82,83.02,92.66,41.44,50.49,26.42,44.38,13.93,86.31,76.3,46.69,55.15,57.45,38.01,6.32,35.0,33.54,14.21,33.97,50.96,46.32,53.15,0.0,104.69,23.71,91.59,51.55,101.91,94.76,66.73,58.31,53.15,18.03,65.51,89.02,74.79,86.47,76.28,21.95,26.91,41.87,13.89,58.14,74.79,87.69,6.4,97.62,74.95,64.03,13.89,85.45,75.03,27.66,68.8,74.95,22.2,57.01,67.9,20.81
58,75.01,79.16,52.5,17.72,85.7,84.6,41.44,95.44,64.85,106.53,50.09,122.67,74.11,88.96,10.0,88.01,59.23,84.05,68.48,80.45,59.68,43.19,96.05,90.26,47.07,49.82,83.43,55.73,54.71,70.77,56.04,69.07,65.19,101.86,30.07,48.51,63.79,19.0,70.24,85.87,79.31,91.71,99.49,19.24,58.01,58.0,73.98,49.93,84.17,107.81,70.43,100.22,90.52,70.72,92.89,60.75,74.46,104.69,0.0,100.85,24.08,94.83,7.62,10.0,42.95,83.19,52.01,88.53,44.94,79.83,36.69,68.45,31.78,101.87,77.9,63.25,118.26,51.88,36.69,17.03,111.07,7.07,48.26,78.41,91.22,23.77,74.06,77.23,39.36,52.01,92.42,48.27,65.19,84.39
59,89.29,55.71,54.13,114.4,16.28,51.43,80.8,41.87,68.88,36.36,60.61,29.61,48.76,63.63,97.42,16.03,48.6,54.08,32.45,20.62,41.18,64.38,15.0,66.03,77.16,52.0,73.41,52.8,70.01,35.13,48.84,56.92,93.06,23.02,77.83,69.89,65.55,92.7,30.81,29.27,34.93,22.0,35.38,81.63,86.28,46.32,37.16,60.67,19.72,19.65,32.76,9.85,25.06,36.06,28.16,40.25,35.34,23.71,100.85,0.0,93.01,28.44,96.52,90.92,70.04,37.34,49.77,31.76,57.01,68.59,77.67,68.01,77.2,2.0,29.02,39.56,28.02,63.2,77.67,84.12,25.71,94.02,82.05,43.93,26.93,85.7,55.54,29.0,70.83,61.03,40.8,57.72,50.99,23.35
60,51.09,59.82,39.4,41.11,76.84,65.95,55.9,78.52,43.42,90.91,56.08,110.28,78.59,68.1,31.62,78.19,61.19,90.14,62.65,72.53,53.46,49.24,85.0,99.01,25.06,41.59,61.1,58.94,33.84,59.09,56.72,75.96,41.11,88.84,41.23,58.83,73.36,5.39,64.63,85.02,65.19,89.14,83.87,24.21,34.13,46.82,74.33,34.13,79.63,95.77,60.41,94.73,77.52,58.6,92.01,53.76,74.17,91.59,24.08,93.01,0.0,94.01,28.46,20.59,25.0,84.59,43.74,74.06,44.72,89.89,17.03,78.77,15.81,93.61,66.21,53.45,105.48,34.06,17.03,19.85,97.94,20.25,25.0,81.58,77.7,8.06,80.65,65.8,22.83,58.69,75.74,35.47,69.64,72.92
61,104.81,74.52,60.44,104.92,32.65,72.12,64.64,66.29,82.76,63.69,46.52,57.01,26.17,84.85,88.87,35.81,35.74,27.2,33.53,31.24,41.77,52.55,40.72,38.12,85.16,53.6,92.46,39.56,80.41,47.17,38.83,34.71,105.7,50.33,66.85,53.25,43.93,92.09,31.62,9.06,53.08,7.81,61.29,76.3,97.5,52.81,20.88,67.72,18.6,48.05,42.54,19.03,48.26,48.55,2.0,42.2,20.4,51.55,94.83,28.44,94.01,0.0,88.89,85.7,75.71,13.45,51.79,54.2,50.49,42.38,81.88,44.65,79.23,30.41,44.69,46.24,56.14,71.78,81.88,79.91,54.13,88.84,90.52,20.52,50.48,86.0,31.62,44.05,74.97,45.65,64.4,62.59,32.45,42.52
62,78.23,79.12,50.77,18.44,81.84,84.17,33.84,94.15,66.1,104.62,43.42,119.52,67.36,89.56,3.16,84.39,53.16,77.0,64.07,76.4,55.61,36.67,92.7,82.87,49.09,46.69,85.0,49.48,55.9,68.01,50.33,62.0,69.05,99.09,23.02,41.19,56.44,23.09,65.73,80.01,77.2,86.16,97.65,15.62,61.29,55.44,68.01,49.24,79.18,104.66,67.18,95.29,87.86,68.12,86.98,56.85,68.62,101.91,7.62,96.52,28.46,88.89,0.0,9.06,43.42,76.9,48.8,86.4,39.82,72.37,38.21,61.0,32.56,97.65,75.01,60.11,115.26,51.87,38.21,15.23,108.25,8.25,51.04,71.85,88.73,26.02,67.0,74.28,39.56,45.18,91.07,46.65,58.55,81.32
63,69.35,70.38,42.8,26.42,75.72,75.58,36.89,85.98,57.07,96.83,42.11,112.7,66.03,80.65,12.0,78.01,50.36,76.53,58.59,70.49,49.74,35.06,86.05,83.68,40.05,39.82,75.95,47.1,46.87,60.83,46.87,61.66,60.42,91.93,23.41,42.06,57.28,15.26,60.37,76.69,69.53,82.28,89.81,9.49,52.47,48.08,64.94,40.71,74.46,97.84,60.44,90.47,80.61,60.81,83.74,50.77,65.31,94.76,10.0,90.92,20.59,85.7,9.06,0.0,34.48,74.43,42.01,78.75,35.44,73.68,29.15,62.3,23.54,91.92,67.94,53.26,108.3,43.08,29.15,7.07,101.14,3.16,42.11,70.03,81.34,17.12,66.61,67.27,30.68,44.28,82.93,38.6,57.01,74.41
64,39.81,36.24,16.03,60.54,53.76,41.88,57.01,53.76,23.02,65.95,48.17,85.48,66.04,46.17,46.1,54.57,48.26,78.23,42.43,50.16,33.96,43.01,60.75,89.2,10.63,22.47,42.05,47.63,13.04,35.17,43.27,66.07,34.71,64.01,42.72,54.92,66.53,26.91,44.41,67.19,40.31,69.72,58.9,30.02,25.5,24.02,58.31,9.49,59.21,71.11,37.34,73.06,52.77,34.48,73.76,33.54,57.58,66.73,42.95,70.04,25.0,75.71,43.42,34.48,0.0,68.71,24.04,49.09,33.24,82.07,8.06,72.18,11.18,70.41,42.06,31.02,80.62,9.22,8.06,28.44,73.06,36.4,15.81,67.54,52.84,20.0,70.0,41.76,4.0,50.99,50.91,13.15,58.01,48.7
65,101.4,73.88,54.59,92.36,35.74,72.67,51.31,69.46,79.2,69.43,33.84,66.91,12.81,85.21,76.66,39.56,24.08,17.12,29.07,32.2,35.36,40.26,46.53,29.83,78.79,46.24,91.29,27.46,75.29,45.34,28.02,21.4,100.85,56.57,54.41,39.96,30.61,82.15,27.59,8.06,53.54,15.81,65.8,65.19,92.18,47.71,10.44,61.72,20.62,56.0,40.36,29.41,51.87,46.75,12.04,36.36,11.18,58.31,83.19,37.34,84.59,13.45,76.9,74.43,68.71,0.0,44.78,56.86,40.05,31.26,74.04,31.76,70.61,39.32,44.94,42.01,65.28,66.24,74.04,69.07,62.01,77.52,84.17,7.21,54.08,76.53,18.79,44.1,67.36,32.7,67.12,55.95,19.24,44.78
66,58.73,39.46,10.63,67.21,34.0,42.0,46.04,48.08,37.2,56.82,30.36,70.77,43.28,51.79,50.33,36.06,26.25,55.44,19.03,29.15,10.05,28.07,44.05,67.18,34.01,2.24,53.31,26.93,31.24,19.42,21.4,44.82,56.61,50.33,35.74,39.62,47.41,43.01,21.02,43.17,29.55,46.1,50.09,33.24,47.71,8.06,34.44,17.2,36.06,55.9,18.44,50.99,39.2,19.72,49.82,10.05,33.62,53.15,52.01,49.77,43.74,51.79,48.8,42.01,24.04,44.78,0.0,38.47,16.03,61.4,30.15,52.84,28.16,50.57,26.25,11.31,66.47,22.02,30.15,35.0,59.46,45.0,39.4,44.1,40.22,36.14,48.1,25.5,23.19,32.89,44.92,11.18,36.12,32.53
67,58.69,24.52,36.07,104.81,21.63,19.7,82.46,12.65,40.2,18.36,63.64,36.77,63.79,31.91,88.23,18.44,54.01,73.39,33.02,24.7,35.9,64.03,17.09,86.38,52.92,40.31,41.79,57.14,44.27,19.31,51.24,69.72,64.01,15.52,73.93,73.82,76.11,75.43,33.14,50.12,9.22,46.4,11.7,70.8,58.55,31.06,50.7,40.0,36.72,23.35,22.36,40.0,6.71,18.79,53.01,33.96,48.76,18.03,88.53,31.76,74.06,54.2,86.4,78.75,49.09,56.86,38.47,0.0,52.81,85.15,57.14,80.4,59.03,30.87,14.04,27.86,31.78,40.31,57.14,71.7,24.17,81.47,56.92,61.03,5.1,68.25,70.61,15.03,51.4,65.38,10.3,40.31,61.29,12.08
68,71.85,55.44,25.3,57.43,43.19,58.01,30.15,63.35,51.43,70.94,15.26,81.84,34.18,67.74,40.5,46.23,16.49,46.1,24.76,37.48,17.49,12.04,55.0,56.3,43.86,15.3,68.62,14.76,43.83,33.53,12.04,33.02,67.9,62.77,21.63,23.77,33.42,42.11,26.25,41.44,44.38,46.84,64.51,25.96,58.69,24.0,30.02,30.02,39.36,67.2,30.87,55.47,52.33,34.21,48.51,19.24,30.15,65.51,44.94,57.01,44.72,50.49,39.82,35.44,33.24,40.05,16.03,52.81,0.0,48.84,36.36,39.05,31.78,58.26,39.4,25.0,78.01,34.99,36.36,29.43,71.56,38.6,48.92,36.88,53.71,36.67,37.22,38.48,30.61,18.03,60.21,23.71,25.5,44.78
69,119.97,97.94,72.01,83.0,65.38,98.23,39.12,97.74,98.6,99.5,34.41,98.15,21.38,110.07,70.86,69.35,35.23,15.23,53.14,60.83,55.07,40.82,77.06,11.18,92.7,61.85,113.88,34.71,92.1,70.01,40.0,16.64,116.67,87.09,50.29,31.62,16.55,85.91,52.5,39.32,80.01,46.87,95.19,66.31,107.49,67.42,34.53,77.99,51.01,87.09,65.19,60.42,81.05,71.31,41.76,56.82,36.5,89.02,79.83,68.59,89.89,42.38,72.37,73.68,82.07,31.26,61.4,85.15,48.84,0.0,84.81,11.4,79.63,70.58,71.84,63.95,96.52,82.98,84.81,70.77,93.05,76.24,97.74,25.0,83.19,82.37,14.56,70.88,79.4,31.62,95.08,71.59,25.55,73.35
70,41.23,43.27,23.54,54.41,61.39,49.2,56.44,61.52,28.16,73.88,50.45,93.54,70.21,52.39,41.11,62.36,52.33,82.3,49.04,57.56,40.2,44.55,68.71,92.65,11.05,28.28,46.87,51.11,18.03,43.01,47.42,69.34,34.0,72.07,41.59,55.97,68.77,19.42,51.04,73.16,48.37,76.24,66.84,26.68,25.08,31.4,63.6,17.46,66.01,79.16,44.91,80.31,60.83,42.38,79.91,40.05,63.06,74.79,36.69,77.67,17.03,81.88,38.21,29.15,8.06,74.04,30.15,57.14,36.36,84.81,0.0,74.41,6.32,78.1,49.98,38.33,88.68,17.03,0.0,24.08,81.12,30.59,14.32,72.24,60.9,13.0,73.57,49.65,7.0,53.26,58.73,20.1,61.77,56.65
71,110.8,90.82,63.29,72.06,62.13,91.76,28.0,92.78,89.89,96.01,24.04,97.53,19.31,103.12,59.54,66.12,27.51,20.25,47.52,57.01,47.76,30.0,74.43,22.02,82.76,53.0,105.99,25.94,82.8,63.79,31.78,11.18,106.89,84.29,38.9,20.25,5.66,74.69,47.27,39.4,74.33,47.42,91.09,55.04,97.67,59.51,31.4,68.82,49.03,85.33,59.23,60.93,77.03,65.0,43.57,49.65,33.38,86.47,68.45,68.01,78.77,44.65,61.0,62.3,72.18,31.76,52.84,80.4,39.05,11.4,74.41,0.0,69.03,69.92,66.61,56.92,95.34,73.82,74.41,59.51,91.08,64.85,87.68,24.6,79.06,71.34,13.04,65.62,69.3,21.21,89.94,62.43,19.1,69.07
72,47.54,47.41,23.71,49.4,61.03,53.0,50.25,64.54,33.54,76.38,45.22,94.87,65.92,57.25,35.36,62.39,48.1,77.88,47.17,56.75,38.05,39.05,69.32,87.82,17.26,26.08,52.47,46.52,23.35,43.38,43.32,64.5,40.25,73.5,35.36,50.21,63.41,16.4,49.16,70.35,50.0,74.0,69.31,20.4,31.38,31.02,60.21,19.1,64.2,80.26,44.6,79.08,62.13,42.94,77.23,38.21,59.84,76.28,31.78,77.2,15.81,79.23,32.56,23.54,11.18,70.61,28.16,59.03,31.78,79.63,6.32,69.03,0.0,77.79,50.54,37.64,90.14,20.25,6.32,18.0,82.66,25.3,20.62,68.31,62.43,9.22,68.88,50.09,7.81,48.01,61.62,19.7,57.27,57.25
73,88.77,55.03,54.57,115.6,16.76,50.57,82.42,40.61,68.59,34.67,62.2,27.66,50.7,62.65,98.6,16.03,50.22,56.08,33.6,21.47,42.19,65.86,13.89,68.03,77.32,52.8,72.62,54.41,70.01,35.36,50.33,58.82,92.78,21.4,79.21,71.56,67.42,93.41,32.02,31.26,34.53,24.0,33.94,82.68,86.15,46.84,39.0,61.0,21.47,17.72,33.24,11.7,24.17,36.22,30.15,41.18,37.16,21.95,101.87,2.0,93.61,30.41,97.65,91.92,70.41,39.32,50.57,30.87,58.26,70.58,78.1,69.92,77.79,0.0,29.02,40.16,26.02,63.39,78.1,85.09,23.77,95.02,82.15,45.89,25.94,86.38,57.49,29.07,71.31,62.68,39.66,58.24,52.8,23.09
74,61.47,29.83,26.83,93.43,13.6,27.8,68.68,26.17,40.26,31.62,49.65,44.82,50.6,40.46,76.58,13.0,40.0,60.84,19.1,13.45,22.14,50.29,18.79,73.82,48.37,28.32,47.8,43.1,41.0,7.21,37.22,56.09,64.33,24.08,60.83,59.84,62.2,66.73,19.42,39.05,8.6,37.01,25.5,59.41,57.31,20.0,37.7,32.57,26.17,30.0,8.54,34.48,13.04,7.62,43.19,20.25,35.85,26.91,77.9,29.02,66.21,44.69,75.01,67.94,42.06,44.94,26.25,14.04,39.4,71.84,49.98,66.61,50.54,29.02,0.0,15.0,40.36,34.53,49.98,60.88,33.24,70.84,53.15,48.33,14.32,59.54,57.28,1.0,43.46,51.35,23.35,30.89,47.52,6.71
75,59.41,34.01,15.0,78.52,23.41,34.93,54.92,38.47,37.2,46.1,37.01,59.46,43.83,46.24,61.62,25.06,29.41,55.44,13.04,19.24,9.22,36.5,32.8,68.01,39.46,13.45,50.22,31.58,34.18,8.54,25.5,47.42,59.51,39.05,46.1,47.01,51.92,53.31,14.76,38.47,19.42,39.56,39.56,44.55,51.26,7.0,32.53,22.09,28.64,44.6,7.21,42.05,28.02,9.22,44.38,7.28,31.14,41.87,63.25,39.56,53.45,46.24,60.11,53.26,31.02,42.01,11.31,27.86,25.0,63.95,38.33,56.92,37.64,40.16,15.0,0.0,55.15,25.71,38.33,46.23,48.17,56.22,44.72,43.19,29.15,46.24,49.74,14.21,31.4,39.12,35.36,18.25,38.48,21.21
76,87.09,53.6,66.61,133.66,35.36,47.27,105.12,33.02,71.06,20.22,84.97,5.1,76.3,56.14,116.73,31.91,73.41,82.1,53.85,41.18,60.61,87.46,23.02,94.01,84.69,68.59,68.03,77.39,75.96,47.51,72.47,84.17,94.05,16.64,99.62,94.85,92.44,106.51,52.84,57.22,40.31,50.01,25.08,99.7,89.5,60.31,64.03,71.34,46.32,10.82,48.1,37.12,28.02,47.63,56.04,59.03,62.1,13.89,118.26,28.02,105.48,56.14,115.26,108.3,80.62,65.28,66.47,31.78,78.01,96.52,88.68,95.34,90.14,26.02,40.36,55.15,0.0,72.01,88.68,101.24,7.62,111.2,88.6,71.7,27.78,99.3,83.19,41.04,82.68,85.91,34.23,70.8,77.49,33.94
77,37.01,27.31,11.66,69.35,47.04,32.76,61.85,44.55,16.76,56.85,50.25,76.92,65.3,37.85,54.41,47.38,48.08,77.47,38.28,44.1,30.89,46.1,52.89,89.14,14.0,21.21,35.23,48.27,9.22,28.07,43.14,66.53,34.67,55.46,48.37,58.18,68.24,36.12,40.16,63.69,31.78,65.25,49.82,37.66,25.94,18.97,56.08,5.0,54.34,62.77,31.06,67.12,44.38,27.17,69.89,29.97,55.07,58.14,51.88,63.2,34.06,71.78,51.87,43.08,9.22,66.24,22.02,40.31,34.99,82.98,17.03,73.82,20.25,63.39,34.53,25.71,72.01,0.0,17.03,36.69,64.41,45.19,19.1,66.03,44.28,29.21,70.01,34.37,12.53,53.0,41.73,11.4,57.98,41.0
78,41.23,43.27,23.54,54.41,61.39,49.2,56.44,61.52,28.16,73.88,50.45,93.54,70.21,52.39,41.11,62.36,52.33,82.3,49.04,57.56,40.2,44.55,68.71,92.65,11.05,28.28,46.87,51.11,18.03,43.01,47.42,69.34,34.0,72.07,41.59,55.97,68.77,19.42,51.04,73.16,48.37,76.24,66.84,26.68,25.08,31.4,63.6,17.46,66.01,79.16,44.91,80.31,60.83,42.38,79.91,40.05,63.06,74.79,36.69,77.67,17.03,81.88,38.21,29.15,8.06,74.04,30.15,57.14,36.36,84.81,0.0,74.41,6.32,78.1,49.98,38.33,88.68,17.03,0.0,24.08,81.12,30.59,14.32,72.24,60.9,13.0,73.57,49.65,7.0,53.26,58.73,20.1,61.77,56.65
79,65.12,63.91,35.81,33.29,68.8,68.94,36.07,79.08,51.35,89.81,37.85,105.65,61.4,74.46,17.72,71.03,45.01,72.37,51.89,63.63,42.94,30.81,79.03,80.32,35.13,32.8,70.35,42.05,41.19,53.76,41.19,57.72,56.92,84.86,21.4,39.36,54.23,15.26,53.71,70.86,62.48,76.16,82.8,4.47,48.51,41.01,59.3,34.01,68.01,90.79,53.41,83.93,73.54,53.74,77.93,43.91,59.54,87.69,17.03,84.12,19.85,79.91,15.23,7.07,28.44,69.07,35.0,71.7,29.43,70.77,24.08,59.51,18.0,85.09,60.88,46.23,101.24,36.69,24.08,0.0,94.07,10.0,37.85,65.07,74.28,13.89,62.59,60.21,24.52,40.26,76.01,31.62,52.35,67.36
80,80.01,46.27,59.2,126.67,29.73,40.05,99.32,26.08,63.56,14.32,79.31,12.65,72.34,49.5,109.79,26.0,68.01,79.06,47.85,35.47,54.08,81.41,17.09,91.35,77.08,61.55,61.2,71.87,68.35,40.31,66.71,79.91,86.7,9.22,93.19,89.32,87.86,99.05,47.01,54.04,32.76,47.38,18.03,92.66,82.0,53.08,59.68,63.81,42.19,6.08,41.23,35.44,20.62,40.36,53.76,52.43,57.71,6.4,111.07,25.71,97.94,54.13,108.25,101.14,73.06,62.01,59.46,24.17,71.56,93.05,81.12,91.08,82.66,23.77,33.24,48.17,7.62,64.41,81.12,94.07,0.0,104.0,80.99,68.07,20.25,91.84,79.31,33.97,75.17,80.41,27.02,63.41,72.78,27.02
81,70.11,72.5,45.45,24.17,78.77,77.83,38.95,88.48,58.69,99.49,45.04,115.62,69.01,82.54,11.4,81.02,53.46,79.4,61.72,73.57,52.84,38.01,89.02,86.35,41.3,42.8,77.47,50.16,48.51,63.7,50.01,64.5,60.83,94.79,25.96,44.64,59.91,14.87,63.51,79.83,72.25,85.44,92.46,12.65,53.15,50.93,68.07,43.05,77.62,100.77,63.41,93.62,83.45,63.66,86.88,53.85,68.45,97.62,7.07,94.02,20.25,88.84,8.25,3.16,36.4,77.52,45.0,81.47,38.6,76.24,30.59,64.85,25.3,95.02,70.84,56.22,111.2,45.19,30.59,10.0,104.0,0.0,43.0,73.06,84.15,18.03,69.46,70.18,32.7,47.17,85.45,41.23,60.0,77.34
82,27.29,37.8,30.08,65.76,66.0,44.41,70.71,58.31,19.8,71.59,63.64,93.64,81.84,44.2,54.08,66.12,64.07,94.03,57.01,63.2,49.04,58.14,71.02,105.0,5.39,38.01,36.25,63.41,12.65,47.0,59.08,81.84,19.72,72.42,55.9,69.81,82.02,29.43,58.94,82.22,49.24,84.17,64.85,40.8,10.77,37.85,73.82,22.8,73.35,80.08,50.16,86.21,61.85,46.01,88.6,48.38,73.01,74.95,48.26,82.05,25.0,90.52,51.04,42.11,15.81,84.17,39.4,56.92,48.92,97.74,14.32,87.68,20.62,82.15,53.15,44.72,88.6,19.1,14.32,37.85,80.99,43.0,0.0,83.24,61.4,25.02,85.8,53.08,18.38,66.47,55.95,28.23,73.82,59.41
83,102.07,76.28,54.41,86.68,40.61,75.66,44.78,73.68,79.98,74.67,28.44,73.55,5.66,87.98,71.39,44.55,20.4,12.53,30.81,36.4,35.47,35.23,52.09,25.5,77.9,45.28,93.24,23.02,75.21,47.71,25.0,14.21,100.69,62.13,49.03,33.54,23.43,78.77,29.68,14.87,56.8,22.85,70.61,61.01,91.81,48.17,10.82,61.29,26.02,62.13,42.72,36.4,56.52,49.09,19.21,36.8,12.53,64.03,78.41,43.93,81.58,20.52,71.85,70.03,67.54,7.21,44.1,61.03,36.88,25.0,72.24,24.6,68.31,45.89,48.33,43.19,71.7,66.03,72.24,65.07,68.07,73.06,83.24,0.0,58.69,73.55,11.7,47.42,65.8,26.93,71.17,55.23,13.34,49.04
84,63.79,29.61,39.05,107.17,18.38,24.7,82.86,15.81,45.1,17.46,63.56,32.65,61.81,36.72,90.43,14.76,53.34,70.88,32.25,22.36,36.4,64.51,12.08,83.82,57.25,42.2,46.82,56.72,48.76,20.81,50.99,68.18,69.0,11.18,75.13,73.76,75.01,78.82,32.06,47.01,12.53,42.72,12.04,73.11,63.39,33.3,48.66,43.57,33.62,18.68,22.85,35.47,2.24,20.62,49.4,34.54,46.69,13.89,91.22,26.93,77.7,50.48,88.73,81.34,52.84,54.08,40.22,5.1,53.71,83.19,60.9,79.06,62.43,25.94,14.32,29.15,27.78,44.28,60.9,74.28,20.25,84.15,61.4,58.69,0.0,71.61,68.73,15.23,54.92,65.12,14.14,43.28,60.01,10.0
85,52.24,56.08,32.76,41.48,69.64,61.85,49.58,73.66,41.11,85.59,48.33,104.01,70.6,65.39,29.07,71.18,53.15,82.22,54.92,65.15,45.71,41.59,78.29,91.29,23.35,33.96,59.67,50.96,31.02,52.35,48.66,68.15,43.42,82.66,34.66,51.61,65.86,7.21,56.89,77.01,59.2,81.22,78.52,17.8,35.36,39.81,66.27,28.32,71.85,89.36,53.31,87.1,71.28,51.97,84.0,46.1,66.12,85.45,23.77,85.7,8.06,86.0,26.02,17.12,20.0,76.53,36.14,68.25,36.67,82.37,13.0,71.34,9.22,86.38,59.54,46.24,99.3,29.21,13.0,13.89,91.84,18.03,25.02,73.55,71.61,0.0,72.8,59.06,16.97,50.99,70.77,28.65,61.68,66.24
86,106.83,83.65,58.73,80.23,51.09,83.77,36.69,83.2,85.15,85.21,24.74,85.15,7.0,95.71,66.07,55.08,21.93,10.0,38.63,46.39,41.05,31.78,63.01,19.21,80.6,48.8,99.86,22.47,79.21,55.54,26.91,5.0,104.24,73.0,44.01,26.31,13.04,77.2,37.95,26.57,65.46,34.54,80.75,58.25,95.13,53.6,20.1,65.07,37.12,73.44,50.7,48.1,66.61,56.86,30.53,42.72,22.09,75.03,74.06,55.54,80.65,31.62,67.0,66.61,70.0,18.79,48.1,70.61,37.22,14.56,73.57,13.04,68.88,57.49,57.28,49.74,83.19,70.01,73.57,62.59,79.31,69.46,85.8,11.7,68.73,72.8,0.0,56.32,67.68,22.36,80.52,58.73,12.04,58.86
87,61.85,30.48,26.4,92.7,13.34,28.6,67.72,27.17,40.52,32.57,48.66,45.45,49.65,41.23,75.82,13.04,39.0,59.93,18.11,12.81,21.19,49.34,19.24,72.92,48.26,27.59,48.41,42.11,41.01,6.71,36.22,55.11,64.54,24.84,59.94,58.86,61.2,66.24,18.44,38.29,9.43,36.4,26.48,58.69,57.43,19.42,36.77,32.28,25.5,30.61,7.62,34.21,13.89,7.28,42.52,19.31,34.93,27.66,77.23,29.0,65.8,44.05,74.28,67.27,41.76,44.1,25.5,15.03,38.48,70.88,49.65,65.62,50.09,29.07,1.0,14.21,41.04,34.37,49.65,60.21,33.97,70.18,53.08,47.42,15.23,59.06,56.32,0.0,43.08,50.36,24.33,30.41,46.53,7.21
88,43.46,39.81,16.76,56.86,54.57,45.28,53.31,56.73,27.02,68.62,45.25,87.46,64.01,50.0,42.2,55.66,46.14,76.16,42.05,50.64,33.24,39.82,62.24,86.84,13.6,21.38,46.04,45.22,17.03,36.4,41.18,63.6,37.8,66.04,38.9,51.61,63.64,24.08,44.05,66.29,42.44,69.26,61.55,26.02,28.6,24.52,56.92,11.4,59.01,72.95,38.08,73.33,54.71,35.85,72.99,33.06,56.32,68.8,39.36,70.83,22.83,74.97,39.56,30.68,4.0,67.36,23.19,51.4,30.61,79.4,7.0,69.3,7.81,71.31,43.46,31.4,82.68,12.53,7.0,24.52,75.17,32.7,18.38,65.8,54.92,16.97,67.68,43.08,0.0,48.08,53.81,13.15,55.76,50.16
89,89.87,72.03,42.95,59.77,50.7,73.82,19.85,77.06,69.35,82.57,2.83,89.01,22.2,84.4,44.55,54.42,12.53,32.25,32.98,44.94,30.02,9.49,63.32,40.31,61.55,32.7,86.16,8.54,61.85,47.0,14.14,17.46,85.7,72.42,22.2,8.94,15.56,55.03,33.53,37.44,58.01,44.82,76.79,35.9,76.49,40.26,25.61,48.02,41.4,75.24,43.1,56.59,63.35,48.01,43.91,32.02,26.91,74.95,52.01,61.03,58.69,45.65,45.18,44.28,50.99,32.7,32.89,65.38,18.03,31.62,53.26,21.21,48.01,62.68,51.35,39.12,85.91,53.0,53.26,40.26,80.41,47.17,66.47,26.93,65.12,50.99,22.36,50.36,48.08,0.0,74.03,41.68,13.6,55.32
90,53.0,19.42,40.31,109.29,31.91,13.04,90.26,3.16,37.34,15.65,72.11,39.32,73.76,23.41,93.15,28.6,63.13,83.57,42.43,34.93,44.1,71.85,25.81,96.57,52.7,46.49,34.53,66.01,43.57,27.07,60.0,79.43,59.84,20.62,80.65,82.22,85.48,77.79,42.76,60.42,16.03,56.61,9.22,75.66,55.66,37.0,60.73,42.64,47.01,28.44,31.02,49.58,16.28,26.17,63.25,42.11,58.82,22.2,92.42,40.8,75.74,64.4,91.07,82.93,50.91,67.12,44.92,10.3,60.21,95.08,58.73,89.94,61.62,39.66,23.35,35.36,34.23,41.73,58.73,76.01,27.02,85.45,55.95,71.17,14.14,70.77,80.52,24.33,53.81,74.03,0.0,44.42,70.86,22.36
91,48.41,34.23,4.24,64.9,41.48,38.33,51.62,47.51,27.73,58.26,38.95,75.45,54.2,46.01,48.76,42.72,36.8,66.4,29.27,37.48,20.88,35.11,49.65,77.9,22.85,10.0,45.35,36.88,20.52,23.71,31.83,55.17,45.61,54.2,39.01,47.17,56.86,35.85,31.26,54.12,31.11,56.57,51.22,31.3,36.62,11.4,45.62,6.4,46.1,60.75,25.0,60.21,42.8,23.32,60.64,20.4,44.78,57.01,48.27,57.72,35.47,62.59,46.65,38.6,13.15,55.95,11.18,40.31,23.71,71.59,20.1,62.43,19.7,58.24,30.89,18.25,70.8,11.4,20.1,31.62,63.41,41.23,28.23,55.23,43.28,28.65,58.73,30.41,13.15,41.68,44.42,0.0,46.69,37.59
92,94.85,72.5,46.75,73.38,43.42,73.05,32.2,73.68,73.25,77.06,15.13,80.06,9.06,84.69,58.05,47.38,9.9,20.62,28.44,38.12,29.53,22.02,55.9,31.24,68.6,36.77,88.32,10.77,67.18,44.92,14.87,8.94,92.2,65.62,35.69,20.81,15.13,66.49,28.16,24.76,55.32,32.56,72.03,48.17,83.1,41.88,13.89,53.04,31.38,67.19,40.26,45.22,58.0,46.17,30.81,31.3,15.65,67.9,65.19,50.99,69.64,32.45,58.55,57.01,58.01,19.24,36.12,61.29,25.5,25.55,61.77,19.1,57.27,52.8,47.52,38.48,77.49,57.98,61.77,52.35,72.78,60.0,73.82,13.34,60.01,61.68,12.04,46.53,55.76,13.6,70.86,46.69,0.0,50.01
93,66.1,33.12,33.54,99.72,9.9,29.83,73.39,24.7,45.54,27.29,53.85,38.29,51.97,42.52,82.81,7.62,43.42,61.35,22.36,12.65,27.29,55.15,12.08,74.33,54.74,34.66,51.11,46.87,47.1,13.89,41.23,58.22,69.72,18.03,66.37,64.03,65.01,73.43,22.09,38.08,11.7,34.71,22.02,65.76,63.07,26.63,38.83,39.22,24.7,23.43,14.21,29.97,8.06,14.32,41.23,25.55,36.88,20.81,84.39,23.35,72.92,42.52,81.32,74.41,48.7,44.78,32.53,12.08,44.78,73.35,56.65,69.07,57.25,23.09,6.71,21.21,33.94,41.0,56.65,67.36,27.02,77.34,59.41,49.04,10.0,66.24,58.86,7.21,50.16,55.32,22.36,37.59,50.01,0.0
