set K:= 1	2	3	4	5	6	7	8	9	10;
set C_H:= 1	2	3	4	5	6	7	8	9	10	11	12	13	14	15	16	17	18	19	20	21	22	23	24	25	26	27	28	29	30	31	32	33	34	35	36	37	38	39	40	41	42	43	44	45	46	47	48	49;
set C_S:= 50	51	52	53	54	55	56	57	58	59	60	61	62	63	64	65	66	67	68	69	70	71	72;
set C_F:= 73	74	75	76	77	78	79;
set M:= 80	81;
set L_B:= 82	83	84	85	86	87	88	89	90	91;
set A1:=
(0,*) 1 2 3 4 5 6 7 8 9 10 11 12 13 14 15 16 17 18 19 20 21 22 23 24 25 26 27 28 29 30 31 32 33 34 35 36 37 38 39 40 41 42 43 44 45 46 47 48 49 73 74 75 76 77 78 79 80 81 82 83 84 85 86 87 88 89 90 91
(1,*) 0 2 3 4 5 6 7 8 9 10 11 12 13 14 15 16 17 18 19 20 21 22 23 24 25 26 27 28 29 30 31 32 33 34 35 36 37 38 39 40 41 42 43 44 45 46 47 48 49 73 74 75 76 77 78 79 80 81 82 83 84 85 86 87 88 89 90 91
(2,*) 0 1 3 4 5 6 7 8 9 10 11 12 13 14 15 16 17 18 19 20 21 22 23 24 25 26 27 28 29 30 31 32 33 34 35 36 37 38 39 40 41 42 43 44 45 46 47 48 49 73 74 75 76 77 78 79 80 81 82 83 84 85 86 87 88 89 90 91
(3,*) 0 1 2 4 5 6 7 8 9 10 11 12 13 14 15 16 17 18 19 20 21 22 23 24 25 26 27 28 29 30 31 32 33 34 35 36 37 38 39 40 41 42 43 44 45 46 47 48 49 73 74 75 76 77 78 79 80 81 82 83 84 85 86 87 88 89 90 91
(4,*) 0 1 2 3 5 6 7 8 9 10 11 12 13 14 15 16 17 18 19 20 21 22 23 24 25 26 27 28 29 30 31 32 33 34 35 36 37 38 39 40 41 42 43 44 45 46 47 48 49 73 74 75 76 77 78 79 80 81 82 83 84 85 86 87 88 89 90 91
(5,*) 0 1 2 3 4 6 7 8 9 10 11 12 13 14 15 16 17 18 19 20 21 22 23 24 25 26 27 28 29 30 31 32 33 34 35 36 37 38 39 40 41 42 43 44 45 46 47 48 49 73 74 75 76 77 78 79 80 81 82 83 84 85 86 87 88 89 90 91
(6,*) 0 1 2 3 4 5 7 8 9 10 11 12 13 14 15 16 17 18 19 20 21 22 23 24 25 26 27 28 29 30 31 32 33 34 35 36 37 38 39 40 41 42 43 44 45 46 47 48 49 73 74 75 76 77 78 79 80 81 82 83 84 85 86 87 88 89 90 91
(7,*) 0 1 2 3 4 5 6 8 9 10 11 12 13 14 15 16 17 18 19 20 21 22 23 24 25 26 27 28 29 30 31 32 33 34 35 36 37 38 39 40 41 42 43 44 45 46 47 48 49 73 74 75 76 77 78 79 80 81 82 83 84 85 86 87 88 89 90 91
(8,*) 0 1 2 3 4 5 6 7 9 10 11 12 13 14 15 16 17 18 19 20 21 22 23 24 25 26 27 28 29 30 31 32 33 34 35 36 37 38 39 40 41 42 43 44 45 46 47 48 49 73 74 75 76 77 78 79 80 81 82 83 84 85 86 87 88 89 90 91
(9,*) 0 1 2 3 4 5 6 7 8 10 11 12 13 14 15 16 17 18 19 20 21 22 23 24 25 26 27 28 29 30 31 32 33 34 35 36 37 38 39 40 41 42 43 44 45 46 47 48 49 73 74 75 76 77 78 79 80 81 82 83 84 85 86 87 88 89 90 91
(10,*) 0 1 2 3 4 5 6 7 8 9 11 12 13 14 15 16 17 18 19 20 21 22 23 24 25 26 27 28 29 30 31 32 33 34 35 36 37 38 39 40 41 42 43 44 45 46 47 48 49 73 74 75 76 77 78 79 80 81 82 83 84 85 86 87 88 89 90 91
(11,*) 0 1 2 3 4 5 6 7 8 9 10 12 13 14 15 16 17 18 19 20 21 22 23 24 25 26 27 28 29 30 31 32 33 34 35 36 37 38 39 40 41 42 43 44 45 46 47 48 49 73 74 75 76 77 78 79 80 81 82 83 84 85 86 87 88 89 90 91
(12,*) 0 1 2 3 4 5 6 7 8 9 10 11 13 14 15 16 17 18 19 20 21 22 23 24 25 26 27 28 29 30 31 32 33 34 35 36 37 38 39 40 41 42 43 44 45 46 47 48 49 73 74 75 76 77 78 79 80 81 82 83 84 85 86 87 88 89 90 91
(13,*) 0 1 2 3 4 5 6 7 8 9 10 11 12 14 15 16 17 18 19 20 21 22 23 24 25 26 27 28 29 30 31 32 33 34 35 36 37 38 39 40 41 42 43 44 45 46 47 48 49 73 74 75 76 77 78 79 80 81 82 83 84 85 86 87 88 89 90 91
(14,*) 0 1 2 3 4 5 6 7 8 9 10 11 12 13 15 16 17 18 19 20 21 22 23 24 25 26 27 28 29 30 31 32 33 34 35 36 37 38 39 40 41 42 43 44 45 46 47 48 49 73 74 75 76 77 78 79 80 81 82 83 84 85 86 87 88 89 90 91
(15,*) 0 1 2 3 4 5 6 7 8 9 10 11 12 13 14 16 17 18 19 20 21 22 23 24 25 26 27 28 29 30 31 32 33 34 35 36 37 38 39 40 41 42 43 44 45 46 47 48 49 73 74 75 76 77 78 79 80 81 82 83 84 85 86 87 88 89 90 91
(16,*) 0 1 2 3 4 5 6 7 8 9 10 11 12 13 14 15 17 18 19 20 21 22 23 24 25 26 27 28 29 30 31 32 33 34 35 36 37 38 39 40 41 42 43 44 45 46 47 48 49 73 74 75 76 77 78 79 80 81 82 83 84 85 86 87 88 89 90 91
(17,*) 0 1 2 3 4 5 6 7 8 9 10 11 12 13 14 15 16 18 19 20 21 22 23 24 25 26 27 28 29 30 31 32 33 34 35 36 37 38 39 40 41 42 43 44 45 46 47 48 49 73 74 75 76 77 78 79 80 81 82 83 84 85 86 87 88 89 90 91
(18,*) 0 1 2 3 4 5 6 7 8 9 10 11 12 13 14 15 16 17 19 20 21 22 23 24 25 26 27 28 29 30 31 32 33 34 35 36 37 38 39 40 41 42 43 44 45 46 47 48 49 73 74 75 76 77 78 79 80 81 82 83 84 85 86 87 88 89 90 91
(19,*) 0 1 2 3 4 5 6 7 8 9 10 11 12 13 14 15 16 17 18 20 21 22 23 24 25 26 27 28 29 30 31 32 33 34 35 36 37 38 39 40 41 42 43 44 45 46 47 48 49 73 74 75 76 77 78 79 80 81 82 83 84 85 86 87 88 89 90 91
(20,*) 0 1 2 3 4 5 6 7 8 9 10 11 12 13 14 15 16 17 18 19 21 22 23 24 25 26 27 28 29 30 31 32 33 34 35 36 37 38 39 40 41 42 43 44 45 46 47 48 49 73 74 75 76 77 78 79 80 81 82 83 84 85 86 87 88 89 90 91
(21,*) 0 1 2 3 4 5 6 7 8 9 10 11 12 13 14 15 16 17 18 19 20 22 23 24 25 26 27 28 29 30 31 32 33 34 35 36 37 38 39 40 41 42 43 44 45 46 47 48 49 73 74 75 76 77 78 79 80 81 82 83 84 85 86 87 88 89 90 91
(22,*) 0 1 2 3 4 5 6 7 8 9 10 11 12 13 14 15 16 17 18 19 20 21 23 24 25 26 27 28 29 30 31 32 33 34 35 36 37 38 39 40 41 42 43 44 45 46 47 48 49 73 74 75 76 77 78 79 80 81 82 83 84 85 86 87 88 89 90 91
(23,*) 0 1 2 3 4 5 6 7 8 9 10 11 12 13 14 15 16 17 18 19 20 21 22 24 25 26 27 28 29 30 31 32 33 34 35 36 37 38 39 40 41 42 43 44 45 46 47 48 49 73 74 75 76 77 78 79 80 81 82 83 84 85 86 87 88 89 90 91
(24,*) 0 1 2 3 4 5 6 7 8 9 10 11 12 13 14 15 16 17 18 19 20 21 22 23 25 26 27 28 29 30 31 32 33 34 35 36 37 38 39 40 41 42 43 44 45 46 47 48 49 73 74 75 76 77 78 79 80 81 82 83 84 85 86 87 88 89 90 91
(25,*) 0 1 2 3 4 5 6 7 8 9 10 11 12 13 14 15 16 17 18 19 20 21 22 23 24 26 27 28 29 30 31 32 33 34 35 36 37 38 39 40 41 42 43 44 45 46 47 48 49 73 74 75 76 77 78 79 80 81 82 83 84 85 86 87 88 89 90 91
(26,*) 0 1 2 3 4 5 6 7 8 9 10 11 12 13 14 15 16 17 18 19 20 21 22 23 24 25 27 28 29 30 31 32 33 34 35 36 37 38 39 40 41 42 43 44 45 46 47 48 49 73 74 75 76 77 78 79 80 81 82 83 84 85 86 87 88 89 90 91
(27,*) 0 1 2 3 4 5 6 7 8 9 10 11 12 13 14 15 16 17 18 19 20 21 22 23 24 25 26 28 29 30 31 32 33 34 35 36 37 38 39 40 41 42 43 44 45 46 47 48 49 73 74 75 76 77 78 79 80 81 82 83 84 85 86 87 88 89 90 91
(28,*) 0 1 2 3 4 5 6 7 8 9 10 11 12 13 14 15 16 17 18 19 20 21 22 23 24 25 26 27 29 30 31 32 33 34 35 36 37 38 39 40 41 42 43 44 45 46 47 48 49 73 74 75 76 77 78 79 80 81 82 83 84 85 86 87 88 89 90 91
(29,*) 0 1 2 3 4 5 6 7 8 9 10 11 12 13 14 15 16 17 18 19 20 21 22 23 24 25 26 27 28 30 31 32 33 34 35 36 37 38 39 40 41 42 43 44 45 46 47 48 49 73 74 75 76 77 78 79 80 81 82 83 84 85 86 87 88 89 90 91
(30,*) 0 1 2 3 4 5 6 7 8 9 10 11 12 13 14 15 16 17 18 19 20 21 22 23 24 25 26 27 28 29 31 32 33 34 35 36 37 38 39 40 41 42 43 44 45 46 47 48 49 73 74 75 76 77 78 79 80 81 82 83 84 85 86 87 88 89 90 91
(31,*) 0 1 2 3 4 5 6 7 8 9 10 11 12 13 14 15 16 17 18 19 20 21 22 23 24 25 26 27 28 29 30 32 33 34 35 36 37 38 39 40 41 42 43 44 45 46 47 48 49 73 74 75 76 77 78 79 80 81 82 83 84 85 86 87 88 89 90 91
(32,*) 0 1 2 3 4 5 6 7 8 9 10 11 12 13 14 15 16 17 18 19 20 21 22 23 24 25 26 27 28 29 30 31 33 34 35 36 37 38 39 40 41 42 43 44 45 46 47 48 49 73 74 75 76 77 78 79 80 81 82 83 84 85 86 87 88 89 90 91
(33,*) 0 1 2 3 4 5 6 7 8 9 10 11 12 13 14 15 16 17 18 19 20 21 22 23 24 25 26 27 28 29 30 31 32 34 35 36 37 38 39 40 41 42 43 44 45 46 47 48 49 73 74 75 76 77 78 79 80 81 82 83 84 85 86 87 88 89 90 91
(34,*) 0 1 2 3 4 5 6 7 8 9 10 11 12 13 14 15 16 17 18 19 20 21 22 23 24 25 26 27 28 29 30 31 32 33 35 36 37 38 39 40 41 42 43 44 45 46 47 48 49 73 74 75 76 77 78 79 80 81 82 83 84 85 86 87 88 89 90 91
(35,*) 0 1 2 3 4 5 6 7 8 9 10 11 12 13 14 15 16 17 18 19 20 21 22 23 24 25 26 27 28 29 30 31 32 33 34 36 37 38 39 40 41 42 43 44 45 46 47 48 49 73 74 75 76 77 78 79 80 81 82 83 84 85 86 87 88 89 90 91
(36,*) 0 1 2 3 4 5 6 7 8 9 10 11 12 13 14 15 16 17 18 19 20 21 22 23 24 25 26 27 28 29 30 31 32 33 34 35 37 38 39 40 41 42 43 44 45 46 47 48 49 73 74 75 76 77 78 79 80 81 82 83 84 85 86 87 88 89 90 91
(37,*) 0 1 2 3 4 5 6 7 8 9 10 11 12 13 14 15 16 17 18 19 20 21 22 23 24 25 26 27 28 29 30 31 32 33 34 35 36 38 39 40 41 42 43 44 45 46 47 48 49 73 74 75 76 77 78 79 80 81 82 83 84 85 86 87 88 89 90 91
(38,*) 0 1 2 3 4 5 6 7 8 9 10 11 12 13 14 15 16 17 18 19 20 21 22 23 24 25 26 27 28 29 30 31 32 33 34 35 36 37 39 40 41 42 43 44 45 46 47 48 49 73 74 75 76 77 78 79 80 81 82 83 84 85 86 87 88 89 90 91
(39,*) 0 1 2 3 4 5 6 7 8 9 10 11 12 13 14 15 16 17 18 19 20 21 22 23 24 25 26 27 28 29 30 31 32 33 34 35 36 37 38 40 41 42 43 44 45 46 47 48 49 73 74 75 76 77 78 79 80 81 82 83 84 85 86 87 88 89 90 91
(40,*) 0 1 2 3 4 5 6 7 8 9 10 11 12 13 14 15 16 17 18 19 20 21 22 23 24 25 26 27 28 29 30 31 32 33 34 35 36 37 38 39 41 42 43 44 45 46 47 48 49 73 74 75 76 77 78 79 80 81 82 83 84 85 86 87 88 89 90 91
(41,*) 0 1 2 3 4 5 6 7 8 9 10 11 12 13 14 15 16 17 18 19 20 21 22 23 24 25 26 27 28 29 30 31 32 33 34 35 36 37 38 39 40 42 43 44 45 46 47 48 49 73 74 75 76 77 78 79 80 81 82 83 84 85 86 87 88 89 90 91
(42,*) 0 1 2 3 4 5 6 7 8 9 10 11 12 13 14 15 16 17 18 19 20 21 22 23 24 25 26 27 28 29 30 31 32 33 34 35 36 37 38 39 40 41 43 44 45 46 47 48 49 73 74 75 76 77 78 79 80 81 82 83 84 85 86 87 88 89 90 91
(43,*) 0 1 2 3 4 5 6 7 8 9 10 11 12 13 14 15 16 17 18 19 20 21 22 23 24 25 26 27 28 29 30 31 32 33 34 35 36 37 38 39 40 41 42 44 45 46 47 48 49 73 74 75 76 77 78 79 80 81 82 83 84 85 86 87 88 89 90 91
(44,*) 0 1 2 3 4 5 6 7 8 9 10 11 12 13 14 15 16 17 18 19 20 21 22 23 24 25 26 27 28 29 30 31 32 33 34 35 36 37 38 39 40 41 42 43 45 46 47 48 49 73 74 75 76 77 78 79 80 81 82 83 84 85 86 87 88 89 90 91
(45,*) 0 1 2 3 4 5 6 7 8 9 10 11 12 13 14 15 16 17 18 19 20 21 22 23 24 25 26 27 28 29 30 31 32 33 34 35 36 37 38 39 40 41 42 43 44 46 47 48 49 73 74 75 76 77 78 79 80 81 82 83 84 85 86 87 88 89 90 91
(46,*) 0 1 2 3 4 5 6 7 8 9 10 11 12 13 14 15 16 17 18 19 20 21 22 23 24 25 26 27 28 29 30 31 32 33 34 35 36 37 38 39 40 41 42 43 44 45 47 48 49 73 74 75 76 77 78 79 80 81 82 83 84 85 86 87 88 89 90 91
(47,*) 0 1 2 3 4 5 6 7 8 9 10 11 12 13 14 15 16 17 18 19 20 21 22 23 24 25 26 27 28 29 30 31 32 33 34 35 36 37 38 39 40 41 42 43 44 45 46 48 49 73 74 75 76 77 78 79 80 81 82 83 84 85 86 87 88 89 90 91
(48,*) 0 1 2 3 4 5 6 7 8 9 10 11 12 13 14 15 16 17 18 19 20 21 22 23 24 25 26 27 28 29 30 31 32 33 34 35 36 37 38 39 40 41 42 43 44 45 46 47 49 73 74 75 76 77 78 79 80 81 82 83 84 85 86 87 88 89 90 91
(49,*) 0 1 2 3 4 5 6 7 8 9 10 11 12 13 14 15 16 17 18 19 20 21 22 23 24 25 26 27 28 29 30 31 32 33 34 35 36 37 38 39 40 41 42 43 44 45 46 47 48 73 74 75 76 77 78 79 80 81 82 83 84 85 86 87 88 89 90 91
(73,*) 0 1 2 3 4 5 6 7 8 9 10 11 12 13 14 15 16 17 18 19 20 21 22 23 24 25 26 27 28 29 30 31 32 33 34 35 36 37 38 39 40 41 42 43 44 45 46 47 48 49 74 75 76 77 78 79 80 81 82 83 84 85 86 87 88 89 90 91
(74,*) 0 1 2 3 4 5 6 7 8 9 10 11 12 13 14 15 16 17 18 19 20 21 22 23 24 25 26 27 28 29 30 31 32 33 34 35 36 37 38 39 40 41 42 43 44 45 46 47 48 49 73 75 76 77 78 79 80 81 82 83 84 85 86 87 88 89 90 91
(75,*) 0 1 2 3 4 5 6 7 8 9 10 11 12 13 14 15 16 17 18 19 20 21 22 23 24 25 26 27 28 29 30 31 32 33 34 35 36 37 38 39 40 41 42 43 44 45 46 47 48 49 73 74 76 77 78 79 80 81 82 83 84 85 86 87 88 89 90 91
(76,*) 0 1 2 3 4 5 6 7 8 9 10 11 12 13 14 15 16 17 18 19 20 21 22 23 24 25 26 27 28 29 30 31 32 33 34 35 36 37 38 39 40 41 42 43 44 45 46 47 48 49 73 74 75 77 78 79 80 81 82 83 84 85 86 87 88 89 90 91
(77,*) 0 1 2 3 4 5 6 7 8 9 10 11 12 13 14 15 16 17 18 19 20 21 22 23 24 25 26 27 28 29 30 31 32 33 34 35 36 37 38 39 40 41 42 43 44 45 46 47 48 49 73 74 75 76 78 79 80 81 82 83 84 85 86 87 88 89 90 91
(78,*) 0 1 2 3 4 5 6 7 8 9 10 11 12 13 14 15 16 17 18 19 20 21 22 23 24 25 26 27 28 29 30 31 32 33 34 35 36 37 38 39 40 41 42 43 44 45 46 47 48 49 73 74 75 76 77 79 80 81 82 83 84 85 86 87 88 89 90 91
(79,*) 0 1 2 3 4 5 6 7 8 9 10 11 12 13 14 15 16 17 18 19 20 21 22 23 24 25 26 27 28 29 30 31 32 33 34 35 36 37 38 39 40 41 42 43 44 45 46 47 48 49 73 74 75 76 77 78 80 81 82 83 84 85 86 87 88 89 90 91
(80,*) 0 1 2 3 4 5 6 7 8 9 10 11 12 13 14 15 16 17 18 19 20 21 22 23 24 25 26 27 28 29 30 31 32 33 34 35 36 37 38 39 40 41 42 43 44 45 46 47 48 49 73 74 75 76 77 78 79 81 82 83 84 85 86 87 88 89 90 91
(81,*) 0 1 2 3 4 5 6 7 8 9 10 11 12 13 14 15 16 17 18 19 20 21 22 23 24 25 26 27 28 29 30 31 32 33 34 35 36 37 38 39 40 41 42 43 44 45 46 47 48 49 73 74 75 76 77 78 79 80 82 83 84 85 86 87 88 89 90 91
(82,*) 0 1 2 3 4 5 6 7 8 9 10 11 12 13 14 15 16 17 18 19 20 21 22 23 24 25 26 27 28 29 30 31 32 33 34 35 36 37 38 39 40 41 42 43 44 45 46 47 48 49 73 74 75 76 77 78 79 80 81 83 84 85 86 87 88 89 90 91
(83,*) 0 1 2 3 4 5 6 7 8 9 10 11 12 13 14 15 16 17 18 19 20 21 22 23 24 25 26 27 28 29 30 31 32 33 34 35 36 37 38 39 40 41 42 43 44 45 46 47 48 49 73 74 75 76 77 78 79 80 81 82 84 85 86 87 88 89 90 91
(84,*) 0 1 2 3 4 5 6 7 8 9 10 11 12 13 14 15 16 17 18 19 20 21 22 23 24 25 26 27 28 29 30 31 32 33 34 35 36 37 38 39 40 41 42 43 44 45 46 47 48 49 73 74 75 76 77 78 79 80 81 82 83 85 86 87 88 89 90 91
(85,*) 0 1 2 3 4 5 6 7 8 9 10 11 12 13 14 15 16 17 18 19 20 21 22 23 24 25 26 27 28 29 30 31 32 33 34 35 36 37 38 39 40 41 42 43 44 45 46 47 48 49 73 74 75 76 77 78 79 80 81 82 83 84 86 87 88 89 90 91
(86,*) 0 1 2 3 4 5 6 7 8 9 10 11 12 13 14 15 16 17 18 19 20 21 22 23 24 25 26 27 28 29 30 31 32 33 34 35 36 37 38 39 40 41 42 43 44 45 46 47 48 49 73 74 75 76 77 78 79 80 81 82 83 84 85 87 88 89 90 91
(87,*) 0 1 2 3 4 5 6 7 8 9 10 11 12 13 14 15 16 17 18 19 20 21 22 23 24 25 26 27 28 29 30 31 32 33 34 35 36 37 38 39 40 41 42 43 44 45 46 47 48 49 73 74 75 76 77 78 79 80 81 82 83 84 85 86 88 89 90 91
(88,*) 0 1 2 3 4 5 6 7 8 9 10 11 12 13 14 15 16 17 18 19 20 21 22 23 24 25 26 27 28 29 30 31 32 33 34 35 36 37 38 39 40 41 42 43 44 45 46 47 48 49 73 74 75 76 77 78 79 80 81 82 83 84 85 86 87 89 90 91
(89,*) 0 1 2 3 4 5 6 7 8 9 10 11 12 13 14 15 16 17 18 19 20 21 22 23 24 25 26 27 28 29 30 31 32 33 34 35 36 37 38 39 40 41 42 43 44 45 46 47 48 49 73 74 75 76 77 78 79 80 81 82 83 84 85 86 87 88 90 91
(90,*) 0 1 2 3 4 5 6 7 8 9 10 11 12 13 14 15 16 17 18 19 20 21 22 23 24 25 26 27 28 29 30 31 32 33 34 35 36 37 38 39 40 41 42 43 44 45 46 47 48 49 73 74 75 76 77 78 79 80 81 82 83 84 85 86 87 88 89 91
(91,*) 0 1 2 3 4 5 6 7 8 9 10 11 12 13 14 15 16 17 18 19 20 21 22 23 24 25 26 27 28 29 30 31 32 33 34 35 36 37 38 39 40 41 42 43 44 45 46 47 48 49 73 74 75 76 77 78 79 80 81 82 83 84 85 86 87 88 89 90
;
set A2:=
(80,*) 81
(81,*) 80
;
param BigM:=99999;
param n:= 10;
param d:=
1	5
2	11
3	23
4	9
5	9
6	2
7	2
8	20
9	26
10	12
11	15
12	13
13	26
14	17
15	7
16	12
17	20
18	10
19	9
20	2
21	12
22	21
23	23
24	3
25	23
26	11
27	7
28	13
29	10
30	6
31	13
32	2
33	14
34	22
35	13
36	18
37	6
38	2
39	11
40	5
41	9
42	5
43	12
44	12
45	19
46	6
47	14
48	2
49	24
50	24
51	23
52	23
53	14
54	16
55	12
56	6
57	4
58	4
59	9
60	1
61	2
62	2
63	23
64	13
65	6
66	2
67	3
68	7
69	7
70	22
71	22
72	2
73	22
74	26
75	14
76	13
77	21
78	9
79	2
;
param Q:=100;
param w:=
[80,*] 81 1
[81,*] 80 1
;
param V:=
[80,*] 81 85
[81,*] 80 85
;
param f:=
80	100
81	100
82	100
83	100
84	100
85	100
86	100
87	100
88	100
89	100
90	100
91	100
;
param e:
	80	81	82	83	84	85	86	87	88	89	90	91:=
50	0	0	0	1	0	1	1	0	1	1	0	1	
51	0	0	1	1	0	1	1	1	1	1	0	1	
52	0	1	0	0	1	0	0	0	0	0	1	0	
53	1	0	1	0	0	1	0	0	1	0	0	1	
54	1	0	1	1	0	1	1	1	1	0	0	1	
55	0	0	0	1	0	1	1	0	0	1	0	0	
56	0	0	1	0	1	0	0	1	1	0	1	1	
57	0	0	0	0	1	0	0	1	0	0	1	0	
58	0	0	1	0	1	1	1	1	1	0	1	1	
59	0	1	0	1	0	0	0	0	0	0	0	0	
60	0	1	0	1	1	0	1	1	0	0	1	0	
61	1	0	1	0	0	1	0	1	1	0	0	1	
62	0	0	0	0	1	0	0	0	0	0	1	0	
63	0	1	0	1	0	0	1	0	0	1	0	0	
64	0	0	0	0	0	0	1	0	0	1	0	0	
65	1	0	1	1	0	1	1	1	1	0	0	1	
66	0	0	0	0	1	0	0	1	0	0	1	0	
67	0	0	0	1	0	1	1	0	1	1	0	0	
68	0	0	0	0	1	0	0	1	0	0	1	0	
69	0	1	0	1	0	0	1	0	0	1	0	0	
70	0	0	1	0	1	0	0	1	1	0	1	1	
71	1	0	1	0	0	1	1	0	1	0	0	1	
72	0	0	0	1	0	1	1	1	1	1	0	0	
73	1	0	1	0	0	1	0	1	1	0	0	1	
74	1	0	1	0	0	1	1	0	1	0	0	1	
75	1	0	1	0	0	1	0	1	1	0	0	1	
76	0	0	1	0	1	0	1	1	1	0	1	0	
77	0	0	1	0	1	0	0	1	1	0	1	0	
78	0	0	0	0	1	0	0	1	0	0	1	0	
79	0	1	0	1	1	0	1	0	0	0	0	0	
;
param p:=
1	1
2	1
3	1
4	1
5	1
6	1
7	1
8	1
9	1
10	1
;
param G:=
80	85
81	82
82	72
83	94
84	74
85	88
86	72
87	88
88	74
89	93
90	89
91	82
;
param s:=
0	0
1	15
2	15
3	15
4	15
5	15
6	15
7	15
8	15
9	15
10	15
11	15
12	15
13	15
14	15
15	15
16	15
17	15
18	15
19	15
20	15
21	15
22	15
23	15
24	15
25	15
26	15
27	15
28	15
29	15
30	15
31	15
32	15
33	15
34	15
35	15
36	15
37	15
38	15
39	15
40	15
41	15
42	15
43	15
44	15
45	15
46	15
47	15
48	15
49	15
73	15
74	15
75	15
76	15
77	15
78	15
79	15
80	10
81	10
82	10
83	10
84	10
85	10
86	10
87	10
88	10
89	10
90	10
91	10
;
param t:
	0	1	2	3	4	5	6	7	8	9	10	11	12	13	14	15	16	17	18	19	20	21	22	23	24	25	26	27	28	29	30	31	32	33	34	35	36	37	38	39	40	41	42	43	44	45	46	47	48	49	50	51	52	53	54	55	56	57	58	59	60	61	62	63	64	65	66	67	68	69	70	71	72	73	74	75	76	77	78	79	80	81	82	83	84	85	86	87	88	89	90	91:=
0	0.0	92.2	62.27	75.03	95.86	54.08	67.36	87.09	65.3	92.14	101.83	90.43	32.02	81.3	61.47	73.68	84.96	75.06	59.41	74.25	66.6	30.36	58.14	28.02	104.81	78.23	80.06	87.09	11.66	69.35	73.17	39.81	82.28	94.51	74.06	58.73	54.41	71.85	119.97	41.23	41.23	97.53	47.54	62.03	17.0	53.91	91.68	65.12	86.35	81.15	34.23	48.1	96.77	65.12	56.36	22.2	103.08	113.9	72.42	75.01	82.49	75.5	125.87	51.09	19.92	57.71	103.48	37.01	105.21	56.01	97.64	58.69	42.01	88.77	40.01	89.29	85.28	101.4	110.8	67.91	80.01	70.11	73.93	43.66	92.42	59.03	44.2	82.22	66.31	26.02	93.38	70.21
1	92.2	0.0	85.56	100.0	112.68	112.36	123.0	58.52	75.07	137.89	81.74	85.0	106.63	17.03	93.43	102.65	69.35	120.34	78.52	94.49	73.76	64.76	65.12	72.42	104.92	18.44	67.12	133.66	82.0	26.42	117.52	60.54	38.08	53.94	83.6	67.21	95.6	57.43	83.0	54.41	54.41	102.86	49.4	116.02	75.24	73.88	84.17	33.29	96.57	123.04	96.66	69.07	44.1	106.3	86.56	82.57	103.08	90.09	82.01	17.72	52.39	111.04	94.02	41.11	101.14	86.45	75.31	69.35	68.36	36.35	96.25	104.81	67.12	115.6	101.97	114.4	65.39	92.36	72.06	34.06	126.67	24.17	97.19	55.15	62.36	103.23	65.86	77.9	94.05	66.37	74.0	101.83
2	62.27	85.56	0.0	16.49	36.06	34.0	40.16	41.3	11.7	52.35	44.28	30.23	45.28	68.62	8.54	17.89	32.14	35.0	7.21	13.04	13.6	45.04	20.62	38.83	42.54	67.18	29.02	48.1	63.57	60.44	32.2	37.34	52.35	51.48	13.04	18.44	15.13	30.87	65.19	44.91	44.91	35.34	44.6	33.96	55.79	13.6	31.91	53.41	24.17	37.48	33.6	21.38	60.17	21.47	6.4	40.25	40.82	55.23	12.08	70.43	41.76	25.61	68.1	60.41	50.93	5.0	49.04	31.06	54.59	60.42	35.61	22.36	28.07	33.24	33.11	32.76	35.0	40.36	59.23	51.66	41.23	63.41	14.14	40.26	44.0	20.4	27.29	24.35	8.6	53.24	38.33	16.4
3	75.03	100.0	16.49	0.0	20.88	34.0	34.13	49.66	25.0	38.83	44.1	29.02	52.4	82.98	13.6	4.0	38.28	24.52	23.41	5.83	26.25	61.03	36.24	54.15	32.65	81.84	37.12	35.36	77.88	75.72	22.2	53.76	64.66	59.62	17.49	34.0	21.1	43.19	65.38	61.39	61.39	24.84	61.03	30.08	70.71	30.08	31.02	68.8	15.23	24.6	42.72	37.85	69.77	16.16	20.02	53.85	31.4	52.63	18.6	85.7	52.15	12.65	65.52	76.84	60.75	19.0	51.04	47.04	58.55	76.69	28.64	21.63	44.41	16.76	39.7	16.28	42.15	35.74	62.13	66.61	29.73	78.77	2.83	56.75	50.6	20.0	43.74	28.16	9.06	69.01	41.44	6.71
4	95.86	112.68	36.06	20.88	0.0	50.91	46.14	56.59	41.0	38.05	41.63	29.83	71.85	95.88	34.48	22.36	44.6	33.54	42.05	23.02	41.48	81.1	53.15	74.67	19.03	95.29	45.8	37.12	98.72	90.47	32.76	73.06	75.21	65.19	30.36	50.99	41.63	55.47	60.42	80.31	80.31	13.6	79.08	44.82	91.41	49.04	31.4	83.93	16.12	29.41	63.06	57.04	76.42	33.42	40.61	74.73	19.03	45.54	32.28	100.22	61.22	24.08	57.04	94.73	81.01	39.46	50.09	67.12	59.06	93.86	21.54	40.0	64.0	11.7	59.36	9.85	48.84	29.41	60.93	81.02	35.44	93.62	22.36	75.43	55.32	38.83	63.03	35.0	29.83	89.27	43.6	25.94
5	54.08	112.36	34.0	34.0	50.91	0.0	13.6	75.17	45.18	38.05	76.4	61.4	23.54	96.25	26.17	30.53	66.07	21.84	38.47	37.34	47.17	55.22	49.65	46.04	66.29	94.15	63.01	33.02	61.39	85.98	20.62	53.76	83.82	85.29	45.54	48.08	19.1	63.35	97.74	61.52	61.52	58.52	64.54	8.06	57.58	40.16	63.32	79.08	49.19	28.16	21.19	43.42	93.38	18.03	29.27	39.4	65.19	86.03	45.28	95.44	74.97	26.91	99.02	78.52	35.13	30.15	82.2	44.55	88.36	80.66	62.61	12.65	45.61	40.61	14.56	41.87	69.0	69.46	92.78	78.77	26.08	88.48	34.93	58.8	78.0	14.56	46.62	57.56	29.83	60.42	71.7	27.29
6	67.36	123.0	40.16	34.13	46.14	13.6	0.0	81.02	51.87	25.08	78.23	63.13	36.01	106.51	31.62	30.15	70.71	12.81	46.1	39.0	53.76	68.26	58.67	59.17	63.69	104.62	68.45	20.22	74.95	96.83	13.42	65.95	92.2	91.22	49.37	56.82	27.46	70.94	99.5	73.88	73.88	56.3	76.38	7.07	71.17	49.4	65.12	89.81	48.84	18.44	34.79	54.04	100.28	19.24	37.12	52.92	62.97	86.49	49.65	106.53	81.91	23.09	99.25	90.91	48.01	37.58	85.01	56.85	92.14	92.7	61.85	18.36	57.28	34.67	28.16	36.36	74.15	69.43	96.01	89.05	14.32	99.49	36.01	70.77	83.02	20.12	58.0	61.2	33.54	73.79	75.06	28.0
7	87.09	58.52	41.3	49.66	56.59	75.17	81.02	0.0	30.02	88.19	24.02	27.2	82.0	42.95	49.65	53.31	12.04	73.74	37.01	43.86	28.02	58.73	30.08	59.08	46.52	43.42	12.65	84.97	82.88	42.11	71.17	48.17	20.62	10.2	32.31	30.36	56.08	15.26	34.41	50.45	50.45	45.22	45.22	75.13	73.66	37.85	26.08	37.85	41.11	74.25	69.63	40.31	20.25	61.85	46.01	66.65	44.72	34.53	31.62	50.09	7.07	62.24	42.95	56.08	83.57	45.04	19.92	50.25	18.38	52.5	38.08	63.64	45.28	62.2	71.57	60.61	7.81	33.84	24.04	33.54	79.31	45.04	47.01	46.01	5.83	61.66	43.05	22.2	47.54	66.48	15.52	54.08
8	65.3	75.07	11.7	25.0	41.0	45.18	51.87	30.02	0.0	63.03	37.01	25.24	53.49	58.05	20.25	27.59	22.14	46.32	7.28	19.72	2.0	43.01	12.17	38.95	42.2	56.85	18.25	59.03	64.5	50.77	43.57	33.54	40.82	40.11	11.0	10.05	26.08	19.24	56.82	40.05	40.05	36.22	38.21	45.61	55.9	11.4	26.4	43.91	26.02	48.27	41.23	18.38	48.51	33.11	16.0	43.19	40.26	48.84	9.0	60.75	30.08	36.12	61.22	53.76	57.14	15.03	40.25	29.97	44.64	52.89	33.84	33.96	25.63	41.18	42.2	40.25	24.33	36.36	49.65	41.62	52.43	53.85	22.2	35.01	33.24	32.02	24.04	16.97	19.42	51.55	29.53	27.02
9	92.14	137.89	52.35	38.83	38.05	38.05	25.08	88.19	63.03	0.0	78.34	64.51	61.07	120.92	44.82	35.61	76.48	18.79	59.46	44.65	64.54	89.69	72.92	80.99	57.01	119.52	75.8	5.1	99.14	112.7	21.47	85.48	103.41	97.95	56.3	70.77	45.18	81.84	98.15	93.54	93.54	51.35	94.87	30.15	94.59	64.82	66.41	105.65	48.7	14.87	58.69	71.28	108.41	32.76	52.2	76.16	57.08	83.49	57.43	122.67	90.97	26.91	95.08	110.28	73.01	52.01	86.4	76.92	94.87	111.22	58.86	36.77	76.16	27.66	52.35	29.61	80.53	66.91	97.53	104.0	12.65	115.62	41.62	89.69	88.57	37.58	76.32	66.19	43.84	96.14	78.19	36.07
10	101.83	81.74	44.28	44.1	41.63	76.4	78.23	24.02	37.01	78.34	0.0	15.13	89.47	66.75	50.6	48.09	17.89	68.03	43.83	39.46	35.47	76.55	44.2	74.52	26.17	67.36	22.83	76.3	99.81	66.03	66.0	66.04	44.41	28.23	31.38	43.28	58.87	34.18	21.38	70.21	70.21	28.18	65.92	73.82	90.8	48.17	13.15	61.4	30.15	66.48	77.52	53.81	39.36	59.68	50.54	79.93	24.84	12.21	32.2	74.11	31.0	56.01	24.21	78.59	94.05	49.19	8.6	65.3	17.8	75.5	20.12	63.79	60.44	50.7	77.39	48.76	19.65	12.81	19.31	57.22	72.34	69.01	42.3	65.3	19.42	61.85	58.41	20.25	46.57	84.91	9.49	50.36
11	90.43	85.0	30.23	29.02	29.83	61.4	63.13	27.2	25.24	64.51	15.13	0.0	75.47	68.71	35.85	33.02	15.65	53.15	31.14	24.33	24.19	67.62	35.11	64.14	20.4	68.62	18.44	62.1	89.69	65.31	51.04	57.58	46.96	35.38	17.2	33.62	44.28	30.15	36.5	63.06	63.06	18.03	59.84	58.69	81.01	36.62	2.0	59.54	15.81	51.97	63.82	43.42	46.67	44.55	36.62	68.25	18.44	25.06	18.44	74.46	32.65	41.11	38.01	74.17	80.92	35.23	22.2	55.07	30.36	72.0	11.4	48.76	50.54	37.16	63.13	35.34	19.72	11.18	33.38	55.9	57.71	68.45	27.17	57.97	25.5	46.84	48.75	9.22	31.62	76.16	13.89	35.23
12	32.02	106.63	45.28	52.4	71.85	23.54	36.01	82.0	53.49	61.07	89.47	75.47	0.0	92.18	40.46	49.82	75.61	45.35	46.24	53.81	55.36	43.05	52.47	34.44	84.85	89.56	71.47	56.14	41.15	80.65	43.97	46.17	85.02	91.41	58.31	51.79	31.89	67.74	110.07	52.39	52.39	77.08	57.25	31.58	39.82	44.15	77.18	74.46	66.53	51.66	12.37	43.05	97.25	38.59	38.95	24.7	83.45	100.5	57.31	88.96	79.76	48.76	113.37	68.1	12.17	40.31	93.62	37.85	98.03	71.55	79.51	31.91	41.3	62.65	12.73	63.63	77.49	85.21	103.12	75.5	49.5	82.54	52.33	51.55	86.13	33.02	43.19	69.32	45.34	45.34	82.86	46.23
13	81.3	17.03	68.62	82.98	95.88	96.25	106.51	42.95	58.05	120.92	66.75	68.71	92.18	0.0	76.58	85.63	53.14	103.48	61.62	77.47	56.73	52.04	48.27	58.69	88.87	3.16	50.57	116.73	72.18	12.0	100.66	46.1	22.36	40.01	66.61	50.33	79.06	40.5	70.86	41.11	41.11	86.41	35.36	99.57	64.38	57.2	68.01	17.72	79.76	106.08	81.6	52.84	32.02	89.5	69.81	68.88	86.98	76.06	65.0	10.0	36.4	94.05	81.5	31.62	87.82	69.66	61.07	54.41	55.15	26.25	80.06	88.23	51.62	98.6	86.54	97.42	49.34	76.66	59.54	17.49	109.79	11.4	80.16	40.79	47.38	86.61	50.16	61.27	77.08	55.33	58.46	84.85
14	61.47	93.43	8.54	13.6	34.48	26.17	31.62	49.65	20.25	44.82	50.6	35.85	40.46	76.58	0.0	13.0	40.0	26.91	15.0	13.45	22.14	48.37	28.32	41.0	44.69	75.01	37.22	40.36	64.33	67.94	24.08	42.06	60.83	59.84	19.42	26.25	8.6	39.4	71.84	49.98	49.98	37.01	50.54	25.5	57.31	20.0	37.7	60.88	26.17	30.0	29.83	26.83	68.68	13.04	7.62	40.26	43.19	60.84	19.1	77.9	50.29	18.79	73.82	66.21	47.8	7.21	56.09	34.53	62.2	66.73	39.05	14.04	32.57	29.02	27.8	29.02	43.1	44.94	66.61	59.41	33.24	70.84	12.53	45.69	52.09	12.04	32.31	31.4	5.0	56.08	45.54	10.2
15	73.68	102.65	17.89	4.0	22.36	30.53	30.15	53.31	27.59	35.61	48.09	33.02	49.82	85.63	13.0	0.0	42.06	20.62	25.06	9.49	29.0	61.29	38.28	54.0	35.81	84.39	40.72	31.91	77.1	78.01	18.25	54.57	67.8	63.32	21.02	36.06	19.31	46.23	69.35	62.36	62.36	28.02	62.39	26.25	70.26	31.38	35.01	71.03	18.97	21.1	40.71	38.9	73.35	12.53	20.22	52.95	34.67	56.52	21.95	88.01	55.57	8.94	69.38	78.19	58.67	19.42	55.04	47.38	62.51	78.29	32.31	18.44	45.12	16.03	37.2	16.03	45.88	39.56	66.12	69.03	26.0	81.02	6.32	57.87	54.41	16.97	44.64	32.02	9.49	69.07	45.4	3.61
16	84.96	69.35	32.14	38.28	44.6	66.07	70.71	12.04	22.14	76.48	17.89	15.65	75.61	53.14	40.0	42.06	0.0	62.64	29.41	32.57	20.25	58.82	26.87	57.28	35.74	53.16	5.0	73.41	82.33	50.36	60.17	48.26	31.3	21.47	21.38	26.25	47.27	16.49	35.23	52.33	52.33	33.62	48.1	65.19	73.25	32.25	14.87	45.01	29.07	62.77	63.32	36.88	32.2	51.48	37.66	63.41	33.84	30.02	21.1	59.23	17.0	50.92	41.11	61.19	78.77	36.5	18.6	48.08	22.56	58.42	26.93	54.01	43.14	50.22	64.29	48.6	4.24	24.08	27.51	41.11	68.01	53.46	35.74	47.41	12.37	52.01	41.04	10.3	37.22	67.12	8.6	43.17
17	75.06	120.34	35.0	24.52	33.54	21.84	12.81	73.74	46.32	18.79	68.03	53.15	45.35	103.48	26.91	20.62	62.64	0.0	41.87	30.08	48.02	70.94	55.23	62.3	51.55	101.91	61.1	13.89	81.3	94.76	2.83	66.73	87.13	83.82	41.44	53.15	26.42	65.51	89.02	74.79	74.79	44.38	76.28	13.93	76.3	46.69	55.15	87.69	38.01	6.32	41.01	52.8	93.62	14.21	33.97	57.87	50.96	75.43	42.15	104.69	75.58	12.04	87.97	91.59	56.72	33.94	75.33	58.14	83.02	92.66	50.49	18.03	57.45	21.95	35.06	23.71	66.41	58.31	86.47	86.31	6.4	97.62	26.93	71.02	75.0	18.79	57.69	52.63	26.93	77.49	65.92	19.7
18	59.41	78.52	7.21	23.41	42.05	38.47	46.1	37.01	7.28	59.46	43.83	31.14	46.24	61.62	15.0	25.06	29.41	41.87	0.0	19.24	9.22	39.46	13.45	34.18	46.24	60.11	25.5	55.15	59.51	53.26	39.05	31.02	46.1	47.01	14.76	11.31	19.42	25.0	63.95	38.33	38.33	39.56	37.64	39.56	51.26	7.0	32.53	46.23	28.64	44.6	34.01	15.0	54.92	28.02	9.22	37.2	44.38	55.44	13.04	63.25	36.5	32.8	68.01	53.45	50.22	8.54	47.42	25.71	51.92	53.31	38.47	27.86	22.09	40.16	34.93	39.56	31.58	42.01	56.92	44.55	48.17	56.22	20.88	33.54	40.45	26.0	21.0	23.6	15.81	47.85	36.67	23.6
19	74.25	94.49	13.04	5.83	23.02	37.34	39.0	43.86	19.72	44.65	39.46	24.33	53.81	77.47	13.45	9.49	32.57	30.08	19.24	0.0	20.81	58.08	31.38	51.79	31.24	76.4	31.3	41.18	76.24	70.49	27.66	50.16	58.9	53.85	11.66	29.15	21.93	37.48	60.83	57.56	57.56	23.6	56.75	34.37	68.66	26.17	26.31	63.63	12.73	30.41	43.28	34.13	63.95	20.22	18.03	52.55	29.73	48.7	12.81	80.45	46.32	18.38	61.68	72.53	61.22	16.76	46.01	44.1	53.24	72.11	25.81	24.7	41.01	21.47	41.11	20.62	36.4	32.2	57.01	61.29	35.47	73.57	3.16	52.77	44.92	22.85	40.11	22.56	8.49	66.27	36.12	11.0
20	66.6	73.76	13.6	26.25	41.48	47.17	53.76	28.02	2.0	64.54	35.47	24.19	55.36	56.73	22.14	29.0	20.25	48.02	9.22	20.81	0.0	43.66	12.0	39.96	41.77	55.61	16.28	60.61	65.51	49.74	45.28	33.96	39.12	38.12	11.18	10.05	28.07	17.49	55.07	40.2	40.2	36.06	38.05	47.54	56.82	12.73	25.24	42.94	26.17	49.82	43.08	19.24	46.57	34.93	18.0	44.55	39.81	47.38	9.22	59.68	28.16	37.64	59.67	53.46	58.83	17.03	38.47	30.89	42.72	52.39	33.24	35.9	26.4	42.19	44.15	41.18	22.36	35.36	47.76	40.5	54.08	52.84	23.43	35.13	31.26	33.96	24.7	15.62	21.1	52.2	27.78	28.6
21	30.36	64.76	45.04	61.03	81.1	55.22	68.26	58.73	43.01	89.69	76.55	67.62	43.05	52.04	48.37	61.29	58.82	70.94	39.46	58.08	43.66	0.0	32.65	9.22	85.16	49.09	53.82	84.69	24.21	40.05	68.35	10.63	52.0	65.22	53.6	34.01	44.92	43.86	92.7	11.05	11.05	78.85	17.26	61.4	15.0	32.56	68.45	35.13	68.07	75.89	35.36	24.74	66.64	57.57	41.11	18.36	83.24	88.75	51.66	47.07	53.41	66.49	99.81	25.06	36.4	42.05	76.69	14.0	77.1	28.79	76.84	52.92	17.46	77.32	41.77	77.16	58.26	78.79	82.76	37.66	77.08	41.3	59.0	13.42	64.35	52.2	18.97	58.6	52.09	8.54	67.42	58.55
22	58.14	65.12	20.62	36.24	53.15	49.65	58.67	30.08	12.17	72.92	44.2	35.11	52.47	48.27	28.32	38.28	26.87	55.23	13.45	31.38	12.0	32.65	0.0	30.41	53.6	46.69	21.93	68.59	55.61	39.82	52.4	22.47	34.21	39.05	23.09	2.24	31.3	15.3	61.85	28.28	28.28	48.04	26.08	51.88	46.62	9.49	35.85	32.8	38.12	58.05	40.2	10.3	45.0	41.23	21.63	36.89	51.62	56.4	21.1	49.82	27.29	46.23	67.94	41.59	53.49	21.4	45.34	21.21	47.51	40.8	44.91	40.31	16.28	52.8	43.05	52.0	27.2	46.24	53.0	31.11	61.55	42.8	33.54	23.19	34.89	38.59	14.21	26.0	29.21	41.15	35.38	37.01
23	28.02	72.42	38.83	54.15	74.67	46.04	59.17	59.08	38.95	80.99	74.52	64.14	34.44	58.69	41.0	54.0	57.28	62.3	34.18	51.79	39.96	9.22	30.41	0.0	80.41	55.9	52.33	75.96	25.55	46.87	59.77	13.04	55.54	66.65	48.85	31.24	36.67	43.83	92.1	18.03	18.03	73.68	23.35	52.35	17.09	27.73	65.19	41.19	62.64	67.45	26.17	20.81	69.57	49.24	34.13	10.2	78.55	86.68	47.01	54.71	54.59	58.55	98.35	33.84	29.15	35.23	75.69	9.22	77.2	37.12	72.5	44.27	14.14	70.01	32.56	70.01	57.38	75.29	82.8	43.0	68.35	48.51	52.35	18.03	64.4	43.68	16.28	55.47	45.1	15.3	65.8	51.04
24	104.81	104.92	42.54	32.65	19.03	66.29	63.69	46.52	42.2	57.01	26.17	20.4	84.85	88.87	44.69	35.81	35.74	51.55	46.24	31.24	41.77	85.16	53.6	80.41	0.0	88.89	38.83	56.14	105.7	85.7	50.33	75.71	66.85	53.25	31.62	51.79	53.08	50.49	42.38	81.88	81.88	7.81	79.23	61.29	97.5	52.81	20.88	79.91	18.6	48.05	74.52	60.44	64.64	48.26	48.55	82.76	2.0	27.2	33.53	94.83	52.55	40.72	38.12	94.01	92.46	47.17	34.71	71.78	43.93	92.09	9.06	54.2	67.72	30.41	72.12	28.44	39.56	13.45	44.65	76.3	54.13	88.84	32.53	76.79	43.57	52.63	66.22	29.07	39.7	93.68	31.38	39.2
25	78.23	18.44	67.18	81.84	95.29	94.15	104.62	43.42	56.85	119.52	67.36	68.62	89.56	3.16	75.01	84.39	53.16	101.91	60.11	76.4	55.61	49.09	46.69	55.9	88.89	0.0	50.33	115.26	69.05	9.06	99.09	43.42	23.02	41.19	65.73	48.8	77.2	39.82	72.37	38.21	38.21	86.16	32.56	97.65	61.29	55.44	68.01	15.23	79.18	104.66	79.12	50.77	33.84	87.86	68.12	66.1	86.98	77.0	64.07	7.62	36.67	92.7	82.87	28.46	85.0	68.01	62.0	51.87	56.44	23.09	80.01	86.4	49.24	97.65	84.17	96.52	49.48	76.9	61.0	15.62	108.25	8.25	79.03	38.08	48.09	84.81	47.85	60.93	75.69	52.24	58.86	83.49
26	80.06	67.12	29.02	37.12	45.8	63.01	68.45	12.65	18.25	75.8	22.83	18.44	71.47	50.57	37.22	40.72	5.0	61.1	25.5	31.3	16.28	53.82	21.93	52.33	38.83	50.33	0.0	72.47	77.34	46.87	58.52	43.27	29.41	22.8	19.7	21.4	44.01	12.04	40.0	47.42	47.42	35.85	43.32	62.65	68.25	27.73	18.11	41.19	29.83	61.72	59.14	32.02	32.65	49.24	34.13	58.6	36.88	34.99	18.97	56.04	15.56	49.66	46.1	56.72	74.24	33.06	23.43	43.14	26.57	54.15	29.83	51.24	38.18	50.33	60.42	48.84	6.08	28.02	31.78	37.48	66.71	50.01	34.44	42.49	15.03	49.25	36.07	10.82	34.93	62.13	13.6	41.44
27	87.09	133.66	48.1	35.36	37.12	33.02	20.22	84.97	59.03	5.1	76.3	62.1	56.14	116.73	40.36	31.91	73.41	13.89	55.15	41.18	60.61	84.69	68.59	75.96	56.14	115.26	72.47	0.0	94.05	108.3	16.64	80.62	99.62	94.85	52.84	66.47	40.31	78.01	96.52	88.68	88.68	50.01	90.14	25.08	89.5	60.31	64.03	101.24	46.32	10.82	53.6	66.61	105.12	28.02	47.63	71.06	56.04	82.1	53.85	118.26	87.46	23.02	94.01	105.48	68.03	47.51	84.17	72.01	92.44	106.51	57.22	31.78	71.34	26.02	47.27	28.02	77.39	65.28	95.34	99.7	7.62	111.2	38.08	84.91	85.62	32.65	71.56	63.16	39.7	91.08	75.58	32.02
28	11.66	82.0	63.57	77.88	98.72	61.39	74.95	82.88	64.5	99.14	99.81	89.69	41.15	72.18	64.33	77.1	82.33	81.3	59.51	76.24	65.51	24.21	55.61	25.55	105.7	69.05	77.34	94.05	0.0	60.42	79.16	34.71	75.59	89.4	74.25	56.61	58.31	67.9	116.67	34.0	34.0	98.79	40.25	69.05	9.22	53.24	90.74	56.92	87.66	87.14	40.45	46.32	90.43	70.03	58.24	24.19	103.87	112.0	72.45	65.19	77.62	80.16	123.43	41.11	29.68	59.48	100.5	34.67	101.24	46.27	97.94	64.01	39.41	92.78	46.87	93.06	82.07	100.85	106.89	60.17	86.7	60.83	76.4	37.44	88.46	64.01	41.4	80.99	68.88	17.46	90.91	73.82
29	69.35	26.42	60.44	75.72	90.47	85.98	96.83	42.11	50.77	112.7	66.03	65.31	80.65	12.0	67.94	78.01	50.36	94.76	53.26	70.49	49.74	40.05	39.82	46.87	85.7	9.06	46.87	108.3	60.42	0.0	91.93	34.48	23.41	42.06	60.37	42.01	69.53	35.44	73.68	29.15	29.15	82.28	23.54	89.81	52.47	48.08	64.94	7.07	74.46	97.84	70.38	42.8	36.89	80.61	60.81	57.07	83.74	76.53	58.59	10.0	35.06	86.05	83.68	20.59	75.95	60.83	61.66	43.08	57.28	15.26	76.69	78.75	40.71	91.92	75.58	90.92	47.1	74.43	62.3	9.49	101.14	3.16	72.95	29.12	47.38	77.23	39.45	57.01	69.03	43.42	57.01	76.84
30	73.17	117.52	32.2	22.2	32.76	20.62	13.42	71.17	43.57	21.47	66.0	51.04	43.97	100.66	24.08	18.25	60.17	2.83	39.05	27.66	45.28	68.35	52.4	59.77	50.33	99.09	58.52	16.64	79.16	91.93	0.0	64.01	84.38	81.27	38.9	50.33	23.71	62.77	87.09	72.07	72.07	43.01	73.5	13.04	73.98	43.86	53.04	84.86	36.12	8.0	39.01	50.0	91.0	11.4	31.14	55.58	49.65	73.68	39.56	101.86	72.92	10.05	86.31	88.84	55.11	31.11	73.17	55.46	80.75	89.87	48.84	15.52	54.71	21.4	33.24	23.02	63.89	56.57	84.29	83.49	9.22	94.79	24.52	68.26	72.53	16.16	54.92	50.22	24.19	75.0	63.64	17.09
31	39.81	60.54	37.34	53.76	73.06	53.76	65.95	48.17	33.54	85.48	66.04	57.58	46.17	46.1	42.06	54.57	48.26	66.73	31.02	50.16	33.96	10.63	22.47	13.04	75.71	43.42	43.27	80.62	34.71	34.48	64.01	0.0	42.72	54.92	44.41	24.04	40.31	33.24	82.07	8.06	8.06	69.72	11.18	58.9	25.5	24.02	58.31	28.44	59.21	71.11	36.24	16.03	57.01	52.77	34.48	23.02	73.76	78.23	42.43	42.95	43.01	60.75	89.2	25.0	42.05	35.17	66.07	9.22	66.53	26.91	67.19	49.09	9.49	70.41	41.88	70.04	47.63	68.71	72.18	30.02	73.06	36.4	51.48	5.39	53.76	48.02	10.05	48.47	45.12	18.87	56.86	52.2
32	82.28	38.08	52.35	64.66	75.21	83.82	92.2	20.62	40.82	103.41	44.41	46.96	85.02	22.36	60.83	67.8	31.3	87.13	46.1	58.9	39.12	52.0	34.21	55.54	66.85	23.02	29.41	99.62	75.59	23.41	84.38	42.72	0.0	18.68	47.42	35.74	65.19	21.63	50.29	41.59	41.59	64.88	35.36	85.62	66.64	43.68	46.1	21.4	59.2	88.81	73.17	42.19	15.0	73.82	55.15	64.94	65.0	54.01	46.1	30.07	14.32	76.61	60.42	41.23	83.6	54.63	39.01	48.37	33.96	36.62	58.18	73.93	44.1	79.21	76.79	77.83	27.31	54.41	38.9	17.03	93.19	25.96	61.85	38.63	25.08	72.09	42.05	40.22	60.21	58.18	36.14	67.68
33	94.51	53.94	51.48	59.62	65.19	85.29	91.22	10.2	40.11	97.95	28.23	35.38	91.41	40.01	59.84	63.32	21.47	83.82	47.01	53.85	38.12	65.22	39.05	66.65	53.25	41.19	22.8	94.85	89.4	42.06	81.27	54.92	18.68	0.0	42.38	39.62	66.19	23.77	31.62	55.97	55.97	53.08	50.21	85.33	80.21	47.38	33.94	39.36	50.22	84.17	79.08	49.04	11.4	72.03	56.08	74.85	51.61	36.22	41.76	48.51	12.08	72.24	41.77	58.83	92.35	55.15	21.38	58.18	15.3	54.59	45.45	73.82	53.31	71.56	81.3	69.89	17.46	39.96	20.25	34.89	89.32	44.64	57.01	52.01	9.9	71.85	51.08	31.76	57.72	72.47	22.02	64.2
34	74.06	83.6	13.04	17.49	30.36	45.54	49.37	32.31	11.0	56.3	31.38	17.2	58.31	66.61	19.42	21.02	21.38	41.44	14.76	11.66	11.18	53.6	23.09	48.85	31.62	65.73	19.7	52.84	74.25	60.37	38.9	44.41	47.42	42.38	0.0	21.02	27.51	26.25	52.5	51.04	51.04	25.32	49.16	44.01	65.92	21.19	18.87	53.71	15.03	42.06	46.62	28.86	52.33	30.15	19.42	51.87	29.73	42.19	2.0	70.24	34.67	29.97	55.07	64.63	63.78	18.03	36.67	40.16	43.01	63.56	23.71	33.14	36.14	32.02	46.07	30.81	25.0	27.59	47.27	51.0	47.01	63.51	14.76	46.01	33.73	31.14	34.71	12.04	16.0	62.1	26.17	21.84
35	58.73	67.21	18.44	34.0	50.99	48.08	56.82	30.36	10.05	70.77	43.28	33.62	51.79	50.33	26.25	36.06	26.25	53.15	11.31	29.15	10.05	34.01	2.24	31.24	51.79	48.8	21.4	66.47	56.61	42.01	50.33	24.04	35.74	39.62	21.02	0.0	29.55	16.03	61.4	30.15	30.15	46.1	28.16	50.09	47.71	8.06	34.44	35.0	36.06	55.9	39.46	10.63	46.04	39.2	19.72	37.2	49.82	55.44	19.03	52.01	28.07	44.05	67.18	43.74	53.31	19.42	44.82	22.02	47.41	43.01	43.17	38.47	17.2	50.57	42.0	49.77	26.93	44.78	52.84	33.24	59.46	45.0	31.3	25.08	34.93	36.72	15.26	24.6	27.02	42.54	34.66	34.83
36	54.41	95.6	15.13	21.1	41.63	19.1	27.46	56.08	26.08	45.18	58.87	44.28	31.89	79.06	8.6	19.31	47.27	26.42	19.42	21.93	28.07	44.92	31.3	36.67	53.08	77.2	44.01	40.31	58.31	69.53	23.71	40.31	65.19	66.19	27.51	29.55	0.0	44.38	80.01	48.37	48.37	45.34	50.0	20.59	52.01	21.95	46.1	62.48	34.66	31.02	21.63	26.87	74.33	12.65	10.2	34.13	51.62	69.32	26.93	79.31	55.9	22.02	82.29	65.19	39.66	11.05	64.03	31.78	69.72	66.4	47.63	9.22	31.06	34.53	19.21	34.93	50.04	53.54	74.33	61.61	32.76	72.25	20.62	44.65	59.03	7.81	31.4	39.29	13.45	51.97	53.37	15.81
37	71.85	57.43	30.87	43.19	55.47	63.35	70.94	15.26	19.24	81.84	34.18	30.15	67.74	40.5	39.4	46.23	16.49	65.51	25.0	37.48	17.49	43.86	15.3	43.83	50.49	39.82	12.04	78.01	67.9	35.44	62.77	33.24	21.63	23.77	26.25	16.03	44.38	0.0	48.84	36.36	36.36	46.84	31.78	64.51	58.69	24.0	30.02	29.43	39.36	67.2	55.44	25.3	30.15	52.33	34.21	51.43	48.51	46.1	24.76	44.94	12.04	55.0	56.3	44.72	68.62	33.53	33.02	34.99	33.42	42.11	41.44	52.81	30.02	58.26	58.01	57.01	14.76	40.05	39.05	25.96	71.56	38.6	40.36	31.62	20.62	50.92	27.78	21.59	38.59	51.86	24.7	46.04
38	119.97	83.0	65.19	65.38	60.42	97.74	99.5	34.41	56.82	98.15	21.38	36.5	110.07	70.86	71.84	69.35	35.23	89.02	63.95	60.83	55.07	92.7	61.85	92.1	42.38	72.37	40.0	96.52	116.67	73.68	87.09	82.07	50.29	31.62	52.5	61.4	80.01	48.84	0.0	84.81	84.81	46.87	79.63	95.19	107.49	67.42	34.53	70.77	51.01	87.09	97.94	72.01	39.12	81.05	71.31	98.6	41.76	15.23	53.14	79.83	40.82	77.06	11.18	89.89	113.88	70.01	16.64	82.98	16.55	85.91	39.32	85.15	77.99	70.58	98.23	68.59	34.71	31.26	11.4	66.31	93.05	76.24	63.64	80.28	28.6	83.2	75.82	40.85	67.91	100.66	27.29	71.7
39	41.23	54.41	44.91	61.39	80.31	61.52	73.88	50.45	40.05	93.54	70.21	63.06	52.39	41.11	49.98	62.36	52.33	74.79	38.33	57.56	40.2	11.05	28.28	18.03	81.88	38.21	47.42	88.68	34.0	29.15	72.07	8.06	41.59	55.97	51.04	30.15	48.37	36.36	84.81	0.0	0.0	76.24	6.32	66.84	25.08	31.4	63.6	24.08	66.01	79.16	43.27	23.54	56.44	60.83	42.38	28.16	79.91	82.3	49.04	36.69	44.55	68.71	92.65	17.03	46.87	43.01	69.34	17.03	68.77	19.42	73.16	57.14	17.46	78.1	49.2	77.67	51.11	74.04	74.41	26.68	81.12	30.59	59.03	5.1	56.22	56.08	17.72	53.85	52.89	16.64	60.83	60.08
40	41.23	54.41	44.91	61.39	80.31	61.52	73.88	50.45	40.05	93.54	70.21	63.06	52.39	41.11	49.98	62.36	52.33	74.79	38.33	57.56	40.2	11.05	28.28	18.03	81.88	38.21	47.42	88.68	34.0	29.15	72.07	8.06	41.59	55.97	51.04	30.15	48.37	36.36	84.81	0.0	0.0	76.24	6.32	66.84	25.08	31.4	63.6	24.08	66.01	79.16	43.27	23.54	56.44	60.83	42.38	28.16	79.91	82.3	49.04	36.69	44.55	68.71	92.65	17.03	46.87	43.01	69.34	17.03	68.77	19.42	73.16	57.14	17.46	78.1	49.2	77.67	51.11	74.04	74.41	26.68	81.12	30.59	59.03	5.1	56.22	56.08	17.72	53.85	52.89	16.64	60.83	60.08
41	97.53	102.86	35.34	24.84	13.6	58.52	56.3	45.22	36.22	51.35	28.18	18.03	77.08	86.41	37.01	28.02	33.62	44.38	39.56	23.6	36.06	78.85	48.04	73.68	7.81	86.16	35.85	50.01	98.79	82.28	43.01	69.72	64.88	53.08	25.32	46.1	45.34	46.84	46.87	76.24	76.24	0.0	74.0	53.67	90.76	46.32	19.21	76.16	11.18	41.3	66.84	54.13	64.44	40.5	41.18	75.58	6.71	32.14	27.29	91.71	50.61	33.24	44.05	89.14	84.81	39.82	36.72	65.25	45.79	87.57	8.06	46.4	61.39	24.0	64.35	22.0	37.74	15.81	47.42	72.8	47.38	85.44	24.76	71.18	43.19	44.82	60.02	25.3	32.02	87.32	31.11	31.4
42	47.54	49.4	44.6	61.03	79.08	64.54	76.38	45.22	38.21	94.87	65.92	59.84	57.25	35.36	50.54	62.39	48.1	76.28	37.64	56.75	38.05	17.26	26.08	23.35	79.23	32.56	43.32	90.14	40.25	23.54	73.5	11.18	35.36	50.21	49.16	28.16	50.0	31.78	79.63	6.32	6.32	74.0	0.0	69.31	31.38	31.02	60.21	18.0	64.2	80.26	47.41	23.71	50.25	62.13	42.94	33.54	77.23	77.88	47.17	31.78	39.05	69.32	87.82	15.81	52.47	43.38	64.5	20.25	63.41	16.4	70.35	59.03	19.1	77.79	53.0	77.2	46.52	70.61	69.03	20.4	82.66	25.3	58.52	5.83	51.04	57.8	18.6	50.64	52.92	22.83	56.46	60.42
43	62.03	116.02	33.96	30.08	44.82	8.06	7.07	75.13	45.61	30.15	73.82	58.69	31.58	99.57	25.5	26.25	65.19	13.93	39.56	34.37	47.54	61.4	51.88	52.35	61.29	97.65	62.65	25.08	69.05	89.81	13.04	58.9	85.62	85.33	44.01	50.09	20.59	64.51	95.19	66.84	66.84	53.67	69.31	0.0	64.85	42.54	60.67	82.8	45.22	20.25	28.64	47.01	94.11	14.14	30.46	46.49	60.37	82.71	44.1	99.49	75.69	20.81	95.6	83.87	43.19	31.02	80.22	49.82	87.0	85.63	58.52	11.7	50.21	33.94	22.2	35.38	68.47	65.8	91.09	82.1	18.03	92.46	31.58	63.7	77.41	13.6	50.93	56.0	28.02	67.12	70.03	23.54
44	17.0	75.24	55.79	70.71	91.41	57.58	71.17	73.66	55.9	94.59	90.8	81.01	39.82	64.38	57.31	70.26	73.25	76.3	51.26	68.66	56.82	15.0	46.62	17.09	97.5	61.29	68.25	89.5	9.22	52.47	73.98	25.5	66.64	80.21	65.92	47.71	52.01	58.69	107.49	25.08	25.08	90.76	31.38	64.85	0.0	44.78	81.99	48.51	79.7	81.88	36.4	37.59	81.41	64.2	50.8	18.44	95.63	103.0	64.08	58.01	68.41	74.03	114.34	34.13	29.83	51.97	91.35	25.94	92.02	39.01	89.55	58.55	30.53	86.15	43.08	86.28	72.92	92.18	97.67	51.55	82.0	53.15	69.05	28.3	79.25	58.31	32.45	72.2	61.66	9.06	81.84	67.12
45	53.91	73.88	13.6	30.08	49.04	40.16	49.4	37.85	11.4	64.82	48.17	36.62	44.15	57.2	20.0	31.38	32.25	46.69	7.0	26.17	12.73	32.56	9.49	27.73	52.81	55.44	27.73	60.31	53.24	48.08	43.86	24.02	43.68	47.38	21.19	8.06	21.95	24.0	67.42	31.4	31.4	46.32	31.02	42.54	44.78	0.0	37.8	41.01	35.51	50.0	31.78	8.0	54.08	32.53	12.73	31.83	50.92	60.11	19.31	58.0	36.01	38.59	72.35	46.82	46.53	12.81	50.77	18.97	54.23	46.96	44.78	31.06	15.13	46.84	34.01	46.32	33.62	47.71	59.51	39.82	53.08	50.93	27.66	26.68	42.06	29.41	14.0	28.32	21.93	41.0	40.22	29.53
46	91.68	84.17	31.91	31.02	31.4	63.32	65.12	26.08	26.4	66.41	13.15	2.0	77.18	68.01	37.7	35.01	14.87	55.15	32.53	26.31	25.24	68.45	35.85	65.19	20.88	68.01	18.11	64.03	90.74	64.94	53.04	58.31	46.1	33.94	18.87	34.44	46.1	30.02	34.53	63.6	63.6	19.21	60.21	60.67	81.99	37.8	0.0	59.3	17.72	53.94	65.46	44.42	45.28	46.53	38.28	69.53	18.97	23.32	20.0	73.98	31.78	43.1	36.24	74.33	82.46	36.89	20.22	56.08	28.46	72.03	12.08	50.7	51.48	39.0	64.88	37.16	18.79	10.44	31.4	55.58	59.68	68.07	29.15	58.52	24.04	48.76	49.65	9.85	33.53	76.97	12.21	37.22
47	65.12	33.29	53.41	68.8	83.93	79.08	89.81	37.85	43.91	105.65	61.4	59.54	74.46	17.72	60.88	71.03	45.01	87.69	46.23	63.63	42.94	35.13	32.8	41.19	79.91	15.23	41.19	101.24	56.92	7.07	84.86	28.44	21.4	39.36	53.71	35.0	62.48	29.43	70.77	24.08	24.08	76.16	18.0	82.8	48.51	41.01	59.3	0.0	68.01	90.79	63.91	35.81	36.07	73.54	53.74	51.35	77.93	72.37	51.89	17.03	30.81	79.03	80.32	19.85	70.35	53.76	57.72	36.69	54.23	15.26	70.86	71.7	34.01	85.09	68.94	84.12	42.05	69.07	59.51	4.47	94.07	10.0	66.04	23.19	43.42	70.18	32.65	50.99	62.01	39.56	52.15	69.81
48	86.35	96.57	24.17	15.23	16.12	49.19	48.84	41.11	26.02	48.7	30.15	15.81	66.53	79.76	26.17	18.97	29.07	38.01	28.64	12.73	26.17	68.07	38.12	62.64	18.6	79.18	29.83	46.32	87.66	74.46	36.12	59.21	59.2	50.22	15.03	36.06	34.66	39.36	51.01	66.01	66.01	11.18	64.2	45.22	79.7	35.51	17.72	68.01	0.0	36.35	55.97	43.42	61.22	31.38	30.02	64.4	17.03	37.66	17.03	84.17	45.34	26.08	50.45	79.63	73.88	28.65	37.85	54.34	46.17	78.45	13.42	36.72	50.64	21.47	53.81	19.72	33.3	20.62	49.03	65.0	42.19	77.62	14.42	61.0	40.5	34.99	49.37	19.1	21.21	76.49	29.55	21.93
49	81.15	123.04	37.48	24.6	29.41	28.16	18.44	74.25	48.27	14.87	66.48	51.97	51.66	106.08	30.0	21.1	62.77	6.32	44.6	30.41	49.82	75.89	58.05	67.45	48.05	104.66	61.72	10.82	87.14	97.84	8.0	71.11	88.81	84.17	42.06	55.9	31.02	67.2	87.09	79.16	79.16	41.3	80.26	20.25	81.88	50.0	53.94	90.79	36.35	0.0	47.01	56.6	94.37	18.38	37.44	63.51	47.68	73.03	43.05	107.81	76.66	12.21	85.29	95.77	62.97	37.2	74.15	62.77	82.23	96.57	48.01	23.35	61.72	17.72	41.19	19.65	66.71	56.0	85.33	89.14	6.08	100.77	27.29	75.18	75.03	23.77	61.77	52.55	29.0	82.71	65.25	21.26
50	34.23	96.66	33.6	42.72	63.06	21.19	34.79	69.63	41.23	58.69	77.52	63.82	12.37	81.6	29.83	40.71	63.32	41.01	34.01	43.28	43.08	35.36	40.2	26.17	74.52	79.12	59.14	53.6	40.45	70.38	39.01	36.24	73.17	79.08	46.62	39.46	21.63	55.44	97.94	43.27	43.27	66.84	47.41	28.64	36.4	31.78	65.46	63.91	55.97	47.01	0.0	31.02	85.09	31.05	27.2	18.36	73.0	88.75	45.49	79.16	67.48	41.48	101.55	59.82	18.03	28.6	81.44	27.31	85.7	62.68	68.59	24.52	30.08	55.03	6.71	55.71	65.15	73.88	90.82	64.56	46.27	72.5	42.2	41.59	73.76	25.0	31.78	57.31	34.83	39.66	70.68	37.12
51	48.1	69.07	21.38	37.85	57.04	43.42	54.04	40.31	18.38	71.28	53.81	43.42	43.05	52.84	26.83	38.9	36.88	52.8	15.0	34.13	19.24	24.74	10.3	20.81	60.44	50.77	32.02	66.61	46.32	42.8	50.0	16.03	42.19	49.04	28.86	10.63	26.87	25.3	72.01	23.54	23.54	54.13	23.71	47.01	37.59	8.0	44.42	35.81	43.42	56.6	31.02	0.0	54.23	38.6	19.24	26.63	58.52	65.95	26.93	52.5	37.11	45.62	77.78	39.4	43.32	19.7	55.44	11.66	57.8	39.96	52.2	36.07	7.28	54.57	34.71	54.13	37.44	54.59	63.29	35.36	59.2	45.45	35.51	18.97	45.18	34.66	6.0	34.67	29.41	33.24	45.28	36.77
52	96.77	44.1	60.17	69.77	76.42	93.38	100.28	20.25	48.51	108.41	39.36	46.67	97.25	32.02	68.68	73.35	32.2	93.62	54.92	63.95	46.57	66.64	45.0	69.57	64.64	33.84	32.65	105.12	90.43	36.89	91.0	57.01	15.0	11.4	52.33	46.04	74.33	30.15	39.12	56.44	56.44	64.44	50.25	94.11	81.41	54.08	45.28	36.07	61.22	94.37	85.09	54.23	0.0	81.27	64.13	78.59	63.01	46.32	51.48	41.44	18.44	82.29	50.01	55.9	96.88	63.35	31.95	61.85	24.33	51.09	56.85	82.46	57.27	82.42	88.02	80.8	28.02	51.31	28.0	31.83	99.32	38.95	67.08	53.23	21.26	80.52	55.11	42.44	67.07	73.06	33.42	73.93
53	65.12	106.3	21.47	16.16	33.42	18.03	19.24	61.85	33.11	32.76	59.68	44.55	38.59	89.5	13.04	12.53	51.48	14.21	28.02	20.22	34.93	57.57	41.23	49.24	48.26	87.86	49.24	28.02	70.03	80.61	11.4	52.77	73.82	72.03	30.15	39.2	12.65	52.33	81.05	60.83	60.83	40.5	62.13	14.14	64.2	32.53	46.53	73.54	31.38	18.38	31.05	38.6	81.27	0.0	19.8	46.01	47.17	68.68	30.41	90.52	62.97	10.44	81.61	77.52	48.47	19.85	66.12	44.38	73.03	78.49	44.78	6.71	43.42	24.17	26.4	25.06	54.92	51.87	77.03	72.25	20.62	83.45	17.46	56.94	63.79	6.08	43.57	42.05	14.32	64.54	56.0	9.49
54	56.36	86.56	6.4	20.02	40.61	29.27	37.12	46.01	16.0	52.2	50.54	36.62	38.95	69.81	7.62	20.22	37.66	33.97	9.22	18.03	18.0	41.11	21.63	34.13	48.55	68.12	34.13	47.63	58.24	60.81	31.14	34.48	55.15	56.08	19.42	19.72	10.2	34.21	71.31	42.38	42.38	41.18	42.94	30.46	50.8	12.73	38.28	53.74	30.02	37.44	27.2	19.24	64.13	19.8	0.0	34.54	46.87	61.59	18.36	70.72	45.71	26.4	74.43	58.6	44.55	1.41	55.03	27.17	60.21	59.17	41.87	18.79	25.0	36.22	26.93	36.06	40.2	46.75	65.0	52.5	40.36	63.66	18.25	38.08	49.16	17.0	24.7	30.46	11.0	49.0	44.27	17.72
55	22.2	82.57	40.25	53.85	74.73	39.4	52.92	66.65	43.19	76.16	79.93	68.25	24.7	68.88	40.26	52.95	63.41	57.87	37.2	52.55	44.55	18.36	36.89	10.2	82.76	66.1	58.6	71.06	24.19	57.07	55.58	23.02	64.94	74.85	51.87	37.2	34.13	51.43	98.6	28.16	28.16	75.58	33.54	46.49	18.44	31.83	69.53	51.35	64.4	63.51	18.36	26.63	78.59	46.01	34.54	0.0	81.01	91.92	50.22	64.85	62.77	56.04	104.06	43.42	19.03	35.85	82.01	16.76	84.38	47.01	75.47	40.2	21.54	68.59	25.06	68.88	64.07	79.2	89.89	53.04	63.56	58.69	52.5	28.16	71.69	40.05	23.77	60.14	44.92	21.4	71.7	49.65
56	103.08	103.08	40.82	31.4	19.03	65.19	62.97	44.72	40.26	57.08	24.84	18.44	83.45	86.98	43.19	34.67	33.84	50.96	44.38	29.73	39.81	83.24	51.62	78.55	2.0	86.98	36.88	56.04	103.87	83.74	49.65	73.76	65.0	51.61	29.73	49.82	51.62	48.51	41.76	79.91	79.91	6.71	77.23	60.37	95.63	50.92	18.97	77.93	17.03	47.68	73.0	58.52	63.01	47.17	46.87	81.01	0.0	26.68	31.62	92.89	50.7	39.92	38.01	92.01	90.91	45.49	33.42	69.89	42.64	90.09	7.07	53.01	65.8	30.15	70.72	28.16	37.7	12.04	43.57	74.33	53.76	86.88	31.14	74.81	41.88	51.4	64.29	27.07	38.21	91.76	29.68	38.01
57	113.9	90.09	55.23	52.63	45.54	86.03	86.49	34.53	48.84	83.49	12.21	25.06	100.5	76.06	60.84	56.52	30.02	75.43	55.44	48.7	47.38	88.75	56.4	86.68	27.2	77.0	34.99	82.1	112.0	76.53	73.68	78.23	54.01	36.22	42.19	55.44	69.32	46.1	15.23	82.3	82.3	32.14	77.88	82.71	103.0	60.11	23.32	72.37	37.66	73.03	88.75	65.95	46.32	68.68	61.59	91.92	26.68	0.0	43.27	84.05	41.59	63.64	13.0	90.14	105.6	60.21	15.0	77.47	22.14	86.83	25.02	73.39	72.62	56.08	88.19	54.08	31.38	17.12	20.25	68.07	79.06	79.4	51.24	77.41	29.15	71.51	70.6	31.89	56.46	97.1	21.47	59.2
58	72.42	82.01	12.08	18.6	32.28	45.28	49.65	31.62	9.0	57.43	32.2	18.44	57.31	65.0	19.1	21.95	21.1	42.15	13.04	12.81	9.22	51.66	21.1	47.01	33.53	64.07	18.97	53.85	72.45	58.59	39.56	42.43	46.1	41.76	2.0	19.03	26.93	24.76	53.14	49.04	49.04	27.29	47.17	44.1	64.08	19.31	20.0	51.89	17.03	43.05	45.49	26.93	51.48	30.41	18.36	50.22	31.62	43.27	0.0	68.48	33.62	30.89	56.08	62.65	62.48	17.0	37.11	38.28	43.1	61.61	25.5	33.02	34.21	33.6	45.19	32.45	24.52	29.07	47.52	49.24	47.85	61.72	15.81	44.01	33.38	31.02	32.76	12.37	16.12	60.17	26.48	22.47
59	75.01	17.72	70.43	85.7	100.22	95.44	106.53	50.09	60.75	122.67	74.11	74.46	88.96	10.0	77.9	88.01	59.23	104.69	63.25	80.45	59.68	47.07	49.82	54.71	94.83	7.62	56.04	118.26	65.19	10.0	101.86	42.95	30.07	48.51	70.24	52.01	79.31	44.94	79.83	36.69	36.69	91.71	31.78	99.49	58.01	58.0	73.98	17.03	84.17	107.81	79.16	52.5	41.44	90.52	70.72	64.85	92.89	84.05	68.48	0.0	43.19	96.05	90.26	24.08	83.43	70.77	69.07	51.88	63.79	19.0	85.87	88.53	49.93	101.87	84.6	100.85	55.73	83.19	68.45	19.24	111.07	7.07	82.93	37.58	55.0	87.05	48.83	66.41	79.03	49.04	65.38	86.83
60	82.49	52.39	41.76	52.15	61.22	74.97	81.91	7.07	30.08	90.97	31.0	32.65	79.76	36.4	50.29	55.57	17.0	75.58	36.5	46.32	28.16	53.41	27.29	54.59	52.55	36.67	15.56	87.46	77.62	35.06	72.92	43.01	14.32	12.08	34.67	28.07	55.9	12.04	40.82	44.55	44.55	50.61	39.05	75.69	68.41	36.01	31.78	30.81	45.34	76.66	67.48	37.11	18.44	62.97	45.71	62.77	50.7	41.59	33.62	43.19	0.0	64.5	49.77	49.24	80.36	44.91	26.93	46.1	24.41	45.54	43.86	64.03	41.23	65.86	70.03	64.38	13.0	40.26	30.0	26.48	81.41	38.01	49.4	40.36	12.65	62.1	39.0	26.25	48.85	60.88	22.2	55.9
61	75.5	111.04	25.61	12.65	24.08	26.91	23.09	62.24	36.12	26.91	56.01	41.11	48.76	94.05	18.79	8.94	50.92	12.04	32.8	18.38	37.64	66.49	46.23	58.55	40.72	92.7	49.66	23.02	80.16	86.05	10.05	60.75	76.61	72.24	29.97	44.05	22.02	55.0	77.06	68.71	68.71	33.24	69.32	20.81	74.03	38.59	43.1	79.03	26.08	12.21	41.48	45.62	82.29	10.44	26.4	56.04	39.92	63.64	30.89	96.05	64.5	0.0	76.3	85.0	58.87	25.94	63.29	52.89	71.02	85.48	38.83	17.09	51.26	13.89	36.77	15.0	54.78	46.53	74.43	77.23	17.09	89.02	15.23	64.47	63.25	16.49	51.08	40.8	17.03	73.82	53.94	9.22
62	125.87	94.02	68.1	65.52	57.04	99.02	99.25	42.95	61.22	95.08	24.21	38.01	113.37	81.5	73.82	69.38	41.11	87.97	68.01	61.68	59.67	99.81	67.94	98.35	38.12	82.87	46.1	94.01	123.43	83.68	86.31	89.2	60.42	41.77	55.07	67.18	82.29	56.3	11.18	92.65	92.65	44.05	87.82	95.6	114.34	72.35	36.24	80.32	50.45	85.29	101.55	77.78	50.01	81.61	74.43	104.06	38.01	13.0	56.08	90.26	49.77	76.3	0.0	99.01	118.22	73.06	23.32	89.14	26.48	95.27	37.48	86.38	84.22	68.03	101.12	66.03	41.62	29.83	22.02	75.89	91.35	86.35	64.2	87.92	37.16	84.5	82.13	44.41	69.46	108.0	32.56	72.12
63	51.09	41.11	60.41	76.84	94.73	78.52	90.91	56.08	53.76	110.28	78.59	74.17	68.1	31.62	66.21	78.19	61.19	91.59	53.45	72.53	53.46	25.06	41.59	33.84	94.01	28.46	56.72	105.48	41.11	20.59	88.84	25.0	41.23	58.83	64.63	43.74	65.19	44.72	89.89	17.03	17.03	89.14	15.81	83.87	34.13	46.82	74.33	19.85	79.63	95.77	59.82	39.4	55.9	77.52	58.6	43.42	92.01	90.14	62.65	24.08	49.24	85.0	99.01	0.0	61.1	59.09	75.96	34.06	73.36	5.39	85.02	74.06	34.13	93.61	65.95	93.01	58.94	84.59	78.77	24.21	97.94	20.25	74.33	20.59	61.85	72.95	34.0	65.07	68.71	25.32	69.12	76.16
64	19.92	101.14	50.93	60.75	81.01	35.13	48.01	83.57	57.14	73.01	94.05	80.92	12.17	87.82	47.8	58.67	78.77	56.72	50.22	61.22	58.83	36.4	53.49	29.15	92.46	85.0	74.24	68.03	29.68	75.95	55.11	42.05	83.6	92.35	63.78	53.31	39.66	68.62	113.88	46.87	46.87	84.81	52.47	43.19	29.83	46.53	82.46	70.35	73.88	62.97	18.03	43.32	96.88	48.47	44.55	19.03	90.91	105.6	62.48	83.43	80.36	58.87	118.22	61.1	0.0	45.97	97.25	35.23	100.65	65.15	86.31	41.79	39.62	72.62	22.14	73.41	80.06	91.29	105.99	72.06	61.2	77.47	60.22	47.17	88.24	42.54	41.77	73.82	52.8	36.72	86.61	55.07
65	57.71	86.45	5.0	19.0	39.46	30.15	37.58	45.04	15.03	52.01	49.19	35.23	40.31	69.66	7.21	19.42	36.5	33.94	8.54	16.76	17.03	42.05	21.4	35.23	47.17	68.01	33.06	47.51	59.48	60.83	31.11	35.17	54.63	55.15	18.03	19.42	11.05	33.53	70.01	43.01	43.01	39.82	43.38	31.02	51.97	12.81	36.89	53.76	28.65	37.2	28.6	19.7	63.35	19.85	1.41	35.85	45.49	60.21	17.0	70.77	44.91	25.94	73.06	59.09	45.97	0.0	53.76	28.07	59.03	59.54	40.46	19.31	25.71	35.36	28.23	35.13	39.12	45.34	63.79	52.4	40.31	63.7	17.12	38.63	48.09	17.46	25.3	29.15	10.05	50.01	43.01	17.09
66	103.48	75.31	49.04	51.04	50.09	82.2	85.01	19.92	40.25	86.4	8.6	22.2	93.62	61.07	56.09	55.04	18.6	75.33	47.42	46.01	38.47	76.69	45.34	75.69	34.71	62.0	23.43	84.17	100.5	61.66	73.17	66.07	39.01	21.38	36.67	44.82	64.03	33.02	16.64	69.34	69.34	36.72	64.5	80.22	91.35	50.77	20.22	57.72	37.85	74.15	81.44	55.44	31.95	66.12	55.03	82.01	33.42	15.0	37.11	69.07	26.93	63.29	23.32	75.96	97.25	53.76	0.0	66.53	9.22	72.42	28.65	69.72	61.55	58.82	81.93	56.92	18.44	21.4	11.18	53.37	79.91	64.5	49.0	64.64	14.32	67.74	59.41	24.74	52.47	84.81	10.77	57.01
67	37.01	69.35	31.06	47.04	67.12	44.55	56.85	50.25	29.97	76.92	65.3	55.07	37.85	54.41	34.53	47.38	48.08	58.14	25.71	44.1	30.89	14.0	21.21	9.22	71.78	51.87	43.14	72.01	34.67	43.08	55.46	9.22	48.37	58.18	40.16	22.02	31.78	34.99	82.98	17.03	17.03	65.25	20.25	49.82	25.94	18.97	56.08	36.69	54.34	62.77	27.31	11.66	61.85	44.38	27.17	16.76	69.89	77.47	38.28	51.88	46.1	52.89	89.14	34.06	35.23	28.07	66.53	0.0	68.24	36.12	63.69	40.31	5.0	63.39	32.76	63.2	48.27	66.24	73.82	37.66	64.41	45.19	45.0	14.42	55.47	39.36	7.21	46.32	38.12	22.2	56.59	44.72
68	105.21	68.36	54.59	58.55	59.06	88.36	92.14	18.38	44.64	94.87	17.8	30.36	98.03	55.15	62.2	62.51	22.56	83.02	51.92	53.24	42.72	77.1	47.51	77.2	43.93	56.44	26.57	92.44	101.24	57.28	80.75	66.53	33.96	15.3	43.01	47.41	69.72	33.42	16.55	68.77	68.77	45.79	63.41	87.0	92.02	54.23	28.46	54.23	46.17	82.23	85.7	57.8	24.33	73.03	60.21	84.38	42.64	22.14	43.1	63.79	24.41	71.02	26.48	73.36	100.65	59.03	9.22	68.24	0.0	69.35	37.74	76.11	63.25	67.42	86.83	65.55	20.62	30.61	5.66	49.77	87.86	59.91	56.32	64.38	12.81	74.11	61.03	31.0	59.01	84.86	17.12	64.2
69	56.01	36.35	60.42	76.69	93.86	80.66	92.7	52.5	52.89	111.22	75.5	72.0	71.55	26.25	66.73	78.29	58.42	92.66	53.31	72.11	52.39	28.79	40.8	37.12	92.09	23.09	54.15	106.51	46.27	15.26	89.87	26.91	36.62	54.59	63.56	43.01	66.4	42.11	85.91	19.42	19.42	87.57	16.4	85.63	39.01	46.96	72.03	15.26	78.45	96.57	62.68	39.96	51.09	78.49	59.17	47.01	90.09	86.83	61.61	19.0	45.54	85.48	95.27	5.39	65.15	59.54	72.42	36.12	69.35	0.0	83.05	75.43	35.47	93.41	68.6	92.7	55.9	82.15	74.69	19.72	99.05	14.87	74.09	21.93	58.19	74.2	35.0	63.03	68.88	30.07	66.1	76.48
70	97.64	96.25	35.61	28.64	21.54	62.61	61.85	38.08	33.84	58.86	20.12	11.4	79.51	80.06	39.05	32.31	26.93	50.49	38.47	25.81	33.24	76.84	44.91	72.5	9.06	80.01	29.83	57.22	97.94	76.69	48.84	67.19	58.18	45.45	23.71	43.17	47.63	41.44	39.32	73.16	73.16	8.06	70.35	58.52	89.55	44.78	12.08	70.86	13.42	48.01	68.59	52.2	56.85	44.78	41.87	75.47	7.07	25.02	25.5	85.87	43.86	38.83	37.48	85.02	86.31	40.46	28.65	63.69	37.74	83.05	0.0	50.12	59.46	31.26	66.84	29.27	30.87	8.06	39.4	67.27	54.04	79.83	27.78	68.07	35.61	48.37	57.87	20.02	34.21	85.38	23.43	35.34
71	58.69	104.81	22.36	21.63	40.0	12.65	18.36	63.64	33.96	36.77	63.79	48.76	31.91	88.23	14.04	18.44	54.01	18.03	27.86	24.7	35.9	52.92	40.31	44.27	54.2	86.4	51.24	31.78	64.01	78.75	15.52	49.09	73.93	73.82	33.14	38.47	9.22	52.81	85.15	57.14	57.14	46.4	59.03	11.7	58.55	31.06	50.7	71.7	36.72	23.35	24.52	36.07	82.46	6.71	18.79	40.2	53.01	73.39	33.02	88.53	64.03	17.09	86.38	74.06	41.79	19.31	69.72	40.31	76.11	75.43	50.12	0.0	40.0	30.87	19.7	31.76	57.14	56.86	80.4	70.8	24.17	81.47	22.36	53.6	66.12	2.0	40.46	45.18	17.26	59.48	59.3	15.0
72	42.01	67.12	28.07	44.41	64.0	45.61	57.28	45.28	25.63	76.16	60.44	50.54	41.3	51.62	32.57	45.12	43.14	57.45	22.09	41.01	26.4	17.46	16.28	14.14	67.72	49.24	38.18	71.34	39.41	40.71	54.71	9.49	44.1	53.31	36.14	17.2	31.06	30.02	77.99	17.46	17.46	61.39	19.1	50.21	30.53	15.13	51.48	34.01	50.64	61.72	30.08	7.28	57.27	43.42	25.0	21.54	65.8	72.62	34.21	49.93	41.23	51.26	84.22	34.13	39.62	25.71	61.55	5.0	63.25	35.47	59.46	40.0	0.0	61.0	34.93	60.67	43.28	61.72	68.82	34.48	63.81	43.05	42.19	13.6	50.48	38.83	2.24	41.68	35.69	25.96	51.66	42.72
73	88.77	115.6	33.24	16.76	11.7	40.61	34.67	62.2	41.18	27.66	50.7	37.16	62.65	98.6	29.02	16.03	50.22	21.95	40.16	21.47	42.19	77.32	52.8	70.01	30.41	97.65	50.33	26.02	92.78	91.92	21.4	70.41	79.21	71.56	32.02	50.57	34.53	58.26	70.58	78.1	78.1	24.0	77.79	33.94	86.15	46.84	39.0	85.09	21.47	17.72	55.03	54.57	82.42	24.17	36.22	68.59	30.15	56.08	33.6	101.87	65.86	13.89	68.03	93.61	72.62	35.36	58.82	63.39	67.42	93.41	31.26	30.87	61.0	0.0	50.57	2.0	54.41	39.32	69.92	82.68	23.77	95.02	19.31	73.5	61.91	30.08	60.42	40.0	25.32	85.09	50.99	19.03
74	40.01	101.97	33.11	39.7	59.36	14.56	28.16	71.57	42.2	52.35	77.39	63.13	12.73	86.54	27.8	37.2	64.29	35.06	34.93	41.11	44.15	41.77	43.05	32.56	72.12	84.17	60.42	47.27	46.87	75.58	33.24	41.88	76.79	81.3	46.07	42.0	19.21	58.01	98.23	49.2	49.2	64.35	53.0	22.2	43.08	34.01	64.88	68.94	53.81	41.19	6.71	34.71	88.02	26.4	26.93	25.06	70.72	88.19	45.19	84.6	70.03	36.77	101.12	65.95	22.14	28.23	81.93	32.76	86.83	68.6	66.84	19.7	34.93	50.57	0.0	51.43	66.49	72.67	91.76	69.29	40.05	77.83	39.6	47.17	75.31	20.59	36.4	57.38	32.65	46.32	71.17	33.6
75	89.29	114.4	32.76	16.28	9.85	41.87	36.36	60.61	40.25	29.61	48.76	35.34	63.63	97.42	29.02	16.03	48.6	23.71	39.56	20.62	41.18	77.16	52.0	70.01	28.44	96.52	48.84	28.02	93.06	90.92	23.02	70.04	77.83	69.89	30.81	49.77	34.93	57.01	68.59	77.67	77.67	22.0	77.2	35.38	86.28	46.32	37.16	84.12	19.72	19.65	55.71	54.13	80.8	25.06	36.06	68.88	28.16	54.08	32.45	100.85	64.38	15.0	66.03	93.01	73.41	35.13	56.92	63.2	65.55	92.7	29.27	31.76	60.67	2.0	51.43	0.0	52.8	37.34	68.01	81.63	25.71	94.02	18.68	73.01	60.21	30.87	60.02	38.42	25.08	85.02	49.19	19.24
76	85.28	65.39	35.0	42.15	48.84	69.0	74.15	7.81	24.33	80.53	19.65	19.72	77.49	49.34	43.1	45.88	4.24	66.41	31.58	36.4	22.36	58.26	27.2	57.38	39.56	49.48	6.08	77.39	82.07	47.1	63.89	47.63	27.31	17.46	25.0	26.93	50.04	14.76	34.71	51.11	51.11	37.74	46.52	68.47	72.92	33.62	18.79	42.05	33.3	66.71	65.15	37.44	28.02	54.92	40.2	64.07	37.7	31.38	24.52	55.73	13.0	54.78	41.62	58.94	80.06	39.12	18.44	48.27	20.62	55.9	30.87	57.14	43.28	54.41	66.49	52.8	0.0	27.46	25.94	38.0	71.87	50.16	39.56	46.32	9.0	55.15	41.11	14.42	40.61	66.4	10.2	46.84
77	101.4	92.36	40.36	35.74	29.41	69.46	69.43	33.84	36.36	66.91	12.81	11.18	85.21	76.66	44.94	39.56	24.08	58.31	42.01	32.2	35.36	78.79	46.24	75.29	13.45	76.9	28.02	65.28	100.85	74.43	56.57	68.71	54.41	39.96	27.59	44.78	53.54	40.05	31.26	74.04	74.04	15.81	70.61	65.8	92.18	47.71	10.44	69.07	20.62	56.0	73.88	54.59	51.31	51.87	46.75	79.2	12.04	17.12	29.07	83.19	40.26	46.53	29.83	84.59	91.29	45.34	21.4	66.24	30.61	82.15	8.06	56.86	61.72	39.32	72.67	37.34	27.46	0.0	31.76	65.19	62.01	77.52	34.54	68.96	30.41	55.04	59.93	20.25	40.31	87.32	18.38	42.38
78	110.8	72.06	59.23	62.13	60.93	92.78	96.01	24.04	49.65	97.53	19.31	33.38	103.12	59.54	66.61	66.12	27.51	86.47	56.92	57.01	47.76	82.76	53.0	82.8	44.65	61.0	31.78	95.34	106.89	62.3	84.29	72.18	38.9	20.25	47.27	52.84	74.33	39.05	11.4	74.41	74.41	47.42	69.03	91.09	97.67	59.51	31.4	59.51	49.03	85.33	90.82	63.29	28.0	77.03	65.0	89.89	43.57	20.25	47.52	68.45	30.0	74.43	22.02	78.77	105.99	63.79	11.18	73.82	5.66	74.69	39.4	80.4	68.82	69.92	91.76	68.01	25.94	31.76	0.0	55.04	91.08	64.85	60.03	70.04	18.44	78.41	66.61	35.23	63.2	90.52	21.1	68.01
79	67.91	34.06	51.66	66.61	81.02	78.77	89.05	33.54	41.62	104.0	57.22	55.9	75.5	17.49	59.41	69.03	41.11	86.31	44.55	61.29	40.5	37.66	31.11	43.0	76.3	15.62	37.48	99.7	60.17	9.49	83.49	30.02	17.03	34.89	51.0	33.24	61.61	25.96	66.31	26.68	26.68	72.8	20.4	82.1	51.55	39.82	55.58	4.47	65.0	89.14	64.56	35.36	31.83	72.25	52.5	53.04	74.33	68.07	49.24	19.24	26.48	77.23	75.89	24.21	72.06	52.4	53.37	37.66	49.77	19.72	67.27	70.8	34.48	82.68	69.29	81.63	38.0	65.19	55.04	0.0	92.66	12.65	63.82	25.02	39.05	69.2	32.89	47.54	60.21	42.72	48.04	68.01
80	80.01	126.67	41.23	29.73	35.44	26.08	14.32	79.31	52.43	12.65	72.34	57.71	49.5	109.79	33.24	26.0	68.01	6.4	48.17	35.47	54.08	77.08	61.55	68.35	54.13	108.25	66.71	7.62	86.7	101.14	9.22	73.06	93.19	89.32	47.01	59.46	32.76	71.56	93.05	81.12	81.12	47.38	82.66	18.03	82.0	53.08	59.68	94.07	42.19	6.08	46.27	59.2	99.32	20.62	40.36	63.56	53.76	79.06	47.85	111.07	81.41	17.09	91.35	97.94	61.2	40.31	79.91	64.41	87.86	99.05	54.04	24.17	63.81	23.77	40.05	25.71	71.87	62.01	91.08	92.66	0.0	104.0	32.31	77.39	80.32	25.06	64.07	57.87	33.02	83.49	70.83	25.55
81	70.11	24.17	63.41	78.77	93.62	88.48	99.49	45.04	53.85	115.62	69.01	68.45	82.54	11.4	70.84	81.02	53.46	97.62	56.22	73.57	52.84	41.3	42.8	48.51	88.84	8.25	50.01	111.2	60.83	3.16	94.79	36.4	25.96	44.64	63.51	45.0	72.25	38.6	76.24	30.59	30.59	85.44	25.3	92.46	53.15	50.93	68.07	10.0	77.62	100.77	72.5	45.45	38.95	83.45	63.66	58.69	86.88	79.4	61.72	7.07	38.01	89.02	86.35	20.25	77.47	63.7	64.5	45.19	59.91	14.87	79.83	81.47	43.05	95.02	77.83	94.02	50.16	77.52	64.85	12.65	104.0	0.0	76.01	31.02	50.25	79.98	41.88	60.17	72.01	44.1	60.03	79.81
82	73.93	97.19	14.14	2.83	22.36	34.93	36.01	47.01	22.2	41.62	42.3	27.17	52.33	80.16	12.53	6.32	35.74	26.93	20.88	3.16	23.43	59.0	33.54	52.35	32.53	79.03	34.44	38.08	76.4	72.95	24.52	51.48	61.85	57.01	14.76	31.3	20.62	40.36	63.64	59.03	59.03	24.76	58.52	31.58	69.05	27.66	29.15	66.04	14.42	27.29	42.2	35.51	67.08	17.46	18.25	52.5	31.14	51.24	15.81	82.93	49.4	15.23	64.2	74.33	60.22	17.12	49.0	45.0	56.32	74.09	27.78	22.36	42.19	19.31	39.6	18.68	39.56	34.54	60.03	63.82	32.31	76.01	0.0	54.34	48.08	20.59	41.44	25.71	7.62	67.07	39.2	8.06
83	43.66	55.15	40.26	56.75	75.43	58.8	70.77	46.01	35.01	89.69	65.3	57.97	51.55	40.79	45.69	57.87	47.41	71.02	33.54	52.77	35.13	13.42	23.19	18.03	76.79	38.08	42.49	84.91	37.44	29.12	68.26	5.39	38.63	52.01	46.01	25.08	44.65	31.62	80.28	5.1	5.1	71.18	5.83	63.7	28.3	26.68	58.52	23.19	61.0	75.18	41.59	18.97	53.23	56.94	38.08	28.16	74.81	77.41	44.01	37.58	40.36	64.47	87.92	20.59	47.17	38.63	64.64	14.42	64.38	21.93	68.07	53.6	13.6	73.5	47.17	73.01	46.32	68.96	70.04	25.02	77.39	31.02	54.34	0.0	51.74	52.43	13.42	48.76	48.38	20.52	55.95	55.71
84	92.42	62.36	44.0	50.6	55.32	78.0	83.02	5.83	33.24	88.57	19.42	25.5	86.13	47.38	52.09	54.41	12.37	75.0	40.45	44.92	31.26	64.35	34.89	64.4	43.57	48.09	15.03	85.62	88.46	47.38	72.53	53.76	25.08	9.9	33.73	34.93	59.03	20.62	28.6	56.22	56.22	43.19	51.04	77.41	79.25	42.06	24.04	43.42	40.5	75.03	73.76	45.18	21.26	63.79	49.16	71.69	41.88	29.15	33.38	55.0	12.65	63.25	37.16	61.85	88.24	48.09	14.32	55.47	12.81	58.19	35.61	66.12	50.48	61.91	75.31	60.21	9.0	30.41	18.44	39.05	80.32	50.25	48.08	51.74	0.0	64.12	48.26	22.47	49.5	72.18	12.21	55.54
85	59.03	103.23	20.4	20.0	38.83	14.56	20.12	61.66	32.02	37.58	61.85	46.84	33.02	86.61	12.04	16.97	52.01	18.79	26.0	22.85	33.96	52.2	38.59	43.68	52.63	84.81	49.25	32.65	64.01	77.23	16.16	48.02	72.09	71.85	31.14	36.72	7.81	50.92	83.2	56.08	56.08	44.82	57.8	13.6	58.31	29.41	48.76	70.18	34.99	23.77	25.0	34.66	80.52	6.08	17.0	40.05	51.4	71.51	31.02	87.05	62.1	16.49	84.5	72.95	42.54	17.46	67.74	39.36	74.11	74.2	48.37	2.0	38.83	30.08	20.59	30.87	55.15	55.04	78.41	69.2	25.06	79.98	20.59	52.43	64.12	0.0	39.2	43.19	15.3	58.94	57.31	13.45
86	44.2	65.86	27.29	43.74	63.03	46.62	58.0	43.05	24.04	76.32	58.41	48.75	43.19	50.16	32.31	44.64	41.04	57.69	21.0	40.11	24.7	18.97	14.21	16.28	66.22	47.85	36.07	71.56	41.4	39.45	54.92	10.05	42.05	51.08	34.71	15.26	31.4	27.78	75.82	17.72	17.72	60.02	18.6	50.93	32.45	14.0	49.65	32.65	49.37	61.77	31.78	6.0	55.11	43.57	24.7	23.77	64.29	70.6	32.76	48.83	39.0	51.08	82.13	34.0	41.77	25.3	59.41	7.21	61.03	35.0	57.87	40.46	2.24	60.42	36.4	60.02	41.11	59.93	66.61	32.89	64.07	41.88	41.44	13.42	48.26	39.2	0.0	39.82	35.17	27.51	49.58	42.38
87	82.22	77.9	24.35	28.16	35.0	57.56	61.2	22.2	16.97	66.19	20.25	9.22	69.32	61.27	31.4	32.02	10.3	52.63	23.6	22.56	15.62	58.6	26.0	55.47	29.07	60.93	10.82	63.16	80.99	57.01	50.22	48.47	40.22	31.76	12.04	24.6	39.29	21.59	40.85	53.85	53.85	25.3	50.64	56.0	72.2	28.32	9.85	50.99	19.1	52.55	57.31	34.67	42.44	42.05	30.46	60.14	27.07	31.89	12.37	66.41	26.25	40.8	44.41	65.07	73.82	29.15	24.74	46.32	31.0	63.03	20.02	45.18	41.68	40.0	57.38	38.42	14.42	20.25	35.23	47.54	57.87	60.17	25.71	48.76	22.47	43.19	39.82	0.0	28.02	67.12	14.14	33.38
88	66.31	94.05	8.6	9.06	29.83	29.83	33.54	47.54	19.42	43.84	46.57	31.62	45.34	77.08	5.0	9.49	37.22	26.93	15.81	8.49	21.1	52.09	29.21	45.1	39.7	75.69	34.93	39.7	68.88	69.03	24.19	45.12	60.21	57.72	16.0	27.02	13.45	38.59	67.91	52.89	52.89	32.02	52.92	28.02	61.66	21.93	33.53	62.01	21.21	29.0	34.83	29.41	67.07	14.32	11.0	44.92	38.21	56.46	16.12	79.03	48.85	17.03	69.46	68.71	52.8	10.05	52.47	38.12	59.01	68.88	34.21	17.26	35.69	25.32	32.65	25.08	40.61	40.31	63.2	60.21	33.02	72.01	7.62	48.38	49.5	15.3	35.17	28.02	0.0	60.0	42.11	7.81
89	26.02	66.37	53.24	69.01	89.27	60.42	73.79	66.48	51.55	96.14	84.91	76.16	45.34	55.33	56.08	69.07	67.12	77.49	47.85	66.27	52.2	8.54	41.15	15.3	93.68	52.24	62.13	91.08	17.46	43.42	75.0	18.87	58.18	72.47	62.1	42.54	51.97	51.86	100.66	16.64	16.64	87.32	22.83	67.12	9.06	41.0	76.97	39.56	76.49	82.71	39.66	33.24	73.06	64.54	49.0	21.4	91.76	97.1	60.17	49.04	60.88	73.82	108.0	25.32	36.72	50.01	84.81	22.2	84.86	30.07	85.38	59.48	25.96	85.09	46.32	85.02	66.4	87.32	90.52	42.72	83.49	44.1	67.07	20.52	72.18	58.94	27.51	67.12	60.0	0.0	75.72	66.19
90	93.38	74.0	38.33	41.44	43.6	71.7	75.06	15.52	29.53	78.19	9.49	13.89	82.86	58.46	45.54	45.4	8.6	65.92	36.67	36.12	27.78	67.42	35.38	65.8	31.38	58.86	13.6	75.58	90.91	57.01	63.64	56.86	36.14	22.02	26.17	34.66	53.37	24.7	27.29	60.83	60.83	31.11	56.46	70.03	81.84	40.22	12.21	52.15	29.55	65.25	70.68	45.28	33.42	56.0	44.27	71.7	29.68	21.47	26.48	65.38	22.2	53.94	32.56	69.12	86.61	43.01	10.77	56.59	17.12	66.1	23.43	59.3	51.66	50.99	71.17	49.19	10.2	18.38	21.1	48.04	70.83	60.03	39.2	55.95	12.21	57.31	49.58	14.14	42.11	75.72	0.0	47.1
91	70.21	101.83	16.4	6.71	25.94	27.29	28.0	54.08	27.02	36.07	50.36	35.23	46.23	84.85	10.2	3.61	43.17	19.7	23.6	11.0	28.6	58.55	37.01	51.04	39.2	83.49	41.44	32.02	73.82	76.84	17.09	52.2	67.68	64.2	21.84	34.83	15.81	46.04	71.7	60.08	60.08	31.4	60.42	23.54	67.12	29.53	37.22	69.81	21.93	21.26	37.12	36.77	73.93	9.49	17.72	49.65	38.01	59.2	22.47	86.83	55.9	9.22	72.12	76.16	55.07	17.09	57.01	44.72	64.2	76.48	35.34	15.0	42.72	19.03	33.6	19.24	46.84	42.38	68.01	68.01	25.55	79.81	8.06	55.71	55.54	13.45	42.38	33.38	7.81	66.19	47.1	0.0
;
