set K:= 1	2	3	4	5	6	7	8	9	10;
set C_H:= 1	2	3	4	5	6	7	8	9	10	11	12	13	14	15	16	17	18	19	20	21	22	23	24	25	26	27	28	29	30	31	32	33	34	35	36	37	38	39	40	41	42	43	44	45	46	47	48	49;
set C_S:= 50	51	52	53	54	55	56	57	58	59	60	61	62	63	64	65	66	67	68	69	70	71	72;
set C_F:= 73	74	75	76	77	78	79;
set M:= 80	81	82	83	84	85;
set L_B:= 86	87	88	89	90	91	92	93	94	95;
set A1:=
(0,*) 1 2 3 4 5 6 7 8 9 10 11 12 13 14 15 16 17 18 19 20 21 22 23 24 25 26 27 28 29 30 31 32 33 34 35 36 37 38 39 40 41 42 43 44 45 46 47 48 49 73 74 75 76 77 78 79 80 81 82 83 84 85 86 87 88 89 90 91 92 93 94 95
(1,*) 0 2 3 4 5 6 7 8 9 10 11 12 13 14 15 16 17 18 19 20 21 22 23 24 25 26 27 28 29 30 31 32 33 34 35 36 37 38 39 40 41 42 43 44 45 46 47 48 49 73 74 75 76 77 78 79 80 81 82 83 84 85 86 87 88 89 90 91 92 93 94 95
(2,*) 0 1 3 4 5 6 7 8 9 10 11 12 13 14 15 16 17 18 19 20 21 22 23 24 25 26 27 28 29 30 31 32 33 34 35 36 37 38 39 40 41 42 43 44 45 46 47 48 49 73 74 75 76 77 78 79 80 81 82 83 84 85 86 87 88 89 90 91 92 93 94 95
(3,*) 0 1 2 4 5 6 7 8 9 10 11 12 13 14 15 16 17 18 19 20 21 22 23 24 25 26 27 28 29 30 31 32 33 34 35 36 37 38 39 40 41 42 43 44 45 46 47 48 49 73 74 75 76 77 78 79 80 81 82 83 84 85 86 87 88 89 90 91 92 93 94 95
(4,*) 0 1 2 3 5 6 7 8 9 10 11 12 13 14 15 16 17 18 19 20 21 22 23 24 25 26 27 28 29 30 31 32 33 34 35 36 37 38 39 40 41 42 43 44 45 46 47 48 49 73 74 75 76 77 78 79 80 81 82 83 84 85 86 87 88 89 90 91 92 93 94 95
(5,*) 0 1 2 3 4 6 7 8 9 10 11 12 13 14 15 16 17 18 19 20 21 22 23 24 25 26 27 28 29 30 31 32 33 34 35 36 37 38 39 40 41 42 43 44 45 46 47 48 49 73 74 75 76 77 78 79 80 81 82 83 84 85 86 87 88 89 90 91 92 93 94 95
(6,*) 0 1 2 3 4 5 7 8 9 10 11 12 13 14 15 16 17 18 19 20 21 22 23 24 25 26 27 28 29 30 31 32 33 34 35 36 37 38 39 40 41 42 43 44 45 46 47 48 49 73 74 75 76 77 78 79 80 81 82 83 84 85 86 87 88 89 90 91 92 93 94 95
(7,*) 0 1 2 3 4 5 6 8 9 10 11 12 13 14 15 16 17 18 19 20 21 22 23 24 25 26 27 28 29 30 31 32 33 34 35 36 37 38 39 40 41 42 43 44 45 46 47 48 49 73 74 75 76 77 78 79 80 81 82 83 84 85 86 87 88 89 90 91 92 93 94 95
(8,*) 0 1 2 3 4 5 6 7 9 10 11 12 13 14 15 16 17 18 19 20 21 22 23 24 25 26 27 28 29 30 31 32 33 34 35 36 37 38 39 40 41 42 43 44 45 46 47 48 49 73 74 75 76 77 78 79 80 81 82 83 84 85 86 87 88 89 90 91 92 93 94 95
(9,*) 0 1 2 3 4 5 6 7 8 10 11 12 13 14 15 16 17 18 19 20 21 22 23 24 25 26 27 28 29 30 31 32 33 34 35 36 37 38 39 40 41 42 43 44 45 46 47 48 49 73 74 75 76 77 78 79 80 81 82 83 84 85 86 87 88 89 90 91 92 93 94 95
(10,*) 0 1 2 3 4 5 6 7 8 9 11 12 13 14 15 16 17 18 19 20 21 22 23 24 25 26 27 28 29 30 31 32 33 34 35 36 37 38 39 40 41 42 43 44 45 46 47 48 49 73 74 75 76 77 78 79 80 81 82 83 84 85 86 87 88 89 90 91 92 93 94 95
(11,*) 0 1 2 3 4 5 6 7 8 9 10 12 13 14 15 16 17 18 19 20 21 22 23 24 25 26 27 28 29 30 31 32 33 34 35 36 37 38 39 40 41 42 43 44 45 46 47 48 49 73 74 75 76 77 78 79 80 81 82 83 84 85 86 87 88 89 90 91 92 93 94 95
(12,*) 0 1 2 3 4 5 6 7 8 9 10 11 13 14 15 16 17 18 19 20 21 22 23 24 25 26 27 28 29 30 31 32 33 34 35 36 37 38 39 40 41 42 43 44 45 46 47 48 49 73 74 75 76 77 78 79 80 81 82 83 84 85 86 87 88 89 90 91 92 93 94 95
(13,*) 0 1 2 3 4 5 6 7 8 9 10 11 12 14 15 16 17 18 19 20 21 22 23 24 25 26 27 28 29 30 31 32 33 34 35 36 37 38 39 40 41 42 43 44 45 46 47 48 49 73 74 75 76 77 78 79 80 81 82 83 84 85 86 87 88 89 90 91 92 93 94 95
(14,*) 0 1 2 3 4 5 6 7 8 9 10 11 12 13 15 16 17 18 19 20 21 22 23 24 25 26 27 28 29 30 31 32 33 34 35 36 37 38 39 40 41 42 43 44 45 46 47 48 49 73 74 75 76 77 78 79 80 81 82 83 84 85 86 87 88 89 90 91 92 93 94 95
(15,*) 0 1 2 3 4 5 6 7 8 9 10 11 12 13 14 16 17 18 19 20 21 22 23 24 25 26 27 28 29 30 31 32 33 34 35 36 37 38 39 40 41 42 43 44 45 46 47 48 49 73 74 75 76 77 78 79 80 81 82 83 84 85 86 87 88 89 90 91 92 93 94 95
(16,*) 0 1 2 3 4 5 6 7 8 9 10 11 12 13 14 15 17 18 19 20 21 22 23 24 25 26 27 28 29 30 31 32 33 34 35 36 37 38 39 40 41 42 43 44 45 46 47 48 49 73 74 75 76 77 78 79 80 81 82 83 84 85 86 87 88 89 90 91 92 93 94 95
(17,*) 0 1 2 3 4 5 6 7 8 9 10 11 12 13 14 15 16 18 19 20 21 22 23 24 25 26 27 28 29 30 31 32 33 34 35 36 37 38 39 40 41 42 43 44 45 46 47 48 49 73 74 75 76 77 78 79 80 81 82 83 84 85 86 87 88 89 90 91 92 93 94 95
(18,*) 0 1 2 3 4 5 6 7 8 9 10 11 12 13 14 15 16 17 19 20 21 22 23 24 25 26 27 28 29 30 31 32 33 34 35 36 37 38 39 40 41 42 43 44 45 46 47 48 49 73 74 75 76 77 78 79 80 81 82 83 84 85 86 87 88 89 90 91 92 93 94 95
(19,*) 0 1 2 3 4 5 6 7 8 9 10 11 12 13 14 15 16 17 18 20 21 22 23 24 25 26 27 28 29 30 31 32 33 34 35 36 37 38 39 40 41 42 43 44 45 46 47 48 49 73 74 75 76 77 78 79 80 81 82 83 84 85 86 87 88 89 90 91 92 93 94 95
(20,*) 0 1 2 3 4 5 6 7 8 9 10 11 12 13 14 15 16 17 18 19 21 22 23 24 25 26 27 28 29 30 31 32 33 34 35 36 37 38 39 40 41 42 43 44 45 46 47 48 49 73 74 75 76 77 78 79 80 81 82 83 84 85 86 87 88 89 90 91 92 93 94 95
(21,*) 0 1 2 3 4 5 6 7 8 9 10 11 12 13 14 15 16 17 18 19 20 22 23 24 25 26 27 28 29 30 31 32 33 34 35 36 37 38 39 40 41 42 43 44 45 46 47 48 49 73 74 75 76 77 78 79 80 81 82 83 84 85 86 87 88 89 90 91 92 93 94 95
(22,*) 0 1 2 3 4 5 6 7 8 9 10 11 12 13 14 15 16 17 18 19 20 21 23 24 25 26 27 28 29 30 31 32 33 34 35 36 37 38 39 40 41 42 43 44 45 46 47 48 49 73 74 75 76 77 78 79 80 81 82 83 84 85 86 87 88 89 90 91 92 93 94 95
(23,*) 0 1 2 3 4 5 6 7 8 9 10 11 12 13 14 15 16 17 18 19 20 21 22 24 25 26 27 28 29 30 31 32 33 34 35 36 37 38 39 40 41 42 43 44 45 46 47 48 49 73 74 75 76 77 78 79 80 81 82 83 84 85 86 87 88 89 90 91 92 93 94 95
(24,*) 0 1 2 3 4 5 6 7 8 9 10 11 12 13 14 15 16 17 18 19 20 21 22 23 25 26 27 28 29 30 31 32 33 34 35 36 37 38 39 40 41 42 43 44 45 46 47 48 49 73 74 75 76 77 78 79 80 81 82 83 84 85 86 87 88 89 90 91 92 93 94 95
(25,*) 0 1 2 3 4 5 6 7 8 9 10 11 12 13 14 15 16 17 18 19 20 21 22 23 24 26 27 28 29 30 31 32 33 34 35 36 37 38 39 40 41 42 43 44 45 46 47 48 49 73 74 75 76 77 78 79 80 81 82 83 84 85 86 87 88 89 90 91 92 93 94 95
(26,*) 0 1 2 3 4 5 6 7 8 9 10 11 12 13 14 15 16 17 18 19 20 21 22 23 24 25 27 28 29 30 31 32 33 34 35 36 37 38 39 40 41 42 43 44 45 46 47 48 49 73 74 75 76 77 78 79 80 81 82 83 84 85 86 87 88 89 90 91 92 93 94 95
(27,*) 0 1 2 3 4 5 6 7 8 9 10 11 12 13 14 15 16 17 18 19 20 21 22 23 24 25 26 28 29 30 31 32 33 34 35 36 37 38 39 40 41 42 43 44 45 46 47 48 49 73 74 75 76 77 78 79 80 81 82 83 84 85 86 87 88 89 90 91 92 93 94 95
(28,*) 0 1 2 3 4 5 6 7 8 9 10 11 12 13 14 15 16 17 18 19 20 21 22 23 24 25 26 27 29 30 31 32 33 34 35 36 37 38 39 40 41 42 43 44 45 46 47 48 49 73 74 75 76 77 78 79 80 81 82 83 84 85 86 87 88 89 90 91 92 93 94 95
(29,*) 0 1 2 3 4 5 6 7 8 9 10 11 12 13 14 15 16 17 18 19 20 21 22 23 24 25 26 27 28 30 31 32 33 34 35 36 37 38 39 40 41 42 43 44 45 46 47 48 49 73 74 75 76 77 78 79 80 81 82 83 84 85 86 87 88 89 90 91 92 93 94 95
(30,*) 0 1 2 3 4 5 6 7 8 9 10 11 12 13 14 15 16 17 18 19 20 21 22 23 24 25 26 27 28 29 31 32 33 34 35 36 37 38 39 40 41 42 43 44 45 46 47 48 49 73 74 75 76 77 78 79 80 81 82 83 84 85 86 87 88 89 90 91 92 93 94 95
(31,*) 0 1 2 3 4 5 6 7 8 9 10 11 12 13 14 15 16 17 18 19 20 21 22 23 24 25 26 27 28 29 30 32 33 34 35 36 37 38 39 40 41 42 43 44 45 46 47 48 49 73 74 75 76 77 78 79 80 81 82 83 84 85 86 87 88 89 90 91 92 93 94 95
(32,*) 0 1 2 3 4 5 6 7 8 9 10 11 12 13 14 15 16 17 18 19 20 21 22 23 24 25 26 27 28 29 30 31 33 34 35 36 37 38 39 40 41 42 43 44 45 46 47 48 49 73 74 75 76 77 78 79 80 81 82 83 84 85 86 87 88 89 90 91 92 93 94 95
(33,*) 0 1 2 3 4 5 6 7 8 9 10 11 12 13 14 15 16 17 18 19 20 21 22 23 24 25 26 27 28 29 30 31 32 34 35 36 37 38 39 40 41 42 43 44 45 46 47 48 49 73 74 75 76 77 78 79 80 81 82 83 84 85 86 87 88 89 90 91 92 93 94 95
(34,*) 0 1 2 3 4 5 6 7 8 9 10 11 12 13 14 15 16 17 18 19 20 21 22 23 24 25 26 27 28 29 30 31 32 33 35 36 37 38 39 40 41 42 43 44 45 46 47 48 49 73 74 75 76 77 78 79 80 81 82 83 84 85 86 87 88 89 90 91 92 93 94 95
(35,*) 0 1 2 3 4 5 6 7 8 9 10 11 12 13 14 15 16 17 18 19 20 21 22 23 24 25 26 27 28 29 30 31 32 33 34 36 37 38 39 40 41 42 43 44 45 46 47 48 49 73 74 75 76 77 78 79 80 81 82 83 84 85 86 87 88 89 90 91 92 93 94 95
(36,*) 0 1 2 3 4 5 6 7 8 9 10 11 12 13 14 15 16 17 18 19 20 21 22 23 24 25 26 27 28 29 30 31 32 33 34 35 37 38 39 40 41 42 43 44 45 46 47 48 49 73 74 75 76 77 78 79 80 81 82 83 84 85 86 87 88 89 90 91 92 93 94 95
(37,*) 0 1 2 3 4 5 6 7 8 9 10 11 12 13 14 15 16 17 18 19 20 21 22 23 24 25 26 27 28 29 30 31 32 33 34 35 36 38 39 40 41 42 43 44 45 46 47 48 49 73 74 75 76 77 78 79 80 81 82 83 84 85 86 87 88 89 90 91 92 93 94 95
(38,*) 0 1 2 3 4 5 6 7 8 9 10 11 12 13 14 15 16 17 18 19 20 21 22 23 24 25 26 27 28 29 30 31 32 33 34 35 36 37 39 40 41 42 43 44 45 46 47 48 49 73 74 75 76 77 78 79 80 81 82 83 84 85 86 87 88 89 90 91 92 93 94 95
(39,*) 0 1 2 3 4 5 6 7 8 9 10 11 12 13 14 15 16 17 18 19 20 21 22 23 24 25 26 27 28 29 30 31 32 33 34 35 36 37 38 40 41 42 43 44 45 46 47 48 49 73 74 75 76 77 78 79 80 81 82 83 84 85 86 87 88 89 90 91 92 93 94 95
(40,*) 0 1 2 3 4 5 6 7 8 9 10 11 12 13 14 15 16 17 18 19 20 21 22 23 24 25 26 27 28 29 30 31 32 33 34 35 36 37 38 39 41 42 43 44 45 46 47 48 49 73 74 75 76 77 78 79 80 81 82 83 84 85 86 87 88 89 90 91 92 93 94 95
(41,*) 0 1 2 3 4 5 6 7 8 9 10 11 12 13 14 15 16 17 18 19 20 21 22 23 24 25 26 27 28 29 30 31 32 33 34 35 36 37 38 39 40 42 43 44 45 46 47 48 49 73 74 75 76 77 78 79 80 81 82 83 84 85 86 87 88 89 90 91 92 93 94 95
(42,*) 0 1 2 3 4 5 6 7 8 9 10 11 12 13 14 15 16 17 18 19 20 21 22 23 24 25 26 27 28 29 30 31 32 33 34 35 36 37 38 39 40 41 43 44 45 46 47 48 49 73 74 75 76 77 78 79 80 81 82 83 84 85 86 87 88 89 90 91 92 93 94 95
(43,*) 0 1 2 3 4 5 6 7 8 9 10 11 12 13 14 15 16 17 18 19 20 21 22 23 24 25 26 27 28 29 30 31 32 33 34 35 36 37 38 39 40 41 42 44 45 46 47 48 49 73 74 75 76 77 78 79 80 81 82 83 84 85 86 87 88 89 90 91 92 93 94 95
(44,*) 0 1 2 3 4 5 6 7 8 9 10 11 12 13 14 15 16 17 18 19 20 21 22 23 24 25 26 27 28 29 30 31 32 33 34 35 36 37 38 39 40 41 42 43 45 46 47 48 49 73 74 75 76 77 78 79 80 81 82 83 84 85 86 87 88 89 90 91 92 93 94 95
(45,*) 0 1 2 3 4 5 6 7 8 9 10 11 12 13 14 15 16 17 18 19 20 21 22 23 24 25 26 27 28 29 30 31 32 33 34 35 36 37 38 39 40 41 42 43 44 46 47 48 49 73 74 75 76 77 78 79 80 81 82 83 84 85 86 87 88 89 90 91 92 93 94 95
(46,*) 0 1 2 3 4 5 6 7 8 9 10 11 12 13 14 15 16 17 18 19 20 21 22 23 24 25 26 27 28 29 30 31 32 33 34 35 36 37 38 39 40 41 42 43 44 45 47 48 49 73 74 75 76 77 78 79 80 81 82 83 84 85 86 87 88 89 90 91 92 93 94 95
(47,*) 0 1 2 3 4 5 6 7 8 9 10 11 12 13 14 15 16 17 18 19 20 21 22 23 24 25 26 27 28 29 30 31 32 33 34 35 36 37 38 39 40 41 42 43 44 45 46 48 49 73 74 75 76 77 78 79 80 81 82 83 84 85 86 87 88 89 90 91 92 93 94 95
(48,*) 0 1 2 3 4 5 6 7 8 9 10 11 12 13 14 15 16 17 18 19 20 21 22 23 24 25 26 27 28 29 30 31 32 33 34 35 36 37 38 39 40 41 42 43 44 45 46 47 49 73 74 75 76 77 78 79 80 81 82 83 84 85 86 87 88 89 90 91 92 93 94 95
(49,*) 0 1 2 3 4 5 6 7 8 9 10 11 12 13 14 15 16 17 18 19 20 21 22 23 24 25 26 27 28 29 30 31 32 33 34 35 36 37 38 39 40 41 42 43 44 45 46 47 48 73 74 75 76 77 78 79 80 81 82 83 84 85 86 87 88 89 90 91 92 93 94 95
(73,*) 0 1 2 3 4 5 6 7 8 9 10 11 12 13 14 15 16 17 18 19 20 21 22 23 24 25 26 27 28 29 30 31 32 33 34 35 36 37 38 39 40 41 42 43 44 45 46 47 48 49 74 75 76 77 78 79 80 81 82 83 84 85 86 87 88 89 90 91 92 93 94 95
(74,*) 0 1 2 3 4 5 6 7 8 9 10 11 12 13 14 15 16 17 18 19 20 21 22 23 24 25 26 27 28 29 30 31 32 33 34 35 36 37 38 39 40 41 42 43 44 45 46 47 48 49 73 75 76 77 78 79 80 81 82 83 84 85 86 87 88 89 90 91 92 93 94 95
(75,*) 0 1 2 3 4 5 6 7 8 9 10 11 12 13 14 15 16 17 18 19 20 21 22 23 24 25 26 27 28 29 30 31 32 33 34 35 36 37 38 39 40 41 42 43 44 45 46 47 48 49 73 74 76 77 78 79 80 81 82 83 84 85 86 87 88 89 90 91 92 93 94 95
(76,*) 0 1 2 3 4 5 6 7 8 9 10 11 12 13 14 15 16 17 18 19 20 21 22 23 24 25 26 27 28 29 30 31 32 33 34 35 36 37 38 39 40 41 42 43 44 45 46 47 48 49 73 74 75 77 78 79 80 81 82 83 84 85 86 87 88 89 90 91 92 93 94 95
(77,*) 0 1 2 3 4 5 6 7 8 9 10 11 12 13 14 15 16 17 18 19 20 21 22 23 24 25 26 27 28 29 30 31 32 33 34 35 36 37 38 39 40 41 42 43 44 45 46 47 48 49 73 74 75 76 78 79 80 81 82 83 84 85 86 87 88 89 90 91 92 93 94 95
(78,*) 0 1 2 3 4 5 6 7 8 9 10 11 12 13 14 15 16 17 18 19 20 21 22 23 24 25 26 27 28 29 30 31 32 33 34 35 36 37 38 39 40 41 42 43 44 45 46 47 48 49 73 74 75 76 77 79 80 81 82 83 84 85 86 87 88 89 90 91 92 93 94 95
(79,*) 0 1 2 3 4 5 6 7 8 9 10 11 12 13 14 15 16 17 18 19 20 21 22 23 24 25 26 27 28 29 30 31 32 33 34 35 36 37 38 39 40 41 42 43 44 45 46 47 48 49 73 74 75 76 77 78 80 81 82 83 84 85 86 87 88 89 90 91 92 93 94 95
(80,*) 0 1 2 3 4 5 6 7 8 9 10 11 12 13 14 15 16 17 18 19 20 21 22 23 24 25 26 27 28 29 30 31 32 33 34 35 36 37 38 39 40 41 42 43 44 45 46 47 48 49 73 74 75 76 77 78 79 81 82 83 84 85 86 87 88 89 90 91 92 93 94 95
(81,*) 0 1 2 3 4 5 6 7 8 9 10 11 12 13 14 15 16 17 18 19 20 21 22 23 24 25 26 27 28 29 30 31 32 33 34 35 36 37 38 39 40 41 42 43 44 45 46 47 48 49 73 74 75 76 77 78 79 80 82 83 84 85 86 87 88 89 90 91 92 93 94 95
(82,*) 0 1 2 3 4 5 6 7 8 9 10 11 12 13 14 15 16 17 18 19 20 21 22 23 24 25 26 27 28 29 30 31 32 33 34 35 36 37 38 39 40 41 42 43 44 45 46 47 48 49 73 74 75 76 77 78 79 80 81 83 84 85 86 87 88 89 90 91 92 93 94 95
(83,*) 0 1 2 3 4 5 6 7 8 9 10 11 12 13 14 15 16 17 18 19 20 21 22 23 24 25 26 27 28 29 30 31 32 33 34 35 36 37 38 39 40 41 42 43 44 45 46 47 48 49 73 74 75 76 77 78 79 80 81 82 84 85 86 87 88 89 90 91 92 93 94 95
(84,*) 0 1 2 3 4 5 6 7 8 9 10 11 12 13 14 15 16 17 18 19 20 21 22 23 24 25 26 27 28 29 30 31 32 33 34 35 36 37 38 39 40 41 42 43 44 45 46 47 48 49 73 74 75 76 77 78 79 80 81 82 83 85 86 87 88 89 90 91 92 93 94 95
(85,*) 0 1 2 3 4 5 6 7 8 9 10 11 12 13 14 15 16 17 18 19 20 21 22 23 24 25 26 27 28 29 30 31 32 33 34 35 36 37 38 39 40 41 42 43 44 45 46 47 48 49 73 74 75 76 77 78 79 80 81 82 83 84 86 87 88 89 90 91 92 93 94 95
(86,*) 0 1 2 3 4 5 6 7 8 9 10 11 12 13 14 15 16 17 18 19 20 21 22 23 24 25 26 27 28 29 30 31 32 33 34 35 36 37 38 39 40 41 42 43 44 45 46 47 48 49 73 74 75 76 77 78 79 80 81 82 83 84 85 87 88 89 90 91 92 93 94 95
(87,*) 0 1 2 3 4 5 6 7 8 9 10 11 12 13 14 15 16 17 18 19 20 21 22 23 24 25 26 27 28 29 30 31 32 33 34 35 36 37 38 39 40 41 42 43 44 45 46 47 48 49 73 74 75 76 77 78 79 80 81 82 83 84 85 86 88 89 90 91 92 93 94 95
(88,*) 0 1 2 3 4 5 6 7 8 9 10 11 12 13 14 15 16 17 18 19 20 21 22 23 24 25 26 27 28 29 30 31 32 33 34 35 36 37 38 39 40 41 42 43 44 45 46 47 48 49 73 74 75 76 77 78 79 80 81 82 83 84 85 86 87 89 90 91 92 93 94 95
(89,*) 0 1 2 3 4 5 6 7 8 9 10 11 12 13 14 15 16 17 18 19 20 21 22 23 24 25 26 27 28 29 30 31 32 33 34 35 36 37 38 39 40 41 42 43 44 45 46 47 48 49 73 74 75 76 77 78 79 80 81 82 83 84 85 86 87 88 90 91 92 93 94 95
(90,*) 0 1 2 3 4 5 6 7 8 9 10 11 12 13 14 15 16 17 18 19 20 21 22 23 24 25 26 27 28 29 30 31 32 33 34 35 36 37 38 39 40 41 42 43 44 45 46 47 48 49 73 74 75 76 77 78 79 80 81 82 83 84 85 86 87 88 89 91 92 93 94 95
(91,*) 0 1 2 3 4 5 6 7 8 9 10 11 12 13 14 15 16 17 18 19 20 21 22 23 24 25 26 27 28 29 30 31 32 33 34 35 36 37 38 39 40 41 42 43 44 45 46 47 48 49 73 74 75 76 77 78 79 80 81 82 83 84 85 86 87 88 89 90 92 93 94 95
(92,*) 0 1 2 3 4 5 6 7 8 9 10 11 12 13 14 15 16 17 18 19 20 21 22 23 24 25 26 27 28 29 30 31 32 33 34 35 36 37 38 39 40 41 42 43 44 45 46 47 48 49 73 74 75 76 77 78 79 80 81 82 83 84 85 86 87 88 89 90 91 93 94 95
(93,*) 0 1 2 3 4 5 6 7 8 9 10 11 12 13 14 15 16 17 18 19 20 21 22 23 24 25 26 27 28 29 30 31 32 33 34 35 36 37 38 39 40 41 42 43 44 45 46 47 48 49 73 74 75 76 77 78 79 80 81 82 83 84 85 86 87 88 89 90 91 92 94 95
(94,*) 0 1 2 3 4 5 6 7 8 9 10 11 12 13 14 15 16 17 18 19 20 21 22 23 24 25 26 27 28 29 30 31 32 33 34 35 36 37 38 39 40 41 42 43 44 45 46 47 48 49 73 74 75 76 77 78 79 80 81 82 83 84 85 86 87 88 89 90 91 92 93 95
(95,*) 0 1 2 3 4 5 6 7 8 9 10 11 12 13 14 15 16 17 18 19 20 21 22 23 24 25 26 27 28 29 30 31 32 33 34 35 36 37 38 39 40 41 42 43 44 45 46 47 48 49 73 74 75 76 77 78 79 80 81 82 83 84 85 86 87 88 89 90 91 92 93 94
;
set A2:=
(80,*) 81
(81,*) 80
(82,*) 83
(83,*) 82
(84,*) 85
(85,*) 84
;
param BigM:=99999;
param n:= 10;
param d:=
1	23
2	5
3	11
4	9
5	23
6	9
7	14
8	16
9	2
10	20
11	26
12	26
13	17
14	12
15	20
16	10
17	9
18	2
19	9
20	1
21	2
22	14
23	13
24	23
25	3
26	23
27	11
28	2
29	10
30	2
31	14
32	21
33	22
34	13
35	22
36	18
37	6
38	2
39	11
40	9
41	9
42	5
43	12
44	12
45	6
46	14
47	2
48	2
49	24
50	24
51	22
52	23
53	26
54	12
55	6
56	12
57	15
58	7
59	4
60	4
61	12
62	23
63	21
64	13
65	6
66	7
67	13
68	6
69	13
70	7
71	5
72	2
73	2
74	13
75	2
76	3
77	7
78	22
79	19
;
param Q:=100;
param w:=
[80,*] 81 1
[81,*] 80 1
[82,*] 83 1
[83,*] 82 1
[84,*] 85 1
[85,*] 84 1
;
param V:=
[80,*] 81 90
[81,*] 80 90
[82,*] 83 75
[83,*] 82 75
[84,*] 85 86
[85,*] 84 86
;
param f:=
80	100
81	100
82	100
83	100
84	100
85	100
86	100
87	100
88	100
89	100
90	100
91	100
92	100
93	100
94	100
95	100
;
param e:
	80	81	82	83	84	85	86	87	88	89	90	91	92	93	94	95:=
50	0	0	1	0	1	0	1	0	0	1	1	0	1	0	0	1	
51	1	0	0	0	0	1	1	0	0	1	0	0	1	0	0	1	
52	1	0	0	1	0	1	1	0	0	1	0	0	1	0	0	1	
53	1	0	0	0	1	0	1	0	0	1	0	0	1	0	0	1	
54	0	0	1	0	1	0	1	1	0	0	1	0	0	1	0	0	
55	0	0	0	1	0	1	0	0	1	0	0	1	1	0	1	0	
56	0	0	0	1	0	0	0	0	1	0	0	1	0	0	1	0	
57	0	0	0	1	0	1	1	0	1	0	0	1	1	0	1	0	
58	1	0	0	0	0	1	1	0	0	1	0	0	1	0	0	1	
59	0	0	0	1	0	0	0	0	1	0	0	1	0	0	1	0	
60	0	0	0	1	0	1	1	1	0	1	1	1	1	0	1	1	
61	0	1	1	0	1	0	0	1	0	0	1	0	0	1	0	0	
62	0	1	1	0	1	0	0	1	0	0	1	0	0	1	0	0	
63	0	0	1	0	0	0	1	1	0	0	1	1	1	1	1	0	
64	0	0	0	1	0	0	0	1	1	0	1	1	0	0	1	0	
65	1	0	0	0	0	1	1	1	0	1	1	1	1	0	0	1	
66	1	0	0	0	0	1	1	0	0	1	0	0	1	0	0	1	
67	0	0	1	0	1	0	0	0	0	0	0	0	0	1	0	0	
68	1	0	0	0	0	1	1	0	0	1	0	0	1	0	0	1	
69	0	1	1	0	1	0	0	1	0	0	1	0	0	1	0	0	
70	0	0	0	1	0	0	0	0	1	0	0	1	0	0	1	0	
71	0	1	1	0	1	0	0	1	0	0	1	0	0	1	0	0	
72	0	1	1	0	0	0	0	1	0	0	1	1	0	1	0	0	
73	1	0	0	0	0	1	1	0	0	1	0	0	1	0	0	1	
74	0	0	0	0	1	0	1	0	0	0	0	0	0	0	0	1	
75	1	0	0	0	0	1	1	0	0	1	0	0	1	0	0	1	
76	0	0	1	0	1	0	1	1	0	0	1	0	0	1	0	0	
77	0	1	1	0	1	0	0	1	0	0	1	0	0	1	0	0	
78	1	0	0	0	0	1	1	0	0	1	0	0	1	0	0	1	
79	0	0	1	0	0	1	1	1	0	0	1	1	1	1	0	1	
;
param p:=
1	1
2	1
3	1
4	1
5	1
6	1
7	1
8	1
9	1
10	1
;
param G:=
80	90
81	75
82	71
83	75
84	78
85	86
86	86
87	81
88	96
89	88
90	97
91	81
92	99
93	73
94	92
95	82
;
param s:=
0	0
1	15
2	15
3	15
4	15
5	15
6	15
7	15
8	15
9	15
10	15
11	15
12	15
13	15
14	15
15	15
16	15
17	15
18	15
19	15
20	15
21	15
22	15
23	15
24	15
25	15
26	15
27	15
28	15
29	15
30	15
31	15
32	15
33	15
34	15
35	15
36	15
37	15
38	15
39	15
40	15
41	15
42	15
43	15
44	15
45	15
46	15
47	15
48	15
49	15
73	15
74	15
75	15
76	15
77	15
78	15
79	15
80	10
81	10
82	10
83	10
84	10
85	10
86	10
87	10
88	10
89	10
90	10
91	10
92	10
93	10
94	10
95	10
;
param t:
	0	1	2	3	4	5	6	7	8	9	10	11	12	13	14	15	16	17	18	19	20	21	22	23	24	25	26	27	28	29	30	31	32	33	34	35	36	37	38	39	40	41	42	43	44	45	46	47	48	49	50	51	52	53	54	55	56	57	58	59	60	61	62	63	64	65	66	67	68	69	70	71	72	73	74	75	76	77	78	79	80	81	82	83	84	85	86	87	88	89	90	91	92	93	94	95:=
0	0.0	48.1	92.2	62.27	95.86	96.77	54.08	65.12	56.36	87.09	65.3	92.14	81.3	61.47	84.96	75.06	59.41	74.25	66.6	75.01	82.49	125.87	89.29	19.92	28.02	104.81	78.23	80.06	103.48	69.35	82.28	94.51	101.4	74.06	58.73	97.64	54.41	71.85	119.97	41.23	97.53	110.8	47.54	62.03	17.0	91.68	65.12	42.01	86.35	81.15	34.23	88.77	75.03	40.01	22.2	103.08	101.83	90.43	73.68	113.9	72.42	30.36	51.09	58.14	85.28	57.71	87.09	11.66	73.17	39.81	105.21	41.23	67.91	67.36	32.02	75.5	37.01	56.01	58.69	53.91	80.01	70.11	27.29	102.07	15.52	80.52	60.08	53.23	108.07	74.11	53.0	84.2	73.74	45.71	96.67	64.63
1	48.1	0.0	69.07	21.38	57.04	54.23	43.42	38.6	19.24	40.31	18.38	71.28	52.84	26.83	36.88	52.8	15.0	34.13	19.24	52.5	37.11	77.78	54.13	43.32	20.81	60.44	50.77	32.02	55.44	42.8	42.19	49.04	54.59	28.86	10.63	52.2	26.87	25.3	72.01	23.54	54.13	63.29	23.71	47.01	37.59	44.42	35.81	7.28	43.42	56.6	31.02	54.57	37.85	34.71	26.63	58.52	53.81	43.42	38.9	65.95	26.93	24.74	39.4	10.3	37.44	19.7	66.61	46.32	50.0	16.03	57.8	23.54	35.36	54.04	43.05	45.62	11.66	39.96	36.07	8.0	59.2	45.45	30.08	54.41	35.23	47.43	28.84	16.4	60.22	51.4	11.18	36.72	37.11	26.93	48.83	40.46
2	92.2	69.07	0.0	85.56	112.68	44.1	112.36	106.3	86.56	58.52	75.07	137.89	17.03	93.43	69.35	120.34	78.52	94.49	73.76	17.72	52.39	94.02	114.4	101.14	72.42	104.92	18.44	67.12	75.31	26.42	38.08	53.94	92.36	83.6	67.21	96.25	95.6	57.43	83.0	54.41	102.86	72.06	49.4	116.02	75.24	84.17	33.29	67.12	96.57	123.04	96.66	115.6	100.0	101.97	82.57	103.08	81.74	85.0	102.65	90.09	82.01	64.76	41.11	65.12	65.39	86.45	133.66	82.0	117.52	60.54	68.36	54.41	34.06	123.0	106.63	111.04	69.35	36.35	104.81	73.88	126.67	24.17	65.76	86.68	77.65	110.63	96.43	52.7	74.43	118.93	58.01	62.24	99.9	49.04	69.12	108.58
3	62.27	21.38	85.56	0.0	36.06	60.17	34.0	21.47	6.4	41.3	11.7	52.35	68.62	8.54	32.14	35.0	7.21	13.04	13.6	70.43	41.76	68.1	32.76	50.93	38.83	42.54	67.18	29.02	49.04	60.44	52.35	51.48	40.36	13.04	18.44	35.61	15.13	30.87	65.19	44.91	35.34	59.23	44.6	33.96	55.79	31.91	53.41	28.07	24.17	37.48	33.6	33.24	16.49	33.11	40.25	40.82	44.28	30.23	17.89	55.23	12.08	45.04	60.41	20.62	35.0	5.0	48.1	63.57	32.2	37.34	54.59	44.91	51.66	40.16	45.28	25.61	31.06	60.42	22.36	13.6	41.23	63.41	50.16	42.72	52.5	26.4	12.37	35.36	54.82	33.6	29.53	36.12	15.81	48.08	44.55	24.17
4	95.86	57.04	112.68	36.06	0.0	76.42	50.91	33.42	40.61	56.59	41.0	38.05	95.88	34.48	44.6	33.54	42.05	23.02	41.48	100.22	61.22	57.04	9.85	81.01	74.67	19.03	95.29	45.8	50.09	90.47	75.21	65.19	29.41	30.36	50.99	21.54	41.63	55.47	60.42	80.31	13.6	60.93	79.08	44.82	91.41	31.4	83.93	64.0	16.12	29.41	63.06	11.7	20.88	59.36	74.73	19.03	41.63	29.83	22.36	45.54	32.28	81.1	94.73	53.15	48.84	39.46	37.12	98.72	32.76	73.06	59.06	80.31	81.02	46.14	71.85	24.08	67.12	93.86	40.0	49.04	35.44	93.62	86.21	36.4	87.86	17.69	35.85	68.66	55.54	33.12	63.15	51.74	22.14	82.87	51.04	35.38
5	96.77	54.23	44.1	60.17	76.42	0.0	93.38	81.27	64.13	20.25	48.51	108.41	32.02	68.68	32.2	93.62	54.92	63.95	46.57	41.44	18.44	50.01	80.8	96.88	69.57	64.64	33.84	32.65	31.95	36.89	15.0	11.4	51.31	52.33	46.04	56.85	74.33	30.15	39.12	56.44	64.44	28.0	50.25	94.11	81.41	45.28	36.07	57.27	61.22	94.37	85.09	82.42	69.77	88.02	78.59	63.01	39.36	46.67	73.35	46.32	51.48	66.64	55.9	45.0	28.02	63.35	105.12	90.43	91.0	57.01	24.33	56.44	31.83	100.28	97.25	82.29	61.85	51.09	82.46	54.08	99.32	38.95	70.71	44.78	81.44	79.76	72.53	43.66	30.41	92.31	45.12	25.55	70.21	53.25	26.93	84.12
6	54.08	43.42	112.36	34.0	50.91	93.38	0.0	18.03	29.27	75.17	45.18	38.05	96.25	26.17	66.07	21.84	38.47	37.34	47.17	95.44	74.97	99.02	41.87	35.13	46.04	66.29	94.15	63.01	82.2	85.98	83.82	85.29	69.46	45.54	48.08	62.61	19.1	63.35	97.74	61.52	58.52	92.78	64.54	8.06	57.58	63.32	79.08	45.61	49.19	28.16	21.19	40.61	34.0	14.56	39.4	65.19	76.4	61.4	30.53	86.03	45.28	55.22	78.52	49.65	69.0	30.15	33.02	61.39	20.62	53.76	88.36	61.52	78.77	13.6	23.54	26.91	44.55	80.66	12.65	40.16	26.08	88.48	58.31	73.68	53.14	33.24	22.2	59.68	88.12	21.19	54.59	70.06	32.65	66.48	78.31	15.62
7	65.12	38.6	106.3	21.47	33.42	81.27	18.03	0.0	19.8	61.85	33.11	32.76	89.5	13.04	51.48	14.21	28.02	20.22	34.93	90.52	62.97	81.61	25.06	48.47	49.24	48.26	87.86	49.24	66.12	80.61	73.82	72.03	51.87	30.15	39.2	44.78	12.65	52.33	81.05	60.83	40.5	77.03	62.13	14.14	64.2	46.53	73.54	43.42	31.38	18.38	31.05	24.17	16.16	26.4	46.01	47.17	59.68	44.55	12.53	68.68	30.41	57.57	77.52	41.23	54.92	19.85	28.02	70.03	11.4	52.77	73.03	60.83	72.25	19.24	38.59	10.44	44.38	78.49	6.71	32.53	20.62	83.45	61.85	56.52	60.07	16.12	9.9	54.56	72.11	12.81	48.84	56.52	14.87	65.0	63.07	3.0
8	56.36	19.24	86.56	6.4	40.61	64.13	29.27	19.8	0.0	46.01	16.0	52.2	69.81	7.62	37.66	33.97	9.22	18.03	18.0	70.72	45.71	74.43	36.06	44.55	34.13	48.55	68.12	34.13	55.03	60.81	55.15	56.08	46.75	19.42	19.72	41.87	10.2	34.21	71.31	42.38	41.18	65.0	42.94	30.46	50.8	38.28	53.74	25.0	30.02	37.44	27.2	36.22	20.02	26.93	34.54	46.87	50.54	36.62	20.22	61.59	18.36	41.11	58.6	21.63	40.2	1.41	47.63	58.24	31.14	34.48	60.21	42.38	52.5	37.12	38.95	26.4	27.17	59.17	18.79	12.73	40.36	63.66	46.01	49.09	47.3	28.64	9.9	34.83	60.73	32.56	29.07	41.01	19.0	46.1	50.22	22.02
9	87.09	40.31	58.52	41.3	56.59	20.25	75.17	61.85	46.01	0.0	30.02	88.19	42.95	49.65	12.04	73.74	37.01	43.86	28.02	50.09	7.07	42.95	60.61	83.57	59.08	46.52	43.42	12.65	19.92	42.11	20.62	10.2	33.84	32.31	30.36	38.08	56.08	15.26	34.41	50.45	45.22	24.04	45.22	75.13	73.66	26.08	37.85	45.28	41.11	74.25	69.63	62.2	49.66	71.57	66.65	44.72	24.02	27.2	53.31	34.53	31.62	58.73	56.08	30.08	7.81	45.04	84.97	82.88	71.17	48.17	18.38	50.45	33.54	81.02	82.0	62.24	50.25	52.5	63.64	37.85	79.31	45.04	63.64	28.44	72.62	59.54	53.6	35.38	22.47	72.45	34.21	5.39	50.16	49.09	12.37	64.76
10	65.3	18.38	75.07	11.7	41.0	48.51	45.18	33.11	16.0	30.02	0.0	63.03	58.05	20.25	22.14	46.32	7.28	19.72	2.0	60.75	30.08	61.22	40.25	57.14	38.95	42.2	56.85	18.25	40.25	50.77	40.82	40.11	36.36	11.0	10.05	33.84	26.08	19.24	56.82	40.05	36.22	49.65	38.21	45.61	55.9	26.4	43.91	25.63	26.02	48.27	41.23	41.18	25.0	42.2	43.19	40.26	37.01	25.24	27.59	48.84	9.0	43.01	53.76	12.17	24.33	15.03	59.03	64.5	43.57	33.54	44.64	40.05	41.62	51.87	53.49	36.12	29.97	52.89	33.96	11.4	52.43	53.85	48.38	36.8	53.34	35.61	24.04	27.66	45.69	44.94	22.2	25.02	24.84	42.11	34.79	35.85
11	92.14	71.28	137.89	52.35	38.05	108.41	38.05	32.76	52.2	88.19	63.03	0.0	120.92	44.82	76.48	18.79	59.46	44.65	64.54	122.67	90.97	95.08	29.61	73.01	80.99	57.01	119.52	75.8	86.4	112.7	103.41	97.95	66.91	56.3	70.77	58.86	45.18	81.84	98.15	93.54	51.35	97.53	94.87	30.15	94.59	66.41	105.65	76.16	48.7	14.87	58.69	27.66	38.83	52.35	76.16	57.08	78.34	64.51	35.61	83.49	57.43	89.69	110.28	72.92	80.53	52.01	5.1	99.14	21.47	85.48	94.87	93.54	104.0	25.08	61.07	26.91	76.92	111.22	36.77	64.82	12.65	115.62	93.64	73.55	90.24	28.65	42.44	87.01	92.18	20.12	81.22	82.86	38.6	97.75	85.8	31.3
12	81.3	52.84	17.03	68.62	95.88	32.02	96.25	89.5	69.81	42.95	58.05	120.92	0.0	76.58	53.14	103.48	61.62	77.47	56.73	10.0	36.4	81.5	97.42	87.82	58.69	88.87	3.16	50.57	61.07	12.0	22.36	40.01	76.66	66.61	50.33	80.06	79.06	40.5	70.86	41.11	86.41	59.54	35.36	99.57	64.38	68.01	17.72	51.62	79.76	106.08	81.6	98.6	82.98	86.54	68.88	86.98	66.75	68.71	85.63	76.06	65.0	52.04	31.62	48.27	49.34	69.66	116.73	72.18	100.66	46.1	55.15	41.11	17.49	106.51	92.18	94.05	54.41	26.25	88.23	57.2	109.79	11.4	54.08	71.39	66.07	93.61	79.65	36.67	61.07	102.07	41.68	46.17	82.88	36.01	54.33	91.83
13	61.47	26.83	93.43	8.54	34.48	68.68	26.17	13.04	7.62	49.65	20.25	44.82	76.58	0.0	40.0	26.91	15.0	13.45	22.14	77.9	50.29	73.82	29.02	47.8	41.0	44.69	75.01	37.22	56.09	67.94	60.83	59.84	44.94	19.42	26.25	39.05	8.6	39.4	71.84	49.98	37.01	66.61	50.54	25.5	57.31	37.7	60.88	32.57	26.17	30.0	29.83	29.02	13.6	27.8	40.26	43.19	50.6	35.85	13.0	60.84	19.1	48.37	66.21	28.32	43.1	7.21	40.36	64.33	24.08	42.06	62.2	49.98	59.41	31.62	40.46	18.79	34.53	66.73	14.04	20.0	33.24	70.84	53.15	48.33	53.6	21.21	4.0	42.2	61.98	25.5	36.4	44.41	12.37	53.71	52.15	15.65
14	84.96	36.88	69.35	32.14	44.6	32.2	66.07	51.48	37.66	12.04	22.14	76.48	53.14	40.0	0.0	62.64	29.41	32.57	20.25	59.23	17.0	41.11	48.6	78.77	57.28	35.74	53.16	5.0	18.6	50.36	31.3	21.47	24.08	21.38	26.25	26.93	47.27	16.49	35.23	52.33	33.62	27.51	48.1	65.19	73.25	14.87	45.01	43.14	29.07	62.77	63.32	50.22	38.28	64.29	63.41	33.84	17.89	15.65	42.06	30.02	21.1	58.82	61.19	26.87	4.24	36.5	73.41	82.33	60.17	48.26	22.56	52.33	41.11	70.71	75.61	50.92	48.08	58.42	54.01	32.25	68.01	53.46	64.07	20.4	71.51	47.85	44.0	37.16	23.71	61.4	34.13	7.21	38.9	52.2	12.65	54.45
15	75.06	52.8	120.34	35.0	33.54	93.62	21.84	14.21	33.97	73.74	46.32	18.79	103.48	26.91	62.64	0.0	41.87	30.08	48.02	104.69	75.58	87.97	23.71	56.72	62.3	51.55	101.91	61.1	75.33	94.76	87.13	83.82	58.31	41.44	53.15	50.49	26.42	65.51	89.02	74.79	44.38	86.47	76.28	13.93	76.3	55.15	87.69	57.45	38.01	6.32	41.01	21.95	24.52	35.06	57.87	50.96	68.03	53.15	20.62	75.43	42.15	70.94	91.59	55.23	66.41	33.94	13.89	81.3	2.83	66.73	83.02	74.79	86.31	12.81	45.35	12.04	58.14	92.66	18.03	46.69	6.4	97.62	74.95	64.03	72.01	17.26	24.08	68.77	81.3	1.41	63.03	68.35	23.77	79.08	73.35	12.53
16	59.41	15.0	78.52	7.21	42.05	54.92	38.47	28.02	9.22	37.01	7.28	59.46	61.62	15.0	29.41	41.87	0.0	19.24	9.22	63.25	36.5	68.01	39.56	50.22	34.18	46.24	60.11	25.5	47.42	53.26	46.1	47.01	42.01	14.76	11.31	38.47	19.42	25.0	63.95	38.33	39.56	56.92	37.64	39.56	51.26	32.53	46.23	22.09	28.64	44.6	34.01	40.16	23.41	34.93	37.2	44.38	43.83	31.14	25.06	55.44	13.04	39.46	53.45	13.45	31.58	8.54	55.15	59.51	39.05	31.02	51.92	38.33	44.55	46.1	46.24	32.8	25.71	53.31	27.86	7.0	48.17	56.22	44.72	43.19	48.33	33.54	18.36	28.18	52.92	40.46	22.36	32.14	22.85	41.23	42.06	30.53
17	74.25	34.13	94.49	13.04	23.02	63.95	37.34	20.22	18.03	43.86	19.72	44.65	77.47	13.45	32.57	30.08	19.24	0.0	20.81	80.45	46.32	61.68	20.62	61.22	51.79	31.24	76.4	31.3	46.01	70.49	58.9	53.85	32.2	11.66	29.15	25.81	21.93	37.48	60.83	57.56	23.6	57.01	56.75	34.37	68.66	26.31	63.63	41.01	12.73	30.41	43.28	21.47	5.83	41.11	52.55	29.73	39.46	24.33	9.49	48.7	12.81	58.08	72.53	31.38	36.4	16.76	41.18	76.24	27.66	50.16	53.24	57.56	61.29	39.0	53.81	18.38	44.1	72.11	24.7	26.17	35.47	73.57	63.2	36.4	65.25	16.28	16.4	46.82	52.01	28.86	41.11	38.48	6.32	60.42	43.42	23.19
18	66.6	19.24	73.76	13.6	41.48	46.57	47.17	34.93	18.0	28.02	2.0	64.54	56.73	22.14	20.25	48.02	9.22	20.81	0.0	59.68	28.16	59.67	41.18	58.83	39.96	41.77	55.61	16.28	38.47	49.74	39.12	38.12	35.36	11.18	10.05	33.24	28.07	17.49	55.07	40.2	36.06	47.76	38.05	47.54	56.82	25.24	42.94	26.4	26.17	49.82	43.08	42.19	26.25	44.15	44.55	39.81	35.47	24.19	29.0	47.38	9.22	43.66	53.46	12.0	22.36	17.03	60.61	65.51	45.28	33.96	42.72	40.2	40.5	53.76	55.36	37.64	30.89	52.39	35.9	12.73	54.08	52.84	49.04	35.47	54.38	36.88	25.96	27.29	43.86	46.65	22.02	23.02	26.17	42.01	32.89	37.7
19	75.01	52.5	17.72	70.43	100.22	41.44	95.44	90.52	70.72	50.09	60.75	122.67	10.0	77.9	59.23	104.69	63.25	80.45	59.68	0.0	43.19	90.26	100.85	83.43	54.71	94.83	7.62	56.04	69.07	10.0	30.07	48.51	83.19	70.24	52.01	85.87	79.31	44.94	79.83	36.69	91.71	68.45	31.78	99.49	58.01	73.98	17.03	49.93	84.17	107.81	79.16	101.87	85.7	84.6	64.85	92.89	74.11	74.46	88.01	84.05	68.48	47.07	24.08	49.82	55.73	70.77	118.26	65.19	101.86	42.95	63.79	36.69	19.24	106.53	88.96	96.05	51.88	19.0	88.53	58.0	111.07	7.07	48.26	78.41	60.21	96.26	80.62	36.12	69.58	103.28	41.73	52.61	85.45	31.32	62.0	92.63
20	82.49	37.11	52.39	41.76	61.22	18.44	74.97	62.97	45.71	7.07	30.08	90.97	36.4	50.29	17.0	75.58	36.5	46.32	28.16	43.19	0.0	49.77	64.38	80.36	54.59	52.55	36.67	15.56	26.93	35.06	14.32	12.08	40.26	34.67	28.07	43.86	55.9	12.04	40.82	44.55	50.61	30.0	39.05	75.69	68.41	31.78	30.81	41.23	45.34	76.66	67.48	65.86	52.15	70.03	62.77	50.7	31.0	32.65	55.57	41.59	33.62	53.41	49.24	27.29	13.0	44.91	87.46	77.62	72.92	43.01	24.41	44.55	26.48	81.91	79.76	64.5	46.1	45.54	64.03	36.01	81.41	38.01	58.14	35.23	67.68	62.43	54.12	29.83	29.07	74.25	29.53	9.85	52.48	42.8	19.42	65.79
21	125.87	77.78	94.02	68.1	57.04	50.01	99.02	81.61	74.43	42.95	61.22	95.08	81.5	73.82	41.11	87.97	68.01	61.68	59.67	90.26	49.77	0.0	66.03	118.22	98.35	38.12	82.87	46.1	23.32	83.68	60.42	41.77	29.83	55.07	67.18	37.48	82.29	56.3	11.18	92.65	44.05	22.02	87.82	95.6	114.34	36.24	80.32	84.22	50.45	85.29	101.55	68.03	65.52	101.12	104.06	38.01	24.21	38.01	69.38	13.0	56.08	99.81	99.01	67.94	41.62	73.06	94.01	123.43	86.31	89.2	26.48	92.65	75.89	99.25	113.37	76.3	89.14	95.27	86.38	72.35	91.35	86.35	105.0	25.5	112.61	70.71	77.47	77.39	20.88	87.13	75.0	43.57	66.76	91.79	30.89	84.48
22	89.29	54.13	114.4	32.76	9.85	80.8	41.87	25.06	36.06	60.61	40.25	29.61	97.42	29.02	48.6	23.71	39.56	20.62	41.18	100.85	64.38	66.03	0.0	73.41	70.01	28.44	96.52	48.84	56.92	90.92	77.83	69.89	37.34	30.81	49.77	29.27	34.93	57.01	68.59	77.67	22.0	68.01	77.2	35.38	86.28	37.16	84.12	60.67	19.72	19.65	55.71	2.0	16.28	51.43	68.88	28.16	48.76	35.34	16.03	54.08	32.45	77.16	93.01	52.0	52.8	35.13	28.02	93.06	23.02	70.04	65.55	77.67	81.63	36.36	63.63	15.0	63.2	92.7	31.76	46.32	25.71	94.02	82.05	43.93	82.49	8.94	29.43	67.42	62.64	23.32	61.68	55.44	17.12	80.78	56.8	26.63
23	19.92	43.32	101.14	50.93	81.01	96.88	35.13	48.47	44.55	83.57	57.14	73.01	87.82	47.8	78.77	56.72	50.22	61.22	58.83	83.43	80.36	118.22	73.41	0.0	29.15	92.46	85.0	74.24	97.25	75.95	83.6	92.35	91.29	63.78	53.31	86.31	39.66	68.62	113.88	46.87	84.81	105.99	52.47	43.19	29.83	82.46	70.35	39.62	73.88	62.97	18.03	72.62	60.75	22.14	19.03	90.91	94.05	80.92	58.67	105.6	62.48	36.4	61.1	53.49	80.06	45.97	68.03	29.68	55.11	42.05	100.65	46.87	72.06	48.01	12.17	58.87	35.23	65.15	41.79	46.53	61.2	77.47	36.25	93.24	25.81	64.47	45.49	54.15	102.47	55.9	51.79	79.71	59.36	52.17	91.24	47.43
24	28.02	20.81	72.42	38.83	74.67	69.57	46.04	49.24	34.13	59.08	38.95	80.99	58.69	41.0	57.28	62.3	34.18	51.79	39.96	54.71	54.59	98.35	70.01	29.15	0.0	80.41	55.9	52.33	75.69	46.87	55.54	66.65	75.29	48.85	31.24	72.5	36.67	43.83	92.1	18.03	73.68	82.8	23.35	52.35	17.09	65.19	41.19	14.14	62.64	67.45	26.17	70.01	54.15	32.56	10.2	78.55	74.52	64.14	54.0	86.68	47.01	9.22	33.84	30.41	57.38	35.23	75.96	25.55	59.77	13.04	77.2	18.03	43.0	59.17	34.44	58.55	9.22	37.12	44.27	27.73	68.35	48.51	12.65	75.21	14.42	62.07	41.19	25.96	80.16	61.03	25.06	56.22	53.08	23.41	68.77	50.0
25	104.81	60.44	104.92	42.54	19.03	64.64	66.29	48.26	48.55	46.52	42.2	57.01	88.87	44.69	35.74	51.55	46.24	31.24	41.77	94.83	52.55	38.12	28.44	92.46	80.41	0.0	88.89	38.83	34.71	85.7	66.85	53.25	13.45	31.62	51.79	9.06	53.08	50.49	42.38	81.88	7.81	44.65	79.23	61.29	97.5	20.88	79.91	67.72	18.6	48.05	74.52	30.41	32.65	72.12	82.76	2.0	26.17	20.4	35.81	27.2	33.53	85.16	94.01	53.6	39.56	47.17	56.14	105.7	50.33	75.71	43.93	81.88	76.3	63.69	84.85	40.72	71.78	92.09	54.2	52.81	54.13	88.84	90.52	20.52	94.54	34.54	47.38	68.12	39.41	50.92	63.39	42.72	34.06	83.29	37.8	50.77
26	78.23	50.77	18.44	67.18	95.29	33.84	94.15	87.86	68.12	43.42	56.85	119.52	3.16	75.01	53.16	101.91	60.11	76.4	55.61	7.62	36.67	82.87	96.52	85.0	55.9	88.89	0.0	50.33	62.0	9.06	23.02	41.19	76.9	65.73	48.8	80.01	77.2	39.82	72.37	38.21	86.16	61.0	32.56	97.65	61.29	68.01	15.23	49.24	79.18	104.66	79.12	97.65	81.84	84.17	66.1	86.98	67.36	68.62	84.39	77.0	64.07	49.09	28.46	46.69	49.48	68.01	115.26	69.05	99.09	43.42	56.44	38.21	15.62	104.62	89.56	92.7	51.87	23.09	86.4	55.44	108.25	8.25	51.04	71.85	63.03	92.46	77.99	34.48	62.29	100.5	39.66	46.32	81.69	33.06	55.08	90.14
27	80.06	32.02	67.12	29.02	45.8	32.65	63.01	49.24	34.13	12.65	18.25	75.8	50.57	37.22	5.0	61.1	25.5	31.3	16.28	56.04	15.56	46.1	48.84	74.24	52.33	38.83	50.33	0.0	23.43	46.87	29.41	22.8	28.02	19.7	21.4	29.83	44.01	12.04	40.0	47.42	35.85	31.78	43.32	62.65	68.25	18.11	41.19	38.18	29.83	61.72	59.14	50.33	37.12	60.42	58.6	36.88	22.83	18.44	40.72	34.99	18.97	53.82	56.72	21.93	6.08	33.06	72.47	77.34	58.52	43.27	26.57	47.42	37.48	68.45	71.47	49.66	43.14	54.15	51.24	27.73	66.71	50.01	59.08	25.0	66.53	47.17	41.19	32.31	28.3	59.81	29.15	7.28	37.58	47.43	17.0	52.17
28	103.48	55.44	75.31	49.04	50.09	31.95	82.2	66.12	55.03	19.92	40.25	86.4	61.07	56.09	18.6	75.33	47.42	46.01	38.47	69.07	26.93	23.32	56.92	97.25	75.69	34.71	62.0	23.43	0.0	61.66	39.01	21.38	21.4	36.67	44.82	28.65	64.03	33.02	16.64	69.34	36.72	11.18	64.5	80.22	91.35	20.22	57.72	61.55	37.85	74.15	81.44	58.82	51.04	81.93	82.01	33.42	8.6	22.2	55.04	15.0	37.11	76.69	75.96	45.34	18.44	53.76	84.17	100.5	73.17	66.07	9.22	69.34	53.37	85.01	93.62	63.29	66.53	72.42	69.72	50.77	79.91	64.5	81.84	14.21	89.81	58.86	60.02	54.08	6.0	74.24	51.86	20.25	52.01	68.48	7.62	69.12
29	69.35	42.8	26.42	60.44	90.47	36.89	85.98	80.61	60.81	42.11	50.77	112.7	12.0	67.94	50.36	94.76	53.26	70.49	49.74	10.0	35.06	83.68	90.92	75.95	46.87	85.7	9.06	46.87	61.66	0.0	23.41	42.06	74.43	60.37	42.01	76.69	69.53	35.44	73.68	29.15	82.28	62.3	23.54	89.81	52.47	64.94	7.07	40.71	74.46	97.84	70.38	91.92	75.72	75.58	57.07	83.74	66.03	65.31	78.01	76.53	58.59	40.05	20.59	39.82	47.1	60.83	108.3	60.42	91.93	34.48	57.28	29.15	9.49	96.83	80.65	86.05	43.08	15.26	78.75	48.08	101.14	3.16	42.11	70.03	54.08	86.27	70.71	26.4	62.82	93.35	31.89	44.05	75.45	24.02	54.33	82.76
30	82.28	42.19	38.08	52.35	75.21	15.0	83.82	73.82	55.15	20.62	40.82	103.41	22.36	60.83	31.3	87.13	46.1	58.9	39.12	30.07	14.32	60.42	77.83	83.6	55.54	66.85	23.02	29.41	39.01	23.41	0.0	18.68	54.41	47.42	35.74	58.18	65.19	21.63	50.29	41.59	64.88	38.9	35.36	85.62	66.64	46.1	21.4	44.1	59.2	88.81	73.17	79.21	64.66	76.79	64.94	65.0	44.41	46.96	67.8	54.01	46.1	52.0	41.23	34.21	27.31	54.63	99.62	75.59	84.38	42.72	33.96	41.59	17.03	92.2	85.02	76.61	48.37	36.62	73.93	43.68	93.19	25.96	55.9	49.03	66.85	75.17	64.4	29.61	39.62	85.76	32.02	24.17	64.82	38.28	32.06	76.48
31	94.51	49.04	53.94	51.48	65.19	11.4	85.29	72.03	56.08	10.2	40.11	97.95	40.01	59.84	21.47	83.82	47.01	53.85	38.12	48.51	12.08	41.77	69.89	92.35	66.65	53.25	41.19	22.8	21.38	42.06	18.68	0.0	39.96	42.38	39.62	45.45	66.19	23.77	31.62	55.97	53.08	20.25	50.21	85.33	80.21	33.94	39.36	53.31	50.22	84.17	79.08	71.56	59.62	81.3	74.85	51.61	28.23	35.38	63.32	36.22	41.76	65.22	58.83	39.05	17.46	55.15	94.85	89.4	81.27	54.92	15.3	55.97	34.89	91.22	91.41	72.24	58.18	54.59	73.82	47.38	89.32	44.64	69.81	33.54	79.61	69.32	63.79	41.62	21.1	82.54	41.59	15.52	60.17	53.76	15.65	74.95
32	101.4	54.59	92.36	40.36	29.41	51.31	69.46	51.87	46.75	33.84	36.36	66.91	76.66	44.94	24.08	58.31	42.01	32.2	35.36	83.19	40.26	29.83	37.34	91.29	75.29	13.45	76.9	28.02	21.4	74.43	54.41	39.96	0.0	27.59	44.78	8.06	53.54	40.05	31.26	74.04	15.81	31.76	70.61	65.8	92.18	10.44	69.07	61.72	20.62	56.0	73.88	39.32	35.74	72.67	79.2	12.04	12.81	11.18	39.56	17.12	29.07	78.79	84.59	46.24	27.46	45.34	65.28	100.85	56.57	68.71	30.61	74.04	65.19	69.43	85.21	46.53	66.24	82.15	56.86	47.71	62.01	77.52	84.17	7.21	89.69	41.11	48.37	59.44	26.42	57.43	55.36	30.59	37.0	74.73	24.41	54.71
33	74.06	28.86	83.6	13.04	30.36	52.33	45.54	30.15	19.42	32.31	11.0	56.3	66.61	19.42	21.38	41.44	14.76	11.66	11.18	70.24	34.67	55.07	30.81	63.78	48.85	31.62	65.73	19.7	36.67	60.37	47.42	42.38	27.59	0.0	21.02	23.71	27.51	26.25	52.5	51.04	25.32	47.27	49.16	44.01	65.92	18.87	53.71	36.14	15.03	42.06	46.62	32.02	17.49	46.07	51.87	29.73	31.38	17.2	21.02	42.19	2.0	53.6	64.63	23.09	25.0	18.03	52.84	74.25	38.9	44.41	43.01	51.04	51.0	49.37	58.31	29.97	40.16	63.56	33.14	21.19	47.01	63.51	58.94	29.68	63.07	27.8	23.35	38.47	42.58	40.16	33.14	26.93	17.89	53.08	33.0	33.14
34	58.73	10.63	67.21	18.44	50.99	46.04	48.08	39.2	19.72	30.36	10.05	70.77	50.33	26.25	26.25	53.15	11.31	29.15	10.05	52.01	28.07	67.18	49.77	53.31	31.24	51.79	48.8	21.4	44.82	42.01	35.74	39.62	44.78	21.02	0.0	43.17	29.55	16.03	61.4	30.15	46.1	52.84	28.16	50.09	47.71	34.44	35.0	17.2	36.06	55.9	39.46	50.57	34.0	42.0	37.2	49.82	43.28	33.62	36.06	55.44	19.03	34.01	43.74	2.24	26.93	19.42	66.47	56.61	50.33	24.04	47.41	30.15	33.24	56.82	51.79	44.05	22.02	43.01	38.47	8.06	59.46	45.0	39.4	44.1	45.61	44.42	29.41	17.72	49.65	51.74	12.17	26.4	33.62	32.06	38.28	41.62
35	97.64	52.2	96.25	35.61	21.54	56.85	62.61	44.78	41.87	38.08	33.84	58.86	80.06	39.05	26.93	50.49	38.47	25.81	33.24	85.87	43.86	37.48	29.27	86.31	72.5	9.06	80.01	29.83	28.65	76.69	58.18	45.45	8.06	23.71	43.17	0.0	47.63	41.44	39.32	73.16	8.06	39.4	70.35	58.52	89.55	12.08	70.86	59.46	13.42	48.01	68.59	31.26	28.64	66.84	75.47	7.07	20.12	11.4	32.31	25.02	25.5	76.84	85.02	44.91	30.87	40.46	57.22	97.94	48.84	67.19	37.74	73.16	67.27	61.85	79.51	38.83	63.69	83.05	50.12	44.78	54.04	79.83	82.22	14.87	86.76	33.24	42.2	59.21	34.01	49.65	54.59	34.01	29.97	74.43	30.41	47.54
36	54.41	26.87	95.6	15.13	41.63	74.33	19.1	12.65	10.2	56.08	26.08	45.18	79.06	8.6	47.27	26.42	19.42	21.93	28.07	79.31	55.9	82.29	34.93	39.66	36.67	53.08	77.2	44.01	64.03	69.53	65.19	66.19	53.54	27.51	29.55	47.63	0.0	44.38	80.01	48.37	45.34	74.33	50.0	20.59	52.01	46.1	62.48	31.06	34.66	31.02	21.63	34.53	21.1	19.21	34.13	51.62	58.87	44.28	19.31	69.32	26.93	44.92	65.19	31.3	50.04	11.05	40.31	58.31	23.71	40.31	69.72	48.37	61.61	27.46	31.89	22.02	31.78	66.4	9.22	21.95	32.76	72.25	49.24	56.8	48.01	26.31	5.83	43.19	69.86	25.06	37.64	51.01	19.72	52.7	59.68	13.89
37	71.85	25.3	57.43	30.87	55.47	30.15	63.35	52.33	34.21	15.26	19.24	81.84	40.5	39.4	16.49	65.51	25.0	37.48	17.49	44.94	12.04	56.3	57.01	68.62	43.83	50.49	39.82	12.04	33.02	35.44	21.63	23.77	40.05	26.25	16.03	41.44	44.38	0.0	48.84	36.36	46.84	39.05	31.78	64.51	58.69	30.02	29.43	30.02	39.36	67.2	55.44	58.26	43.19	58.01	51.43	48.51	34.18	30.15	46.23	46.1	24.76	43.86	44.72	15.3	14.76	33.53	78.01	67.9	62.77	33.24	33.42	36.36	25.96	70.94	67.74	55.0	34.99	42.11	52.81	24.0	71.56	38.6	48.92	36.88	57.49	53.76	43.08	21.1	36.8	64.14	19.1	12.81	43.28	35.85	25.61	55.04
38	119.97	72.01	83.0	65.19	60.42	39.12	97.74	81.05	71.31	34.41	56.82	98.15	70.86	71.84	35.23	89.02	63.95	60.83	55.07	79.83	40.82	11.18	68.59	113.88	92.1	42.38	72.37	40.0	16.64	73.68	50.29	31.62	31.26	52.5	61.4	39.32	80.01	48.84	0.0	84.81	46.87	11.4	79.63	95.19	107.49	34.53	70.77	77.99	51.01	87.09	97.94	70.58	65.38	98.23	98.6	41.76	21.38	36.5	69.35	15.23	53.14	92.7	89.89	61.85	34.71	70.01	96.52	116.67	87.09	82.07	16.55	84.81	66.31	99.5	110.07	77.06	82.98	85.91	85.15	67.42	93.05	76.24	97.74	25.0	106.1	72.01	75.69	69.66	12.04	88.05	67.9	36.07	66.48	83.49	23.35	84.01
39	41.23	23.54	54.41	44.91	80.31	56.44	61.52	60.83	42.38	50.45	40.05	93.54	41.11	49.98	52.33	74.79	38.33	57.56	40.2	36.69	44.55	92.65	77.67	46.87	18.03	81.88	38.21	47.42	69.34	29.15	41.59	55.97	74.04	51.04	30.15	73.16	48.37	36.36	84.81	0.0	76.24	74.41	6.32	66.84	25.08	63.6	24.08	17.46	66.01	79.16	43.27	78.1	61.39	49.2	28.16	79.91	70.21	63.06	62.36	82.3	49.04	11.05	17.03	28.28	51.11	43.01	88.68	34.0	72.07	8.06	68.77	0.0	26.68	73.88	52.39	68.71	17.03	19.42	57.14	31.4	81.12	30.59	14.32	72.24	25.71	70.88	51.48	15.26	72.8	73.43	18.68	49.09	60.64	5.39	61.85	62.27
40	97.53	54.13	102.86	35.34	13.6	64.44	58.52	40.5	41.18	45.22	36.22	51.35	86.41	37.01	33.62	44.38	39.56	23.6	36.06	91.71	50.61	44.05	22.0	84.81	73.68	7.81	86.16	35.85	36.72	82.28	64.88	53.08	15.81	25.32	46.1	8.06	45.34	46.84	46.87	76.24	0.0	47.42	74.0	53.67	90.76	19.21	76.16	61.39	11.18	41.3	66.84	24.0	24.84	64.35	75.58	6.71	28.18	18.03	28.02	32.14	27.29	78.85	89.14	48.04	37.74	39.82	50.01	98.79	43.01	69.72	45.79	76.24	72.8	56.3	77.08	33.24	65.25	87.57	46.4	46.32	47.38	85.44	84.17	22.85	87.66	27.2	39.62	63.03	42.05	43.68	58.01	40.82	26.25	78.01	38.29	43.05
41	110.8	63.29	72.06	59.23	60.93	28.0	92.78	77.03	65.0	24.04	49.65	97.53	59.54	66.61	27.51	86.47	56.92	57.01	47.76	68.45	30.0	22.02	68.01	105.99	82.8	44.65	61.0	31.78	11.18	62.3	38.9	20.25	31.76	47.27	52.84	39.4	74.33	39.05	11.4	74.41	47.42	0.0	69.03	91.09	97.67	31.4	59.51	68.82	49.03	85.33	90.82	69.92	62.13	91.76	89.89	43.57	19.31	33.38	66.12	20.25	47.52	82.76	78.77	53.0	25.94	63.79	95.34	106.89	84.29	72.18	5.66	74.41	55.04	96.01	103.12	74.43	73.82	74.69	80.4	59.51	91.08	64.85	87.68	24.6	96.54	70.04	70.58	59.41	5.39	85.38	58.14	26.63	63.07	72.8	14.87	80.02
42	47.54	23.71	49.4	44.6	79.08	50.25	64.54	62.13	42.94	45.22	38.21	94.87	35.36	50.54	48.1	76.28	37.64	56.75	38.05	31.78	39.05	87.82	77.2	52.47	23.35	79.23	32.56	43.32	64.5	23.54	35.36	50.21	70.61	49.16	28.16	70.35	50.0	31.78	79.63	6.32	74.0	69.03	0.0	69.31	31.38	60.21	18.0	19.1	64.2	80.26	47.41	77.79	61.03	53.0	33.54	77.23	65.92	59.84	62.39	77.88	47.17	17.26	15.81	26.08	46.52	43.38	90.14	40.25	73.5	11.18	63.41	6.32	20.4	76.38	57.25	69.32	20.25	16.4	59.03	31.02	82.66	25.3	20.62	68.31	32.02	70.94	52.48	11.18	67.68	74.89	16.03	44.29	60.41	4.12	56.94	63.82
43	62.03	47.01	116.02	33.96	44.82	94.11	8.06	14.14	30.46	75.13	45.61	30.15	99.57	25.5	65.19	13.93	39.56	34.37	47.54	99.49	75.69	95.6	35.38	43.19	52.35	61.29	97.65	62.65	80.22	89.81	85.62	85.33	65.8	44.01	50.09	58.52	20.59	64.51	95.19	66.84	53.67	91.09	69.31	0.0	64.85	60.67	82.8	50.21	45.22	20.25	28.64	33.94	30.08	22.2	46.49	60.37	73.82	58.69	26.25	82.71	44.1	61.4	83.87	51.88	68.47	31.02	25.08	69.05	13.04	58.9	87.0	66.84	82.1	7.07	31.58	20.81	49.82	85.63	11.7	42.54	18.03	92.46	64.85	70.61	60.44	27.2	21.59	63.41	86.21	13.42	58.01	69.87	28.86	71.59	77.01	11.18
44	17.0	37.59	75.24	55.79	91.41	81.41	57.58	64.2	50.8	73.66	55.9	94.59	64.38	57.31	73.25	76.3	51.26	68.66	56.82	58.01	68.41	114.34	86.28	29.83	17.09	97.5	61.29	68.25	91.35	52.47	66.64	80.21	92.18	65.92	47.71	89.55	52.01	58.69	107.49	25.08	90.76	97.67	31.38	64.85	0.0	81.99	48.51	30.53	79.7	81.88	36.4	86.15	70.71	43.08	18.44	95.63	90.8	81.01	70.26	103.0	64.08	15.0	34.13	46.62	72.92	51.97	89.5	9.22	73.98	25.5	92.02	25.08	51.55	71.17	39.82	74.03	25.94	39.01	58.55	44.78	82.0	53.15	10.77	91.81	4.47	78.06	57.04	38.6	95.46	75.13	39.6	71.42	69.58	29.12	84.17	64.5
45	91.68	44.42	84.17	31.91	31.4	45.28	63.32	46.53	38.28	26.08	26.4	66.41	68.01	37.7	14.87	55.15	32.53	26.31	25.24	73.98	31.78	36.24	37.16	82.46	65.19	20.88	68.01	18.11	20.22	64.94	46.1	33.94	10.44	18.87	34.44	12.08	46.1	30.02	34.53	63.6	19.21	31.4	60.21	60.67	81.99	0.0	59.3	51.48	17.72	53.94	65.46	39.0	31.02	64.88	69.53	18.97	13.15	2.0	35.01	23.32	20.0	68.45	74.33	35.85	18.79	36.89	64.03	90.74	53.04	58.31	28.46	63.6	55.58	65.12	77.18	43.1	56.08	72.03	50.7	37.8	59.68	68.07	73.82	10.82	79.61	38.64	41.44	49.03	26.17	54.08	44.92	21.93	32.06	64.33	19.72	49.5
46	65.12	35.81	33.29	53.41	83.93	36.07	79.08	73.54	53.74	37.85	43.91	105.65	17.72	60.88	45.01	87.69	46.23	63.63	42.94	17.03	30.81	80.32	84.12	70.35	41.19	79.91	15.23	41.19	57.72	7.07	21.4	39.36	69.07	53.71	35.0	70.86	62.48	29.43	70.77	24.08	76.16	59.51	18.0	82.8	48.51	59.3	0.0	34.01	68.01	90.79	63.91	85.09	68.8	68.94	51.35	77.93	61.4	59.54	71.03	72.37	51.89	35.13	19.85	32.8	42.05	53.76	101.24	56.92	84.86	28.44	54.23	24.08	4.47	89.81	74.46	79.03	36.69	15.26	71.7	41.01	94.07	10.0	37.85	65.07	49.65	79.32	63.64	19.42	59.46	86.28	24.84	39.12	68.51	19.42	50.22	75.69
47	42.01	7.28	67.12	28.07	64.0	57.27	45.61	43.42	25.0	45.28	25.63	76.16	51.62	32.57	43.14	57.45	22.09	41.01	26.4	49.93	41.23	84.22	60.67	39.62	14.14	67.72	49.24	38.18	61.55	40.71	44.1	53.31	61.72	36.14	17.2	59.46	31.06	30.02	77.99	17.46	61.39	68.82	19.1	50.21	30.53	51.48	34.01	0.0	50.64	61.72	30.08	61.0	44.41	34.93	21.54	65.8	60.44	50.54	45.12	72.62	34.21	17.46	34.13	16.28	43.28	25.71	71.34	39.41	54.71	9.49	63.25	17.46	34.48	57.28	41.3	51.26	5.0	35.47	40.0	15.13	63.81	43.05	22.8	61.29	28.43	53.6	34.01	15.3	66.07	56.08	12.17	42.2	43.57	21.63	54.67	44.94
48	86.35	43.42	96.57	24.17	16.12	61.22	49.19	31.38	30.02	41.11	26.02	48.7	79.76	26.17	29.07	38.01	28.64	12.73	26.17	84.17	45.34	50.45	19.72	73.88	62.64	18.6	79.18	29.83	37.85	74.46	59.2	50.22	20.62	15.03	36.06	13.42	34.66	39.36	51.01	66.01	11.18	49.03	64.2	45.22	79.7	17.72	68.01	50.64	0.0	36.35	55.97	21.47	15.23	53.81	64.4	17.03	30.15	15.81	18.97	37.66	17.03	68.07	79.63	38.12	33.3	28.65	46.32	87.66	36.12	59.21	46.17	66.01	65.0	48.84	66.53	26.08	54.34	78.45	36.72	35.51	42.19	77.62	73.35	26.02	76.55	21.1	29.07	53.46	43.74	37.05	48.17	36.07	16.55	68.12	37.16	34.18
49	81.15	56.6	123.04	37.48	29.41	94.37	28.16	18.38	37.44	74.25	48.27	14.87	106.08	30.0	62.77	6.32	44.6	30.41	49.82	107.81	76.66	85.29	19.65	62.97	67.45	48.05	104.66	61.72	74.15	97.84	88.81	84.17	56.0	42.06	55.9	48.01	31.02	67.2	87.09	79.16	41.3	85.33	80.26	20.25	81.88	53.94	90.79	61.72	36.35	0.0	47.01	17.72	24.6	41.19	63.51	47.68	66.48	51.97	21.1	73.03	43.05	75.89	95.77	58.05	66.71	37.2	10.82	87.14	8.0	71.11	82.23	79.16	89.14	18.44	51.66	12.21	62.77	96.57	23.35	50.0	6.08	100.77	80.08	62.13	77.65	15.3	27.78	72.2	80.06	7.07	66.4	68.88	24.19	83.24	72.8	17.46
50	34.23	31.02	96.66	33.6	63.06	85.09	21.19	31.05	27.2	69.63	41.23	58.69	81.6	29.83	63.32	41.01	34.01	43.28	43.08	79.16	67.48	101.55	55.71	18.03	26.17	74.52	79.12	59.14	81.44	70.38	73.17	79.08	73.88	46.62	39.46	68.59	21.63	55.44	97.94	43.27	66.84	90.82	47.41	28.64	36.4	65.46	63.91	30.08	55.97	47.01	0.0	55.03	42.72	6.71	18.36	73.0	77.52	63.82	40.71	88.75	45.49	35.36	59.82	40.2	65.15	28.6	53.6	40.45	39.01	36.24	85.7	43.27	64.56	34.79	12.37	41.48	27.31	62.68	24.52	31.78	46.27	72.5	37.8	76.28	31.95	46.82	27.46	45.35	86.93	40.0	41.44	65.25	41.34	48.55	75.96	30.41
51	88.77	54.57	115.6	33.24	11.7	82.42	40.61	24.17	36.22	62.2	41.18	27.66	98.6	29.02	50.22	21.95	40.16	21.47	42.19	101.87	65.86	68.03	2.0	72.62	70.01	30.41	97.65	50.33	58.82	91.92	79.21	71.56	39.32	32.02	50.57	31.26	34.53	58.26	70.58	78.1	24.0	69.92	77.79	33.94	86.15	39.0	85.09	61.0	21.47	17.72	55.03	0.0	16.76	50.57	68.59	30.15	50.7	37.16	16.03	56.08	33.6	77.32	93.61	52.8	54.41	35.36	26.02	92.78	21.4	70.41	67.42	78.1	82.68	34.67	62.65	13.89	63.39	93.41	30.87	46.84	23.77	95.02	82.15	45.89	82.3	8.25	29.15	68.15	64.56	21.63	62.39	57.01	17.46	81.32	58.6	25.55
52	75.03	37.85	100.0	16.49	20.88	69.77	34.0	16.16	20.02	49.66	25.0	38.83	82.98	13.6	38.28	24.52	23.41	5.83	26.25	85.7	52.15	65.52	16.28	60.75	54.15	32.65	81.84	37.12	51.04	75.72	64.66	59.62	35.74	17.49	34.0	28.64	21.1	43.19	65.38	61.39	24.84	62.13	61.03	30.08	70.71	31.02	68.8	44.41	15.23	24.6	42.72	16.76	0.0	39.7	53.85	31.4	44.1	29.02	4.0	52.63	18.6	61.03	76.84	36.24	42.15	19.0	35.36	77.88	22.2	53.76	58.55	61.39	66.61	34.13	52.4	12.65	47.04	76.69	21.63	30.08	29.73	78.77	66.0	40.61	67.08	10.63	15.26	51.48	57.04	23.35	45.69	44.28	1.41	64.56	48.84	18.97
53	40.01	34.71	101.97	33.11	59.36	88.02	14.56	26.4	26.93	71.57	42.2	52.35	86.54	27.8	64.29	35.06	34.93	41.11	44.15	84.6	70.03	101.12	51.43	22.14	32.56	72.12	84.17	60.42	81.93	75.58	76.79	81.3	72.67	46.07	42.0	66.84	19.21	58.01	98.23	49.2	64.35	91.76	53.0	22.2	43.08	64.88	68.94	34.93	53.81	41.19	6.71	50.57	39.7	0.0	25.06	70.72	77.39	63.13	37.2	88.19	45.19	41.77	65.95	43.05	66.49	28.23	47.27	46.87	33.24	41.88	86.83	49.2	69.29	28.16	12.73	36.77	32.76	68.6	19.7	34.01	40.05	77.83	44.41	75.66	38.63	42.49	24.76	49.98	87.6	34.13	45.61	66.91	38.29	54.41	76.92	25.3
54	22.2	26.63	82.57	40.25	74.73	78.59	39.4	46.01	34.54	66.65	43.19	76.16	68.88	40.26	63.41	57.87	37.2	52.55	44.55	64.85	62.77	104.06	68.88	19.03	10.2	82.76	66.1	58.6	82.01	57.07	64.94	74.85	79.2	51.87	37.2	75.47	34.13	51.43	98.6	28.16	75.58	89.89	33.54	46.49	18.44	69.53	51.35	21.54	64.4	63.51	18.36	68.59	53.85	25.06	0.0	81.01	79.93	68.25	52.95	91.92	50.22	18.36	43.42	36.89	64.07	35.85	71.06	24.19	55.58	23.02	84.38	28.16	53.04	52.92	24.7	56.04	16.76	47.01	40.2	31.83	63.56	58.69	19.8	79.98	14.14	60.41	39.46	35.36	86.84	56.72	33.53	63.29	52.63	33.53	75.45	46.17
55	103.08	58.52	103.08	40.82	19.03	63.01	65.19	47.17	46.87	44.72	40.26	57.08	86.98	43.19	33.84	50.96	44.38	29.73	39.81	92.89	50.7	38.01	28.16	90.91	78.55	2.0	86.98	36.88	33.42	83.74	65.0	51.61	12.04	29.73	49.82	7.07	51.62	48.51	41.76	79.91	6.71	43.57	77.23	60.37	95.63	18.97	77.93	65.8	17.03	47.68	73.0	30.15	31.4	70.72	81.01	0.0	24.84	18.44	34.67	26.68	31.62	83.24	92.01	51.62	37.7	45.49	56.04	103.87	49.65	73.76	42.64	79.91	74.33	62.97	83.45	39.92	69.89	90.09	53.01	50.92	53.76	86.88	88.6	19.21	92.7	33.84	45.97	66.12	38.28	50.29	61.4	40.85	32.8	81.3	36.24	49.74
56	101.83	53.81	81.74	44.28	41.63	39.36	76.4	59.68	50.54	24.02	37.01	78.34	66.75	50.6	17.89	68.03	43.83	39.46	35.47	74.11	31.0	24.21	48.76	94.05	74.52	26.17	67.36	22.83	8.6	66.03	44.41	28.23	12.81	31.38	43.28	20.12	58.87	34.18	21.38	70.21	28.18	19.31	65.92	73.82	90.8	13.15	61.4	60.44	30.15	66.48	77.52	50.7	44.1	77.39	79.93	24.84	0.0	15.13	48.09	12.21	32.2	76.55	78.59	44.2	19.65	49.19	76.3	99.81	66.0	66.04	17.8	70.21	57.22	78.23	89.47	56.01	65.3	75.5	63.79	48.17	72.34	69.01	81.84	5.66	88.87	51.24	54.41	55.04	13.93	67.01	51.97	22.36	45.18	70.01	12.65	62.65
57	90.43	43.42	85.0	30.23	29.83	46.67	61.4	44.55	36.62	27.2	25.24	64.51	68.71	35.85	15.65	53.15	31.14	24.33	24.19	74.46	32.65	38.01	35.34	80.92	64.14	20.4	68.62	18.44	22.2	65.31	46.96	35.38	11.18	17.2	33.62	11.4	44.28	30.15	36.5	63.06	18.03	33.38	59.84	58.69	81.01	2.0	59.54	50.54	15.81	51.97	63.82	37.16	29.02	63.13	68.25	18.44	15.13	0.0	33.02	25.06	18.44	67.62	74.17	35.11	19.72	35.23	62.1	89.69	51.04	57.58	30.36	63.06	55.9	63.13	75.47	41.11	55.07	72.0	48.76	36.62	57.71	68.45	73.01	12.53	78.55	36.67	39.56	48.66	28.16	52.09	44.38	22.83	30.07	63.95	21.47	47.52
58	73.68	38.9	102.65	17.89	22.36	73.35	30.53	12.53	20.22	53.31	27.59	35.61	85.63	13.0	42.06	20.62	25.06	9.49	29.0	88.01	55.57	69.38	16.03	58.67	54.0	35.81	84.39	40.72	55.04	78.01	67.8	63.32	39.56	21.02	36.06	32.31	19.31	46.23	69.35	62.36	28.02	66.12	62.39	26.25	70.26	35.01	71.03	45.12	18.97	21.1	40.71	16.03	4.0	37.2	52.95	34.67	48.09	33.02	0.0	56.52	21.95	61.29	78.19	38.28	45.88	19.42	31.91	77.1	18.25	54.57	62.51	62.36	69.03	30.15	49.82	8.94	47.38	78.29	18.44	31.38	26.0	81.02	66.12	44.55	66.48	8.54	13.6	53.24	61.03	19.42	47.41	47.93	3.16	65.79	52.77	15.23
59	113.9	65.95	90.09	55.23	45.54	46.32	86.03	68.68	61.59	34.53	48.84	83.49	76.06	60.84	30.02	75.43	55.44	48.7	47.38	84.05	41.59	13.0	54.08	105.6	86.68	27.2	77.0	34.99	15.0	76.53	54.01	36.22	17.12	42.19	55.44	25.02	69.32	46.1	15.23	82.3	32.14	20.25	77.88	82.71	103.0	23.32	72.37	72.62	37.66	73.03	88.75	56.08	52.63	88.19	91.92	26.68	12.21	25.06	56.52	0.0	43.27	88.75	90.14	56.4	31.38	60.21	82.1	112.0	73.68	78.23	22.14	82.3	68.07	86.49	100.5	63.64	77.47	86.83	73.39	60.11	79.06	79.4	94.03	12.53	101.04	58.22	64.47	67.08	16.16	74.55	64.14	33.84	53.85	81.94	22.2	71.57
60	72.42	26.93	82.01	12.08	32.28	51.48	45.28	30.41	18.36	31.62	9.0	57.43	65.0	19.1	21.1	42.15	13.04	12.81	9.22	68.48	33.62	56.08	32.45	62.48	47.01	33.53	64.07	18.97	37.11	58.59	46.1	41.76	29.07	2.0	19.03	25.5	26.93	24.76	53.14	49.04	27.29	47.52	47.17	44.1	64.08	20.0	51.89	34.21	17.03	43.05	45.49	33.6	18.6	45.19	50.22	31.62	32.2	18.44	21.95	43.27	0.0	51.66	62.65	21.1	24.52	17.0	53.85	72.45	39.56	42.43	43.1	49.04	49.24	49.65	57.31	30.89	38.28	61.61	33.02	19.31	47.85	61.72	57.01	30.81	61.27	29.07	23.09	36.5	42.95	40.85	31.14	26.25	18.87	51.09	33.06	33.38
61	30.36	24.74	64.76	45.04	81.1	66.64	55.22	57.57	41.11	58.73	43.01	89.69	52.04	48.37	58.82	70.94	39.46	58.08	43.66	47.07	53.41	99.81	77.16	36.4	9.22	85.16	49.09	53.82	76.69	40.05	52.0	65.22	78.79	53.6	34.01	76.84	44.92	43.86	92.7	11.05	78.85	82.76	17.26	61.4	15.0	68.45	35.13	17.46	68.07	75.89	35.36	77.32	61.03	41.77	18.36	83.24	76.55	67.62	61.29	88.75	51.66	0.0	25.06	32.65	58.26	42.05	84.69	24.21	68.35	10.63	77.1	11.05	37.66	68.26	43.05	66.49	14.0	28.79	52.92	32.56	77.08	41.3	5.39	77.9	14.87	69.58	49.03	23.6	80.66	69.64	24.84	56.64	60.07	16.03	69.43	58.52
62	51.09	39.4	41.11	60.41	94.73	55.9	78.52	77.52	58.6	56.08	53.76	110.28	31.62	66.21	61.19	91.59	53.45	72.53	53.46	24.08	49.24	99.01	93.01	61.1	33.84	94.01	28.46	56.72	75.96	20.59	41.23	58.83	84.59	64.63	43.74	85.02	65.19	44.72	89.89	17.03	89.14	78.77	15.81	83.87	34.13	74.33	19.85	34.13	79.63	95.77	59.82	93.61	76.84	65.95	43.42	92.01	78.59	74.17	78.19	90.14	62.65	25.06	0.0	41.59	58.94	59.09	105.48	41.11	88.84	25.0	73.36	17.03	24.21	90.91	68.1	85.0	34.06	5.39	74.06	46.82	97.94	20.25	25.0	81.58	36.67	86.73	68.0	26.17	78.29	90.21	31.58	56.32	76.22	12.53	68.35	79.08
63	58.14	10.3	65.12	20.62	53.15	45.0	49.65	41.23	21.63	30.08	12.17	72.92	48.27	28.32	26.87	55.23	13.45	31.38	12.0	49.82	27.29	67.94	52.0	53.49	30.41	53.6	46.69	21.93	45.34	39.82	34.21	39.05	46.24	23.09	2.24	44.91	31.3	15.3	61.85	28.28	48.04	53.0	26.08	51.88	46.62	35.85	32.8	16.28	38.12	58.05	40.2	52.8	36.24	43.05	36.89	51.62	44.2	35.11	38.28	56.4	21.1	32.65	41.59	0.0	27.2	21.4	68.59	55.61	52.4	22.47	47.51	28.28	31.11	58.67	52.47	46.23	21.21	40.8	40.31	9.49	61.55	42.8	38.01	45.28	44.69	46.65	31.4	15.52	50.0	53.81	10.05	26.42	35.85	30.02	38.6	43.6
64	85.28	37.44	65.39	35.0	48.84	28.02	69.0	54.92	40.2	7.81	24.33	80.53	49.34	43.1	4.24	66.41	31.58	36.4	22.36	55.73	13.0	41.62	52.8	80.06	57.38	39.56	49.48	6.08	18.44	47.1	27.31	17.46	27.46	25.0	26.93	30.87	50.04	14.76	34.71	51.11	37.74	25.94	46.52	68.47	72.92	18.79	42.05	43.28	33.3	66.71	65.15	54.41	42.15	66.49	64.07	37.7	19.65	19.72	45.88	31.38	24.52	58.26	58.94	27.2	0.0	39.12	77.39	82.07	63.89	47.63	20.62	51.11	38.0	74.15	77.49	54.78	48.27	55.9	57.14	33.62	71.87	50.16	63.41	23.02	71.42	51.88	47.1	35.85	22.8	65.15	33.42	3.16	42.72	50.57	11.4	57.87
65	57.71	19.7	86.45	5.0	39.46	63.35	30.15	19.85	1.41	45.04	15.03	52.01	69.66	7.21	36.5	33.94	8.54	16.76	17.03	70.77	44.91	73.06	35.13	45.97	35.23	47.17	68.01	33.06	53.76	60.83	54.63	55.15	45.34	18.03	19.42	40.46	11.05	33.53	70.01	43.01	39.82	63.79	43.38	31.02	51.97	36.89	53.76	25.71	28.65	37.2	28.6	35.36	19.0	28.23	35.85	45.49	49.19	35.23	19.42	60.21	17.0	42.05	59.09	21.4	39.12	0.0	47.51	59.48	31.11	35.17	59.03	43.01	52.4	37.58	40.31	25.94	28.07	59.54	19.31	12.81	40.31	63.7	47.0	47.71	48.51	27.89	10.0	35.0	59.48	32.53	29.21	40.0	18.03	46.62	49.03	22.2
66	87.09	66.61	133.66	48.1	37.12	105.12	33.02	28.02	47.63	84.97	59.03	5.1	116.73	40.36	73.41	13.89	55.15	41.18	60.61	118.26	87.46	94.01	28.02	68.03	75.96	56.14	115.26	72.47	84.17	108.3	99.62	94.85	65.28	52.84	66.47	57.22	40.31	78.01	96.52	88.68	50.01	95.34	90.14	25.08	89.5	64.03	101.24	71.34	46.32	10.82	53.6	26.02	35.36	47.27	71.06	56.04	76.3	62.1	31.91	82.1	53.85	84.69	105.48	68.59	77.39	47.51	0.0	94.05	16.64	80.62	92.44	88.68	99.7	20.22	56.14	23.02	72.01	106.51	31.78	60.31	7.62	111.2	88.6	71.7	85.15	25.63	37.8	82.46	90.03	15.26	76.69	79.61	34.99	92.96	83.17	26.42
67	11.66	46.32	82.0	63.57	98.72	90.43	61.39	70.03	58.24	82.88	64.5	99.14	72.18	64.33	82.33	81.3	59.51	76.24	65.51	65.19	77.62	123.43	93.06	29.68	25.55	105.7	69.05	77.34	100.5	60.42	75.59	89.4	100.85	74.25	56.61	97.94	58.31	67.9	116.67	34.0	98.79	106.89	40.25	69.05	9.22	90.74	56.92	39.41	87.66	87.14	40.45	92.78	77.88	46.87	24.19	103.87	99.81	89.69	77.1	112.0	72.45	24.21	41.11	55.61	82.07	59.48	94.05	0.0	79.16	34.71	101.24	34.0	60.17	74.95	41.15	80.16	34.67	46.27	64.01	53.24	86.7	60.83	19.72	100.69	11.18	84.59	63.64	47.8	104.65	80.22	48.8	80.61	76.69	37.7	93.35	70.01
68	73.17	50.0	117.52	32.2	32.76	91.0	20.62	11.4	31.14	71.17	43.57	21.47	100.66	24.08	60.17	2.83	39.05	27.66	45.28	101.86	72.92	86.31	23.02	55.11	59.77	50.33	99.09	58.52	73.17	91.93	84.38	81.27	56.57	38.9	50.33	48.84	23.71	62.77	87.09	72.07	43.01	84.29	73.5	13.04	73.98	53.04	84.86	54.71	36.12	8.0	39.01	21.4	22.2	33.24	55.58	49.65	66.0	51.04	18.25	73.68	39.56	68.35	88.84	52.4	63.89	31.11	16.64	79.16	0.0	64.01	80.75	72.07	83.49	13.42	43.97	10.05	55.46	89.87	15.52	43.86	9.22	94.79	72.42	62.13	69.72	15.81	21.26	65.95	79.16	1.41	60.21	65.79	21.38	76.32	71.02	9.85
69	39.81	16.03	60.54	37.34	73.06	57.01	53.76	52.77	34.48	48.17	33.54	85.48	46.1	42.06	48.26	66.73	31.02	50.16	33.96	42.95	43.01	89.2	70.04	42.05	13.04	75.71	43.42	43.27	66.07	34.48	42.72	54.92	68.71	44.41	24.04	67.19	40.31	33.24	82.07	8.06	69.72	72.18	11.18	58.9	25.5	58.31	28.44	9.49	59.21	71.11	36.24	70.41	53.76	41.88	23.02	73.76	66.04	57.58	54.57	78.23	42.43	10.63	25.0	22.47	47.63	35.17	80.62	34.71	64.01	0.0	66.53	8.06	30.02	65.95	46.17	60.75	9.22	26.91	49.09	24.02	73.06	36.4	15.81	67.54	24.7	63.06	43.46	13.42	70.04	65.37	14.21	46.01	52.95	12.73	58.8	54.2
70	105.21	57.8	68.36	54.59	59.06	24.33	88.36	73.03	60.21	18.38	44.64	94.87	55.15	62.2	22.56	83.02	51.92	53.24	42.72	63.79	24.41	26.48	65.55	100.65	77.2	43.93	56.44	26.57	9.22	57.28	33.96	15.3	30.61	43.01	47.41	37.74	69.72	33.42	16.55	68.77	45.79	5.66	63.41	87.0	92.02	28.46	54.23	63.25	46.17	82.23	85.7	67.42	58.55	86.83	84.38	42.64	17.8	30.36	62.51	22.14	43.1	77.1	73.36	47.51	20.62	59.03	92.44	101.24	80.75	66.53	0.0	68.77	49.77	92.14	98.03	71.02	68.24	69.35	76.11	54.23	87.86	59.91	82.02	23.43	90.91	66.94	66.19	53.76	6.08	81.88	52.5	21.1	59.41	67.2	10.05	76.03
71	41.23	23.54	54.41	44.91	80.31	56.44	61.52	60.83	42.38	50.45	40.05	93.54	41.11	49.98	52.33	74.79	38.33	57.56	40.2	36.69	44.55	92.65	77.67	46.87	18.03	81.88	38.21	47.42	69.34	29.15	41.59	55.97	74.04	51.04	30.15	73.16	48.37	36.36	84.81	0.0	76.24	74.41	6.32	66.84	25.08	63.6	24.08	17.46	66.01	79.16	43.27	78.1	61.39	49.2	28.16	79.91	70.21	63.06	62.36	82.3	49.04	11.05	17.03	28.28	51.11	43.01	88.68	34.0	72.07	8.06	68.77	0.0	26.68	73.88	52.39	68.71	17.03	19.42	57.14	31.4	81.12	30.59	14.32	72.24	25.71	70.88	51.48	15.26	72.8	73.43	18.68	49.09	60.64	5.39	61.85	62.27
72	67.91	35.36	34.06	51.66	81.02	31.83	78.77	72.25	52.5	33.54	41.62	104.0	17.49	59.41	41.11	86.31	44.55	61.29	40.5	19.24	26.48	75.89	81.63	72.06	43.0	76.3	15.62	37.48	53.37	9.49	17.03	34.89	65.19	51.0	33.24	67.27	61.61	25.96	66.31	26.68	72.8	55.04	20.4	82.1	51.55	55.58	4.47	34.48	65.0	89.14	64.56	82.68	66.61	69.29	53.04	74.33	57.22	55.9	69.03	68.07	49.24	37.66	24.21	31.11	38.0	52.4	99.7	60.17	83.49	30.02	49.77	26.68	0.0	89.05	75.5	77.23	37.66	19.72	70.8	39.82	92.66	12.65	40.8	61.01	52.39	77.2	62.37	19.31	55.03	84.9	24.19	35.01	66.4	22.47	45.89	74.52
73	67.36	54.04	123.0	40.16	46.14	100.28	13.6	19.24	37.12	81.02	51.87	25.08	106.51	31.62	70.71	12.81	46.1	39.0	53.76	106.53	81.91	99.25	36.36	48.01	59.17	63.69	104.62	68.45	85.01	96.83	92.2	91.22	69.43	49.37	56.82	61.85	27.46	70.94	99.5	73.88	56.3	96.01	76.38	7.07	71.17	65.12	89.81	57.28	48.84	18.44	34.79	34.67	34.13	28.16	52.92	62.97	78.23	63.13	30.15	86.49	49.65	68.26	90.91	58.67	74.15	37.58	20.22	74.95	13.42	65.95	92.14	73.88	89.05	0.0	36.01	23.09	56.85	92.7	18.36	49.4	14.32	99.49	71.59	74.67	66.73	29.15	27.86	70.43	91.01	13.04	65.0	75.71	33.06	78.64	82.22	16.28
74	32.02	43.05	106.63	45.28	71.85	97.25	23.54	38.59	38.95	82.0	53.49	61.07	92.18	40.46	75.61	45.35	46.24	53.81	55.36	88.96	79.76	113.37	63.63	12.17	34.44	84.85	89.56	71.47	93.62	80.65	85.02	91.41	85.21	58.31	51.79	79.51	31.89	67.74	110.07	52.39	77.08	103.12	57.25	31.58	39.82	77.18	74.46	41.3	66.53	51.66	12.37	62.65	52.4	12.73	24.7	83.45	89.47	75.47	49.82	100.5	57.31	43.05	68.1	52.47	77.49	40.31	56.14	41.15	43.97	46.17	98.03	52.39	75.5	36.01	0.0	48.76	37.85	71.55	31.91	44.15	49.5	82.54	44.2	87.98	35.47	54.71	37.48	56.57	99.16	44.64	53.08	77.62	50.99	57.78	88.26	37.12
75	75.5	45.62	111.04	25.61	24.08	82.29	26.91	10.44	26.4	62.24	36.12	26.91	94.05	18.79	50.92	12.04	32.8	18.38	37.64	96.05	64.5	76.3	15.0	58.87	58.55	40.72	92.7	49.66	63.29	86.05	76.61	72.24	46.53	29.97	44.05	38.83	22.02	55.0	77.06	68.71	33.24	74.43	69.32	20.81	74.03	43.1	79.03	51.26	26.08	12.21	41.48	13.89	12.65	36.77	56.04	39.92	56.01	41.11	8.94	63.64	30.89	66.49	85.0	46.23	54.78	25.94	23.02	80.16	10.05	60.75	71.02	68.71	77.23	23.09	48.76	0.0	52.89	85.48	17.09	38.59	17.09	89.02	71.02	52.09	70.0	6.4	17.46	60.75	69.26	11.0	54.92	56.86	12.08	72.5	61.39	11.66
76	37.01	11.66	69.35	31.06	67.12	61.85	44.55	44.38	27.17	50.25	29.97	76.92	54.41	34.53	48.08	58.14	25.71	44.1	30.89	51.88	46.1	89.14	63.2	35.23	9.22	71.78	51.87	43.14	66.53	43.08	48.37	58.18	66.24	40.16	22.02	63.69	31.78	34.99	82.98	17.03	65.25	73.82	20.25	49.82	25.94	56.08	36.69	5.0	54.34	62.77	27.31	63.39	47.04	32.76	16.76	69.89	65.3	55.07	47.38	77.47	38.28	14.0	34.06	21.21	48.27	28.07	72.01	34.67	55.46	9.22	68.24	17.03	37.66	56.85	37.85	52.89	0.0	36.12	40.31	18.97	64.41	45.19	19.1	66.03	23.6	55.73	35.44	19.0	71.06	56.8	16.76	47.2	46.1	21.93	59.67	45.62
77	56.01	39.96	36.35	60.42	93.86	51.09	80.66	78.49	59.17	52.5	52.89	111.22	26.25	66.73	58.42	92.66	53.31	72.11	52.39	19.0	45.54	95.27	92.7	65.15	37.12	92.09	23.09	54.15	72.42	15.26	36.62	54.59	82.15	63.56	43.01	83.05	66.4	42.11	85.91	19.42	87.57	74.69	16.4	85.63	39.01	72.03	15.26	35.47	78.45	96.57	62.68	93.41	76.69	68.6	47.01	90.09	75.5	72.0	78.29	86.83	61.61	28.79	5.39	40.8	55.9	59.54	106.51	46.27	89.87	26.91	69.35	19.42	19.72	92.7	71.55	85.48	36.12	0.0	75.43	46.96	99.05	14.87	29.43	78.77	41.3	86.82	68.8	25.3	74.46	91.26	31.02	53.15	76.16	14.21	64.85	80.21
78	58.69	36.07	104.81	22.36	40.0	82.46	12.65	6.71	18.79	63.64	33.96	36.77	88.23	14.04	54.01	18.03	27.86	24.7	35.9	88.53	64.03	86.38	31.76	41.79	44.27	54.2	86.4	51.24	69.72	78.75	73.93	73.82	56.86	33.14	38.47	50.12	9.22	52.81	85.15	57.14	46.4	80.4	59.03	11.7	58.55	50.7	71.7	40.0	36.72	23.35	24.52	30.87	21.63	19.7	40.2	53.01	63.79	48.76	18.44	73.39	33.02	52.92	74.06	40.31	57.14	19.31	31.78	64.01	15.52	49.09	76.11	57.14	70.8	18.36	31.91	17.09	40.31	75.43	0.0	31.06	24.17	81.47	56.92	61.03	54.33	22.83	10.05	52.4	75.66	16.76	46.86	58.42	20.25	61.61	66.07	6.0
79	53.91	8.0	73.88	13.6	49.04	54.08	40.16	32.53	12.73	37.85	11.4	64.82	57.2	20.0	32.25	46.69	7.0	26.17	12.73	58.0	36.01	72.35	46.32	46.53	27.73	52.81	55.44	27.73	50.77	48.08	43.68	47.38	47.71	21.19	8.06	44.78	21.95	24.0	67.42	31.4	46.32	59.51	31.02	42.54	44.78	37.8	41.01	15.13	35.51	50.0	31.78	46.84	30.08	34.01	31.83	50.92	48.17	36.62	31.38	60.11	19.31	32.56	46.82	9.49	33.62	12.81	60.31	53.24	43.86	24.02	54.23	31.4	39.82	49.4	44.15	38.59	18.97	46.96	31.06	0.0	53.08	50.93	37.85	48.17	42.06	39.92	22.63	22.2	55.95	45.28	16.4	33.53	29.41	34.48	44.72	34.71
80	80.01	59.2	126.67	41.23	35.44	99.32	26.08	20.62	40.36	79.31	52.43	12.65	109.79	33.24	68.01	6.4	48.17	35.47	54.08	111.07	81.41	91.35	25.71	61.2	68.35	54.13	108.25	66.71	79.91	101.14	93.19	89.32	62.01	47.01	59.46	54.04	32.76	71.56	93.05	81.12	47.38	91.08	82.66	18.03	82.0	59.68	94.07	63.81	42.19	6.08	46.27	23.77	29.73	40.05	63.56	53.76	72.34	57.71	26.0	79.06	47.85	77.08	97.94	61.55	71.87	40.31	7.62	86.7	9.22	73.06	87.86	81.12	92.66	14.32	49.5	17.09	64.41	99.05	24.17	53.08	0.0	104.0	80.99	68.07	77.67	21.1	30.48	75.17	85.84	7.81	69.43	73.93	29.15	85.44	78.34	18.87
81	70.11	45.45	24.17	63.41	93.62	38.95	88.48	83.45	63.66	45.04	53.85	115.62	11.4	70.84	53.46	97.62	56.22	73.57	52.84	7.07	38.01	86.35	94.02	77.47	48.51	88.84	8.25	50.01	64.5	3.16	25.96	44.64	77.52	63.51	45.0	79.83	72.25	38.6	76.24	30.59	85.44	64.85	25.3	92.46	53.15	68.07	10.0	43.05	77.62	100.77	72.5	95.02	78.77	77.83	58.69	86.88	69.01	68.45	81.02	79.4	61.72	41.3	20.25	42.8	50.16	63.7	111.2	60.83	94.79	36.4	59.91	30.59	12.65	99.49	82.54	89.02	45.19	14.87	81.47	50.93	104.0	0.0	43.0	73.06	55.0	89.31	73.55	29.07	65.51	96.21	34.66	47.1	78.49	25.32	57.22	85.56
82	27.29	30.08	65.76	50.16	86.21	70.71	58.31	61.85	46.01	63.64	48.38	93.64	54.08	53.15	64.07	74.95	44.72	63.2	49.04	48.26	58.14	105.0	82.05	36.25	12.65	90.52	51.04	59.08	81.84	42.11	55.9	69.81	84.17	58.94	39.4	82.22	49.24	48.92	97.74	14.32	84.17	87.68	20.62	64.85	10.77	73.82	37.85	22.8	73.35	80.08	37.8	82.15	66.0	44.41	19.8	88.6	81.84	73.01	66.12	94.03	57.01	5.39	25.0	38.01	63.41	47.0	88.6	19.72	72.42	15.81	82.02	14.32	40.8	71.59	44.2	71.02	19.1	29.43	56.92	37.85	80.99	43.0	0.0	83.24	12.0	74.33	53.6	28.32	85.7	73.68	30.0	61.72	65.01	18.44	74.52	62.64
83	102.07	54.41	86.68	42.72	36.4	44.78	73.68	56.52	49.09	28.44	36.8	73.55	71.39	48.33	20.4	64.03	43.19	36.4	35.47	78.41	35.23	25.5	43.93	93.24	75.21	20.52	71.85	25.0	14.21	70.03	49.03	33.54	7.21	29.68	44.1	14.87	56.8	36.88	25.0	72.24	22.85	24.6	68.31	70.61	91.81	10.82	65.07	61.29	26.02	62.13	76.28	45.89	40.61	75.66	79.98	19.21	5.66	12.53	44.55	12.53	30.81	77.9	81.58	45.28	23.02	47.71	71.7	100.69	62.13	67.54	23.43	72.24	61.01	74.67	87.98	52.09	66.03	78.77	61.03	48.17	68.07	73.06	83.24	0.0	89.63	47.01	52.0	57.25	19.24	63.07	53.71	26.0	41.77	72.42	17.89	59.44
84	15.52	35.23	77.65	52.5	87.86	81.44	53.14	60.07	47.3	72.62	53.34	90.24	66.07	53.6	71.51	72.01	48.33	65.25	54.38	60.21	67.68	112.61	82.49	25.81	14.42	94.54	63.03	66.53	89.81	54.08	66.85	79.61	89.69	63.07	45.61	86.76	48.01	57.49	106.1	25.71	87.66	96.54	32.02	60.44	4.47	79.61	49.65	28.43	76.55	77.65	31.95	82.3	67.08	38.63	14.14	92.7	88.87	78.55	66.48	101.04	61.27	14.87	36.67	44.69	71.42	48.51	85.15	11.18	69.72	24.7	90.91	25.71	52.39	66.73	35.47	70.0	23.6	41.3	54.33	42.06	77.67	55.0	12.0	89.63	0.0	74.17	53.15	38.08	94.11	70.86	38.42	70.09	65.92	30.27	82.76	60.3
85	80.52	47.43	110.63	26.4	17.69	79.76	33.24	16.12	28.64	59.54	35.61	28.65	93.61	21.21	47.85	17.26	33.54	16.28	36.88	96.26	62.43	70.71	8.94	64.47	62.07	34.54	92.46	47.17	58.86	86.27	75.17	69.32	41.11	27.8	44.42	33.24	26.31	53.76	72.01	70.88	27.2	70.04	70.94	27.2	78.06	38.64	79.32	53.6	21.1	15.3	46.82	8.25	10.63	42.49	60.41	33.84	51.24	36.67	8.54	58.22	29.07	69.58	86.73	46.65	51.88	27.89	25.63	84.59	15.81	63.06	66.94	70.88	77.2	29.15	54.71	6.4	55.73	86.82	22.83	39.92	21.1	89.31	74.33	47.01	74.17	0.0	21.02	61.72	64.78	16.49	55.9	54.2	10.82	74.33	57.57	17.8
86	60.08	28.84	96.43	12.37	35.85	72.53	22.2	9.9	9.9	53.6	24.04	42.44	79.65	4.0	44.0	24.08	18.36	16.4	25.96	80.62	54.12	77.47	29.43	45.49	41.19	47.38	77.99	41.19	60.02	70.71	64.4	63.79	48.37	23.35	29.41	42.2	5.83	43.08	75.69	51.48	39.62	70.58	52.48	21.59	57.04	41.44	63.64	34.01	29.07	27.78	27.46	29.15	15.26	24.76	39.46	45.97	54.41	39.56	13.6	64.47	23.09	49.03	68.0	31.4	47.1	10.0	37.8	63.64	21.26	43.46	66.19	51.48	62.37	27.86	37.48	17.46	35.44	68.8	10.05	22.63	30.48	73.55	53.6	52.0	53.15	21.02	0.0	44.69	65.92	22.67	38.95	48.37	13.89	55.47	56.14	12.21
87	53.23	16.4	52.7	35.36	68.66	43.66	59.68	54.56	34.83	35.38	27.66	87.01	36.67	42.2	37.16	68.77	28.18	46.82	27.29	36.12	29.83	77.39	67.42	54.15	25.96	68.12	34.48	32.31	54.08	26.4	29.61	41.62	59.44	38.47	17.72	59.21	43.19	21.1	69.66	15.26	63.03	59.41	11.18	63.41	38.6	49.03	19.42	15.3	53.46	72.2	45.35	68.15	51.48	49.98	35.36	66.12	55.04	48.66	53.24	67.08	36.5	23.6	26.17	15.52	35.85	35.0	82.46	47.8	65.95	13.42	53.76	15.26	19.31	70.43	56.57	60.75	19.0	25.3	52.4	22.2	75.17	29.07	28.32	57.25	38.08	61.72	44.69	0.0	57.63	67.36	5.83	33.84	50.99	15.3	46.62	56.59
88	108.07	60.22	74.43	54.82	55.54	30.41	88.12	72.11	60.73	22.47	45.69	92.18	61.07	61.98	23.71	81.3	52.92	52.01	43.86	69.58	29.07	20.88	62.64	102.47	80.16	39.41	62.29	28.3	6.0	62.82	39.62	21.1	26.42	42.58	49.65	34.01	69.86	36.8	12.04	72.8	42.05	5.39	67.68	86.21	95.46	26.17	59.46	66.07	43.74	80.06	86.93	64.56	57.04	87.6	86.84	38.28	13.93	28.16	61.03	16.16	42.95	80.66	78.29	50.0	22.8	59.48	90.03	104.65	79.16	70.04	6.08	72.8	55.03	91.01	99.16	69.26	71.06	74.46	75.66	55.95	85.84	65.51	85.7	19.24	94.11	64.78	65.92	57.63	0.0	80.22	55.87	24.04	58.01	71.56	11.4	75.11
89	74.11	51.4	118.93	33.6	33.12	92.31	21.19	12.81	32.56	72.45	44.94	20.12	102.07	25.5	61.4	1.41	40.46	28.86	46.65	103.28	74.25	87.13	23.32	55.9	61.03	50.92	100.5	59.81	74.24	93.35	85.76	82.54	57.43	40.16	51.74	49.65	25.06	64.14	88.05	73.43	43.68	85.38	74.89	13.42	75.13	54.08	86.28	56.08	37.05	7.07	40.0	21.63	23.35	34.13	56.72	50.29	67.01	52.09	19.42	74.55	40.85	69.64	90.21	53.81	65.15	32.53	15.26	80.22	1.41	65.37	81.88	73.43	84.9	13.04	44.64	11.0	56.8	91.26	16.76	45.28	7.81	96.21	73.68	63.07	70.86	16.49	22.67	67.36	80.22	0.0	61.62	67.07	22.56	77.7	72.18	11.18
90	53.0	11.18	58.01	29.53	63.15	45.12	54.59	48.84	29.07	34.21	22.2	81.22	41.68	36.4	34.13	63.03	22.36	41.11	22.02	41.73	29.53	75.0	61.68	51.79	25.06	63.39	39.66	29.15	51.86	31.89	32.02	41.59	55.36	33.14	12.17	54.59	37.64	19.1	67.9	18.68	58.01	58.14	16.03	58.01	39.6	44.92	24.84	12.17	48.17	66.4	41.44	62.39	45.69	45.61	33.53	61.4	51.97	44.38	47.41	64.14	31.14	24.84	31.58	10.05	33.42	29.21	76.69	48.8	60.21	14.21	52.5	18.68	24.19	65.0	53.08	54.92	16.76	31.02	46.86	16.4	69.43	34.66	30.0	53.71	38.42	55.9	38.95	5.83	55.87	61.62	0.0	31.83	45.19	20.0	44.6	50.91
91	84.2	36.72	62.24	36.12	51.74	25.55	70.06	56.52	41.01	5.39	25.02	82.86	46.17	44.41	7.21	68.35	32.14	38.48	23.02	52.61	9.85	43.57	55.44	79.71	56.22	42.72	46.32	7.28	20.25	44.05	24.17	15.52	30.59	26.93	26.4	34.01	51.01	12.81	36.07	49.09	40.82	26.63	44.29	69.87	71.42	21.93	39.12	42.2	36.07	68.88	65.25	57.01	44.28	66.91	63.29	40.85	22.36	22.83	47.93	33.84	26.25	56.64	56.32	26.42	3.16	40.0	79.61	80.61	65.79	46.01	21.1	49.09	35.01	75.71	77.62	56.86	47.2	53.15	58.42	33.53	73.93	47.1	61.72	26.0	70.09	54.2	48.37	33.84	24.04	67.07	31.83	0.0	44.78	48.3	12.81	59.44
92	73.74	37.11	99.9	15.81	22.14	70.21	32.65	14.87	19.0	50.16	24.84	38.6	82.88	12.37	38.9	23.77	22.85	6.32	26.17	85.45	52.48	66.76	17.12	59.36	53.08	34.06	81.69	37.58	52.01	75.45	64.82	60.17	37.0	17.89	33.62	29.97	19.72	43.28	66.48	60.64	26.25	63.07	60.41	28.86	69.58	32.06	68.51	43.57	16.55	24.19	41.34	17.46	1.41	38.29	52.63	32.8	45.18	30.07	3.16	53.85	18.87	60.07	76.22	35.85	42.72	18.03	34.99	76.69	21.38	52.95	59.41	60.64	66.4	33.06	50.99	12.08	46.1	76.16	20.25	29.41	29.15	78.49	65.01	41.77	65.92	10.82	13.89	50.99	58.01	22.56	45.19	44.78	0.0	63.89	49.65	17.72
93	45.71	26.93	49.04	48.08	82.87	53.25	66.48	65.0	46.1	49.09	42.11	97.75	36.01	53.71	52.2	79.08	41.23	60.42	42.01	31.32	42.8	91.79	80.78	52.17	23.41	83.29	33.06	47.43	68.48	24.02	38.28	53.76	74.73	53.08	32.06	74.43	52.7	35.85	83.49	5.39	78.01	72.8	4.12	71.59	29.12	64.33	19.42	21.63	68.12	83.24	48.55	81.32	64.56	54.41	33.53	81.3	70.01	63.95	65.79	81.94	51.09	16.03	12.53	30.02	50.57	46.62	92.96	37.7	76.32	12.73	67.2	5.39	22.47	78.64	57.78	72.5	21.93	14.21	61.61	34.48	85.44	25.32	18.44	72.42	30.27	74.33	55.47	15.3	71.56	77.7	20.0	48.3	63.89	0.0	60.9	66.57
94	96.67	48.83	69.12	44.55	51.04	26.93	78.31	63.07	50.22	12.37	34.79	85.8	54.33	52.15	12.65	73.35	42.06	43.42	32.89	62.0	19.42	30.89	56.8	91.24	68.77	37.8	55.08	17.0	7.62	54.33	32.06	15.65	24.41	33.0	38.28	30.41	59.68	25.61	23.35	61.85	38.29	14.87	56.94	77.01	84.17	19.72	50.22	54.67	37.16	72.8	75.96	58.6	48.84	76.92	75.45	36.24	12.65	21.47	52.77	22.2	33.06	69.43	68.35	38.6	11.4	49.03	83.17	93.35	71.02	58.8	10.05	61.85	45.89	82.22	88.26	61.39	59.67	64.85	66.07	44.72	78.34	57.22	74.52	17.89	82.76	57.57	56.14	46.62	11.4	72.18	44.6	12.81	49.65	60.9	0.0	66.07
95	64.63	40.46	108.58	24.17	35.38	84.12	15.62	3.0	22.02	64.76	35.85	31.3	91.83	15.65	54.45	12.53	30.53	23.19	37.7	92.63	65.79	84.48	26.63	47.43	50.0	50.77	90.14	52.17	69.12	82.76	76.48	74.95	54.71	33.14	41.62	47.54	13.89	55.04	84.01	62.27	43.05	80.02	63.82	11.18	64.5	49.5	75.69	44.94	34.18	17.46	30.41	25.55	18.97	25.3	46.17	49.74	62.65	47.52	15.23	71.57	33.38	58.52	79.08	43.6	57.87	22.2	26.42	70.01	9.85	54.2	76.03	62.27	74.52	16.28	37.12	11.66	45.62	80.21	6.0	34.71	18.87	85.56	62.64	59.44	60.3	17.8	12.21	56.59	75.11	11.18	50.91	59.44	17.72	66.57	66.07	0.0
;
