set K:= 1	2	3	4;
set C_H:= 1	2	3	4	5	6	7	8	9	10;
set C_S:= 11	12	13	14	15	16	17	18	19	20;
set C_F:= 21	22	23	24	25	26	27	28	29	30;
set M:= 31	32	33	34	35	36;
set L_B:= 37	38;
set A1:=
(0,*) 1 2 3 4 5 6 7 8 9 10 21 22 23 24 25 26 27 28 29 30 31 32 33 34 35 36 37 38
(1,*) 0 2 3 4 5 6 7 8 9 10 21 22 23 24 25 26 27 28 29 30 31 32 33 34 35 36 37 38
(2,*) 0 1 3 4 5 6 7 8 9 10 21 22 23 24 25 26 27 28 29 30 31 32 33 34 35 36 37 38
(3,*) 0 1 2 4 5 6 7 8 9 10 21 22 23 24 25 26 27 28 29 30 31 32 33 34 35 36 37 38
(4,*) 0 1 2 3 5 6 7 8 9 10 21 22 23 24 25 26 27 28 29 30 31 32 33 34 35 36 37 38
(5,*) 0 1 2 3 4 6 7 8 9 10 21 22 23 24 25 26 27 28 29 30 31 32 33 34 35 36 37 38
(6,*) 0 1 2 3 4 5 7 8 9 10 21 22 23 24 25 26 27 28 29 30 31 32 33 34 35 36 37 38
(7,*) 0 1 2 3 4 5 6 8 9 10 21 22 23 24 25 26 27 28 29 30 31 32 33 34 35 36 37 38
(8,*) 0 1 2 3 4 5 6 7 9 10 21 22 23 24 25 26 27 28 29 30 31 32 33 34 35 36 37 38
(9,*) 0 1 2 3 4 5 6 7 8 10 21 22 23 24 25 26 27 28 29 30 31 32 33 34 35 36 37 38
(10,*) 0 1 2 3 4 5 6 7 8 9 21 22 23 24 25 26 27 28 29 30 31 32 33 34 35 36 37 38
(21,*) 0 1 2 3 4 5 6 7 8 9 10 22 23 24 25 26 27 28 29 30 31 32 33 34 35 36 37 38
(22,*) 0 1 2 3 4 5 6 7 8 9 10 21 23 24 25 26 27 28 29 30 31 32 33 34 35 36 37 38
(23,*) 0 1 2 3 4 5 6 7 8 9 10 21 22 24 25 26 27 28 29 30 31 32 33 34 35 36 37 38
(24,*) 0 1 2 3 4 5 6 7 8 9 10 21 22 23 25 26 27 28 29 30 31 32 33 34 35 36 37 38
(25,*) 0 1 2 3 4 5 6 7 8 9 10 21 22 23 24 26 27 28 29 30 31 32 33 34 35 36 37 38
(26,*) 0 1 2 3 4 5 6 7 8 9 10 21 22 23 24 25 27 28 29 30 31 32 33 34 35 36 37 38
(27,*) 0 1 2 3 4 5 6 7 8 9 10 21 22 23 24 25 26 28 29 30 31 32 33 34 35 36 37 38
(28,*) 0 1 2 3 4 5 6 7 8 9 10 21 22 23 24 25 26 27 29 30 31 32 33 34 35 36 37 38
(29,*) 0 1 2 3 4 5 6 7 8 9 10 21 22 23 24 25 26 27 28 30 31 32 33 34 35 36 37 38
(30,*) 0 1 2 3 4 5 6 7 8 9 10 21 22 23 24 25 26 27 28 29 31 32 33 34 35 36 37 38
(31,*) 0 1 2 3 4 5 6 7 8 9 10 21 22 23 24 25 26 27 28 29 30 33 34 35 36 37 38
(32,*) 0 1 2 3 4 5 6 7 8 9 10 21 22 23 24 25 26 27 28 29 30 33 34 35 36 37 38
(33,*) 0 1 2 3 4 5 6 7 8 9 10 21 22 23 24 25 26 27 28 29 30 31 32 35 36 37 38
(34,*) 0 1 2 3 4 5 6 7 8 9 10 21 22 23 24 25 26 27 28 29 30 31 32 35 36 37 38
(35,*) 0 1 2 3 4 5 6 7 8 9 10 21 22 23 24 25 26 27 28 29 30 31 32 33 34 37 38
(36,*) 0 1 2 3 4 5 6 7 8 9 10 21 22 23 24 25 26 27 28 29 30 31 32 33 34 37 38
(37,*) 0 1 2 3 4 5 6 7 8 9 10 21 22 23 24 25 26 27 28 29 30 31 32 33 34 35 36 38
(38,*) 0 1 2 3 4 5 6 7 8 9 10 21 22 23 24 25 26 27 28 29 30 31 32 33 34 35 36 37
;
set A2:=
(31,*) 32
(32,*) 31
(33,*) 34
(34,*) 33
(35,*) 36
(36,*) 35
;
param BigM:=99999;
param n:= 4;
param d:=
1	10
2	22
3	22
4	18
5	24
6	30
7	19
8	6
9	4
10	23
11	29
12	23
13	7
14	26
15	30
16	21
17	8
18	15
19	18
20	22
21	4
22	20
23	20
24	8
25	8
26	28
27	12
28	23
29	22
30	25
;
param Q:=100;
param w:=
[31,*] 32 0.5
[32,*] 31 0.5
[33,*] 34 0.5
[34,*] 33 0.5
[35,*] 36 0.5
[36,*] 35 0.5
;
param V:=
[31,*] 32 132
[32,*] 31 132
[33,*] 34 165
[34,*] 33 165
[35,*] 36 160
[36,*] 35 160
;
param e:
	31	32	33	34	35	36	37	38:=
11	0	1	0	0	0	1	0	0	
12	0	0	0	0	1	0	0	0	
13	1	0	0	0	0	0	0	0	
14	0	1	0	0	0	0	0	0	
15	0	0	1	0	0	1	1	0	
16	0	0	0	1	0	0	0	0	
17	0	0	0	0	0	1	1	0	
18	0	1	0	0	0	0	0	0	
19	0	0	0	0	0	0	0	1	
20	0	0	0	1	0	0	0	0	
21	0	0	0	0	0	0	0	1	
22	0	0	0	0	0	0	1	0	
23	0	0	1	0	0	0	1	0	
24	0	1	0	0	0	1	0	0	
25	0	0	0	0	0	1	1	0	
26	0	0	0	0	1	0	0	0	
27	0	0	1	0	0	1	1	0	
28	0	0	0	1	0	0	0	0	
29	1	0	0	0	0	0	0	0	
30	1	0	0	0	0	0	0	0	
;
param p:=
1	3
2	3
3	3
4	3
;
param G:=
31	60
32	72
33	90
34	75
35	66
36	94
37	89
38	60
;
param s:=
0	0
1	10
2	10
3	10
4	10
5	10
6	10
7	10
8	10
9	10
10	10
21	10
22	10
23	10
24	10
25	10
26	10
27	10
28	10
29	10
30	10
31	10
32	10
33	10
34	10
35	10
36	10
37	10
38	10
;
param t:
	0	1	2	3	4	5	6	7	8	9	10	11	12	13	14	15	16	17	18	19	20	21	22	23	24	25	26	27	28	29	30	31	32	33	34	35	36	37	38:=
0	0.0	3.2854	7.758	4.9996	3.6799	6.152699999999999	7.8286999999999995	1.8377999999999999	5.065600000000001	12.479899999999999	4.5085	8.946399999999999	10.569	14.584299999999999	14.256	8.0777	20.7553	6.585	14.177299999999999	13.8924	20.629	13.9171	2.8383000000000003	6.9125	9.8876	4.897	10.8371	7.7011	20.1355	14.0343	14.0368	15.6462	12.9348	8.5804	18.784200000000002	13.6341	7.3102	5.3493	14.4123
1	3.6874000000000002	0.0	7.5089	4.209	1.6528	6.6617	11.5045	4.2143999999999995	9.013200000000001	13.8237	8.456	12.7669	14.5165	16.7757	14.5933	12.0253	17.962799999999998	7.0114	14.5146	14.7115	17.8365	14.7362	4.8302	10.860100000000001	13.4491	7.2736	14.784600000000001	11.648700000000002	17.343	16.2357	16.2382	17.8375	15.4787	12.528	15.991700000000002	17.5817	11.7972	10.004100000000001	15.231399999999999
2	7.540100000000001	7.1288	0.0	3.1256999999999997	8.5416	1.2384000000000002	14.8318	6.7314	10.5777	14.3392	10.100100000000001	13.282399999999999	17.613799999999998	24.754	15.1089	13.065299999999999	14.6691	9.398299999999999	15.0302	9.921299999999999	14.5429	9.9461	7.1445	12.602	13.9646	9.7906	18.417099999999998	13.2132	14.049299999999999	24.564799999999998	24.5673	25.8158	15.994200000000001	14.0925	12.698	21.2141	11.9771	9.7667	10.4413
3	5.2231000000000005	5.0249	3.2288	0.0	5.6793000000000005	2.3815999999999997	12.8194	5.7501999999999995	9.4834	12.235299999999999	11.0734	11.1785	16.5195	22.295099999999998	13.005	11.971	15.9586	8.3091	12.9263	10.4314	15.8324	10.4562	6.291	11.507700000000002	11.860700000000001	8.5895	17.3228	13.6452	15.338899999999999	22.106	22.108400000000003	23.357	13.8903	12.9982	13.9875	20.119799999999998	12.848700000000001	8.5655	10.9514
4	3.8279	1.8588	8.239700000000001	6.2395	0.0	7.3925	11.947299999999998	5.2493	7.6503000000000005	14.5545	7.093100000000001	13.4977	13.1536	15.4002	15.324200000000001	10.6624	18.6691	7.7556	15.2454	15.4423	18.542900000000003	15.4671	6.2631000000000006	9.497200000000001	14.1799	8.999600000000001	13.421700000000001	10.2858	18.049400000000002	14.8602	14.8627	16.462	16.2095	11.1651	16.6981	16.218799999999998	10.434299999999999	8.641200000000001	15.962299999999999
5	6.5286	6.3304	1.2275999999999998	2.3272	6.9847	0.0	14.3689	5.7165	9.5628	13.540799999999999	9.0853	12.484	16.5989	23.9555	14.3104	12.0504	15.5447	8.3834	14.2317	9.027299999999999	15.4185	9.052	6.1296	11.5871	13.1662	8.7757	17.4022	14.9506	14.925	23.7664	23.7688	25.017400000000002	15.195799999999998	13.0777	13.5737	20.1992	11.0831	8.7518	9.5472
6	8.609200000000001	11.7414	14.937899999999999	13.860899999999999	10.165	15.6605	0.0	8.850200000000001	9.7821	14.6865	5.9211	13.5349	5.982399999999999	9.6392	17.5567	9.0335	28.5935	14.1048	17.4779	21.072200000000002	28.467299999999998	21.097	10.6095	7.929399999999999	14.2185	12.287700000000001	5.6495	11.3725	27.9738	9.6872	9.6897	10.7011	17.1259	10.5118	26.6225	8.0188	11.5022	10.023100000000001	21.592200000000002
7	1.5889000000000002	4.478899999999999	7.6944	6.1932	5.0918	6.657100000000001	8.7616	0.0	4.0418	11.229299999999999	3.6767	7.6958	11.182799999999999	15.9962	12.6174	7.0539	22.1739	5.5875	12.5387	13.828700000000001	22.0477	13.853399999999999	1.999	6.1709	8.637	4.0272	11.986	6.6773	21.5542	15.446200000000001	15.4487	17.0581	11.684299999999999	7.5566	20.202900000000003	14.783100000000001	6.0596000000000005	3.2422	14.348600000000001
8	4.8724	8.9244	10.693200000000001	9.3318	7.689100000000001	10.4848	9.8696	3.9602	0.0	6.428100000000001	5.1396999999999995	5.2765	9.6024	18.9243	8.0746	3.0402	25.087400000000002	3.0332	7.9959	16.8275	24.9612	16.8522	3.7579000000000002	2.3255	5.960100000000001	1.6062	9.5148	3.1141	24.4677	18.043599999999998	18.046	19.9862	8.001199999999999	3.9934000000000003	23.116400000000002	12.3119	3.2418	0.8456	17.3474
9	10.2424	14.1319	14.0416	12.0414	14.786200000000001	13.1944	14.3421	8.473	6.2541	0.0	9.8932	1.3543	17.7997	23.396900000000002	2.8979	6.4775	27.797	5.4674	2.8192	17.5232	27.6708	17.547900000000002	7.7353000000000005	6.8732	0.6193	5.3101	13.9874	3.8209	27.1773	23.4449	23.4473	24.4587	2.47	5.3292	25.826	16.7844	3.0244	5.7378	18.0431
10	4.8261	8.704	10.4056	10.588700000000001	7.4687	11.741700000000002	6.3706000000000005	3.899	5.3804	10.5543	0.0	9.402700000000001	6.8773	15.0899	15.823799999999999	4.9012	26.3443	8.51	15.7451	16.539900000000003	26.2181	16.5646	5.0148	3.7971999999999997	10.0863	6.6929	7.0193	7.2403	25.7246	15.1379	15.1404	16.151799999999998	12.9937	6.3796	24.3733	9.8164	7.37	5.8996	17.059900000000003
11	8.915799999999999	13.1855	13.0952	11.094899999999999	11.5389	12.248	13.015600000000001	7.1465	4.6033	1.4329	8.566600000000001	0.0	13.1479	22.0703	4.458	5.3887	26.8506	4.140899999999999	4.3793	16.1966	26.724400000000003	16.2214	6.4087	5.5466999999999995	0.9903	3.9836	12.6608	2.7321	26.2308	22.118299999999998	22.1208	23.132099999999998	3.3402	4.2403	24.8795	15.4579	1.6978	4.4113	16.7166
12	10.6461	14.524	17.7687	16.4073	13.2887	17.5604	6.0229	10.8871	9.730799999999999	14.635200000000001	6.7166999999999994	13.483600000000001	0.0	15.1428	18.1923	8.9822	34.0296	12.3952	18.113599999999998	23.903	33.903400000000005	23.927799999999998	10.8335	7.878100000000001	14.167200000000001	10.6857	0.9746	11.321200000000001	33.4099	15.1908	15.193299999999999	16.2046	16.008200000000002	9.6887	32.0586	1.6987	11.450899999999999	9.9719	24.423
13	14.8445	16.763900000000003	24.8605	18.9911	15.5286	24.0133	10.6521	16.2659	20.4178	27.284299999999998	16.0301	23.750799999999998	16.747400000000003	0.0	31.9449	22.908900000000003	28.563200000000002	22.107	31.8662	32.0631	28.437	32.0878	17.279700000000002	21.8048	28.094	20.68	15.443700000000002	25.2479	27.9435	0.556	1.1770999999999998	1.7103	31.2762	24.3873	26.592200000000002	15.898399999999999	22.1146	20.3215	32.583
14	12.1302	14.6531	14.562899999999999	12.5626	15.3075	13.7157	16.0712	10.0338	7.6589	2.8691999999999998	11.622200000000001	4.4023	17.723	32.2783	0.0	9.436200000000001	28.3183	5.5751	0.4674	17.345200000000002	28.192	17.3699	9.296100000000001	8.6023	3.3672	6.8709	15.7164	6.7795	27.6985	32.0891	32.0916	33.3401	2.9046	8.287799999999999	26.3472	18.5135	5.7353000000000005	7.6593	17.865099999999998
15	8.5256	12.384	13.659	12.297600000000001	11.148700000000002	13.450700000000001	9.104700000000001	6.9785	3.3453000000000004	6.4558	4.6265	5.3042	9.2371	18.1594	9.5155	0.0	28.0533	5.3677	9.4368	18.6691	27.927	18.6938	6.7238	1.5115999999999998	5.9878	4.3808	8.7499	2.8706	27.4335	18.2074	18.2099	19.2213	8.0289	2.1566	26.0822	11.547	3.6462	3.76	19.189
16	21.0098	18.0669	14.656799999999999	16.0188	18.7212	15.5471	28.7037	21.236	25.302	28.053900000000002	24.6047	26.9971	34.1312	28.618299999999998	28.8236	27.7895	0.0	24.1277	28.744799999999998	25.837400000000002	0.46	24.4507	21.649099999999997	27.3262	27.679299999999998	24.2952	33.798300000000005	29.4637	0.8432000000000001	28.4292	28.4316	29.6802	29.7089	28.8168	2.4218	36.1676	28.6672	24.2713	26.2935
17	6.589600000000001	6.949199999999999	9.3145	8.193	7.591	8.2772	11.9229	5.0968	3.1613	5.6223	8.3554	4.2385	12.055299999999999	20.977700000000002	5.5545	4.8777	23.948700000000002	0.0	5.8567	15.448799999999999	23.8225	15.4735	3.5814	4.4541	5.1796999999999995	1.6049	11.568200000000001	3.9406	23.329	21.0257	21.0281	22.0395	8.1723	4.9754	21.977700000000002	14.365200000000002	2.6024000000000003	2.7223	15.9687
18	12.052700000000002	14.5756	14.4854	12.485100000000001	15.229899999999999	13.638200000000001	15.9937	9.956299999999999	7.5813999999999995	2.7916999999999996	11.5447	4.3248	17.6455	32.2008	0.4674	9.3587	28.2408	6.562600000000001	0.0	21.688	28.1145	21.7127	9.2185	8.524799999999999	3.2897	6.793399999999999	15.6389	6.702	27.621	32.0116	32.0141	33.2626	2.8270999999999997	8.2103	26.2697	18.436	5.6578	7.5818	22.207900000000002
19	13.7204	14.08	9.3962	10.4006	14.7218	9.0541	21.0121	12.911700000000002	16.758	19.2776	16.2804	16.483900000000002	23.7941	32.0288	16.698900000000002	19.2455	23.875700000000002	14.6511	17.122799999999998	0.0	23.7495	0.37889999999999996	13.3248	18.7822	17.425099999999997	15.9709	24.5973	16.803099999999997	23.256	31.8397	31.8421	33.0907	19.7325	18.3113	21.904700000000002	27.3944	15.825899999999999	15.947	0.8751
20	20.883599999999998	17.9407	14.5306	15.8926	18.595	15.4208	28.5774	21.1098	25.1757	27.9277	24.4785	26.870900000000002	34.005	28.492099999999997	28.6973	27.6633	0.41	24.0014	28.618599999999997	25.6855	0.0	24.3244	21.5229	27.2	27.553099999999997	24.169	33.672	29.3375	0.4935	28.3029	28.305400000000002	29.553900000000002	29.5826	28.6906	2.2956	36.0413	28.541	24.145	26.141599999999997
21	13.7451	14.104700000000001	9.4209	10.4253	14.7465	9.0788	21.0368	12.936399999999999	16.782700000000002	19.3023	16.3051	16.508599999999998	23.8188	32.053599999999996	16.723599999999998	19.2703	23.9004	14.675799999999999	17.1475	0.37889999999999996	23.7742	0.0	13.3495	18.807	17.449900000000003	15.9956	24.6221	16.8278	23.2807	31.8644	31.866799999999998	33.1154	19.7573	18.3361	21.9294	27.4191	15.8506	15.9717	1.1371
22	2.9143000000000003	5.088	7.4533000000000005	6.3318	6.602600000000001	6.416	10.7466	1.5902	3.3121	7.622199999999999	5.145899999999999	6.238300000000001	10.5921	19.4659	11.5767	6.0436000000000005	22.0875	4.22	11.498	13.5876	21.961299999999998	13.6123	0.0	5.5803	7.179600000000001	2.6597	11.395299999999999	6.2132	21.4677	19.513900000000003	19.5164	20.5278	10.1721	7.0925	20.116400000000002	14.1924	4.6022	2.6358	14.1075
23	7.0419	10.9002	12.1671	10.8057	9.6649	11.9588	8.2261	5.390899999999999	1.9926	6.8465	3.7771	5.6949	8.3585	17.2808	9.716700000000001	1.3295	26.561400000000003	4.6065	9.638	17.8955	26.435200000000002	17.9202	5.2318999999999996	0.0	6.3785	2.897	7.8713	3.5325	25.941599999999998	17.328799999999998	17.3313	18.3427	9.2859	2.6718	24.5903	10.6684	3.6622	2.2763	18.4154
24	9.862200000000001	13.757299999999999	13.667	11.6667	14.4116	12.819799999999999	13.9619	8.0928	5.8199	0.6193	9.513	0.9741000000000001	14.094299999999999	23.0167	3.3959	6.0433	27.422400000000003	5.0872	3.3171999999999997	17.143	27.296200000000002	17.1677	7.3551	6.493	0.0	4.93	13.6072	3.3867	26.8027	23.064700000000002	23.0671	24.0785	2.7992	4.895	25.4513	16.4042	2.6441999999999997	5.3576999999999995	17.6629
25	5.2453	10.184899999999999	10.120899999999999	8.7595	8.9496	9.912600000000001	10.9356	3.9213	1.9858	5.6533999999999995	7.4226	4.2695	11.0679	19.990299999999998	7.2926	4.1814	24.5152	1.5826	7.2139	16.255200000000002	24.388900000000003	16.2799	3.1835	3.4667	5.2108	0.0	10.5808	4.255199999999999	23.895400000000002	20.0383	20.0408	21.0521	8.203299999999999	5.134600000000001	22.5441	13.3779	2.6334	1.5468	16.7751
26	10.8378	14.5442	18.5322	17.1708	13.3089	18.3238	5.69	11.0788	9.3979	14.302299999999999	6.9085	13.1507	0.9746	13.591299999999999	17.1725	8.649299999999998	33.6967	12.062299999999999	17.093799999999998	24.6665	33.5705	24.691200000000002	11.5969	7.5451999999999995	13.834299999999999	10.352799999999998	0.0	10.988299999999999	33.077	13.6392	13.6417	14.6531	16.942400000000003	10.127600000000001	31.7257	2.0412	11.118	9.6389	25.186400000000003
27	7.7158	12.2125	12.316	12.1752	10.9772	13.3282	11.6975	6.8036	3.1704	3.8129	7.248600000000001	2.6613	11.8299	20.752299999999998	6.8727	3.3938	27.930799999999998	3.9206999999999996	6.7939	16.6508	27.804599999999997	16.6755	6.6013	4.2286	3.3449	4.2093	11.342799999999999	0.0	27.3111	20.8002	20.8027	21.8141	5.386	2.2454	25.959799999999998	14.1398	1.4777	3.689	17.1707
28	20.390099999999997	17.4471	14.0371	15.3991	18.1015	14.927299999999999	28.0839	20.6162	24.6822	27.4342	23.985	26.3774	33.5114	27.9986	28.203799999999998	27.1698	0.8432000000000001	23.507900000000003	28.1251	25.217599999999997	0.4935	23.8309	21.029400000000003	26.7065	27.0596	23.6755	33.1785	28.844	0.0	27.8094	27.8119	29.0604	29.0891	28.197	1.802	35.5478	28.0475	23.6515	25.6738
29	14.2814	16.2621	21.0748	18.428	15.0268	20.2276	10.8169	15.7029	19.8548	26.7213	14.1752	23.1877	16.912200000000002	0.556	31.7965	23.0738	28.4148	21.5439	31.7178	28.3719	28.2885	28.3967	16.7166	21.9697	24.1289	20.1169	15.6085	22.087799999999998	27.795	0.0	0.3055	2.2494	31.4411	24.5521	26.4437	16.063200000000002	21.551599999999997	19.7585	28.8919
30	14.2839	16.2646	21.0772	18.4305	15.0293	20.23	10.8194	15.7053	19.857200000000002	26.7237	14.177700000000002	23.1902	16.9147	0.7687	31.799	23.0762	28.4173	21.546400000000002	31.720200000000002	28.3744	28.291	28.399099999999997	16.719099999999997	21.972099999999998	24.131400000000003	20.119400000000002	15.611	22.0902	27.7975	0.3055	0.0	2.2519	31.4435	24.554599999999997	26.4462	16.0657	21.554	19.760900000000003	28.894299999999998
31	15.7968	17.7162	25.8128	19.9434	16.480900000000002	24.9656	11.6044	17.2182	21.370099999999997	28.2366	16.982400000000002	24.7031	17.6997	1.5579	32.8972	23.8612	29.5155	23.0593	32.8185	33.0154	29.3893	33.040099999999995	18.232	22.757099999999998	29.0463	21.6323	16.396	26.200200000000002	28.895799999999998	2.1269	2.1294	0.0	32.2285	25.339599999999997	27.5445	16.8507	23.0669	21.273799999999998	33.5353
32	13.2953	15.317200000000001	15.226899999999999	13.226600000000001	15.9715	14.379700000000001	17.2362	11.803600000000001	7.041399999999999	1.6721	12.7873	2.5385	15.5516	30.282400000000003	2.5043	7.2648	28.9823	6.6517	2.4255	19.702599999999997	28.856099999999998	19.727400000000003	8.9195	9.767299999999999	2.001	6.4944	16.485799999999998	4.6081	28.3625	30.330299999999998	30.3328	31.3442	0.0	6.1164	27.011200000000002	16.939	4.208699999999999	7.56	20.2226
33	7.6804	11.5387	12.813799999999999	11.452399999999999	10.3034	12.6054	9.4521	6.1331999999999995	2.5	5.6667	5.0032	4.515	9.5845	18.5069	8.7264	1.1484	27.208	4.522399999999999	8.6477	17.8238	27.081799999999998	17.848599999999998	5.8785	1.9832	5.198600000000001	3.5355	9.0974	2.0815	26.5883	18.5549	18.557299999999998	19.5687	7.2398	0.0	25.237	11.8944	2.8571	2.9148	18.343799999999998
34	18.7453	15.8024	12.392299999999999	13.754299999999999	16.4567	13.2826	26.4392	18.9715	23.0375	25.7894	22.3402	24.732599999999998	31.8667	26.3538	26.559099999999997	25.5251	2.7746999999999997	21.8632	26.4803	22.1615	2.6485	22.1862	19.3846	25.061700000000002	25.4148	22.0307	31.5338	27.1993	2.1549	26.1647	26.167099999999998	27.4157	27.4444	26.5523	0.0	33.9031	26.4027	22.0068	22.6814
35	13.741100000000001	17.4475	21.4355	20.074099999999998	16.2122	21.2272	7.452	13.9822	12.301200000000001	17.205599999999997	9.8118	16.054	1.7170999999999998	15.0907	20.0758	11.5526	35.0103	14.9656	19.9971	27.5698	34.8841	27.5945	14.5003	10.4485	16.737599999999997	13.2561	2.0625	13.8916	34.3906	15.1387	15.141200000000001	16.1525	17.3868	13.030899999999999	33.039300000000004	0.0	14.0213	12.5423	28.0897
36	7.218	11.0763	11.409600000000001	10.2869	9.841	11.0675	11.3177	5.4487	2.9055	3.4129	6.8688	2.0291	11.4501	20.3725	5.727600000000001	3.9292	25.8891	2.443	5.648899999999999	15.744399999999999	25.762900000000002	15.7691	4.7109	3.8488	2.9703000000000004	2.2858	10.963	1.746	25.2694	20.4205	20.422900000000002	21.4343	5.6621999999999995	2.7808	23.9181	13.76	0.0	2.7135	16.2643
37	5.1221000000000005	9.654200000000001	9.630799999999999	8.398700000000002	8.418899999999999	9.5518	10.1586	3.1191	0.6865	6.7923	6.296600000000001	4.3676	9.8521	19.2134	7.784	3.8549	24.154400000000003	2.7425	7.7053	15.7651	24.0281	15.7899	2.8226999999999998	2.6896999999999998	6.3243	1.3155	9.8039	3.4783000000000004	23.534599999999998	18.2933	18.2957	20.2752	8.3654	4.357600000000001	22.1833	12.6009	2.7315	0.0	16.2851
38	14.2079	14.5676	9.883700000000001	10.8881	15.2094	9.5417	21.499599999999997	13.3992	17.2455	19.765099999999997	16.7679	16.9715	24.281599999999997	32.516400000000004	17.186400000000003	19.7331	24.3633	15.1386	17.6103	0.8427	24.237	1.1047	13.812299999999999	19.2698	17.9127	16.4584	25.0849	17.290599999999998	23.7435	32.3272	32.3297	33.578199999999995	20.2201	18.7989	22.3922	27.8819	16.313399999999998	16.4345	0.0
;
