vehicles
vehicle_idx, capacity, cost_per_unit_distance
1,100,3
2,100,3
3,100,3
4,100,3
depot
node_idx,x,y
0,25.049446486001663,121.51552910838933
home delivery customers
node_idx,x,y,service_time,demand
1,25.03251234834574,121.43337259479704,10,11
2,25.03126851526298,121.47107248289339,10,28
3,25.024752103395482,121.52521358510167,10,9
4,25.0127145,121.51804275,10,11
5,25.102221223784408,121.52683329862322,10,20
6,25.069216384691764,121.61150292766085,10,22
7,25.019355581987675,121.55263120725536,10,14
8,25.03015210536245,121.54481842432283,10,30
9,25.090158605785483,121.50805821471387,10,4
10,25.058815750752338,121.5529675974556,10,11
self pickup customers
node_idx,x,y,service_time,demand,locker_idxs
11,25.071219024486194,121.51349131519626,10,11,38
12,25.182410248115104,121.44089979641298,10,5,34
13,25.17695055041427,121.44881647672216,10,4,34
14,24.961050749999995,121.42078605,10,13,31
15,25.181960529697214,121.44108121313853,10,26,34
16,25.04123760531508,121.56945992109077,10,5,33-36
17,25.061468205757155,121.5311290211322,10,12,38
18,25.0690251705821,121.61121412220774,10,4,32
19,25.0420411,121.57454699999997,10,22,36-33
20,25.047624749999997,121.61589930000002,10,6,32
flexible customers
node_idx,x,y,service_time,demand,locker_idxs
21,24.97285022006312,121.5401984605444,10,5,35
22,25.038594207975976,121.55487881552176,10,17,33-36
23,24.964746034188366,121.43676984736668,10,20,31
24,25.0247826,121.49845275000001,10,22,37
25,25.036946450000006,121.55730175000002,10,17,33-36
26,25.043717124527817,121.57326295997194,10,26,36-33
27,25.036456119835446,121.50211127180197,10,15,37
28,24.970038805847878,121.43150108663306,10,24,31
29,24.970942100000002,121.54214350000002,10,26,35
30,25.071386151969968,121.60915870459579,10,18,32
lockers
node_idx,x,y,service_time,capacity,cost_per_unit_good
31,24.9595637,121.4197544,10,87
32,25.0553158,121.617896,10,93
33,25.0328676,121.5697576,10,57
34,25.1678849,121.4456164,10,68
35,24.9579858,121.5375799,10,63
36,25.0500706,121.5774743,10,62
37,25.0315003,121.4949252,10,87
38,25.0698882,121.5234885,10,91
mrt lines
start_node_idx,end_node_idx,freight_capacity,cost_per_unit_good
31,32,180,0.5
32,31,180,0.5
33,34,125,0.5
34,33,125,0.5
35,36,125,0.5
36,35,125,0.5
distance matrix
,0,1,2,3,4,5,6,7,8,9,10,11,12,13,14,15,16,17,18,19,20,21,22,23,24,25,26,27,28,29,30,31,32,33,34,35,36,37,38,
0,0.0,9.905,6.2246999999999995,4.973199999999999,4.743399999999999,7.587,14.3521,6.7923,5.3587,5.194100000000001,5.5842,3.1942,20.7553,19.9083,15.4641,20.6327,6.4512,3.2577,14.363700000000001,6.9511,13.2645,10.7962,5.304600000000001,14.0035,4.138,5.5813999999999995,6.6648000000000005,2.6491,13.6022,10.478200000000001,14.2407,15.6462,12.9348,8.5804,18.784200000000002,13.6341,7.3102,3.6786999999999996,3.0051
1,11.5877,0.0,6.5281,15.3178,13.2838,16.952900000000003,23.9769,17.1368,15.7032,14.6243,18.1842,13.3939,20.5326,19.6857,12.2865,20.41,16.7957,12.7533,23.988599999999998,17.863,25.022299999999998,17.019299999999998,15.6491,11.1869,10.519200000000001,15.9259,17.5488,10.6435,10.4791,17.2796,23.865599999999997,12.4686,24.7662,18.925,18.5615,19.2238,18.194200000000002,9.808399999999999,12.5007
2,6.4753,4.658,0.0,7.4571000000000005,7.2005,13.2756,18.9121,9.5827,9.1522,10.231,11.2728,8.0718,21.7692,20.9223,11.1006,21.6466,12.0833,8.946200000000001,18.9238,12.4294,18.7149,11.915899999999999,11.8285,9.6401,4.8153999999999995,11.2135,12.1151,3.7471,9.2388,12.176200000000001,18.8007,11.2827,18.3852,14.2126,19.798099999999998,14.1204,12.7606,3.2018,8.693700000000002
3,4.6013,12.1684,7.2569,0.0,3.3964000000000003,10.7591,16.804299999999998,3.5928,2.9086,11.6676,8.3937,7.9945,24.995900000000002,24.149,16.1118,24.8733,5.9822,7.2184,16.816,6.4821,11.6014,7.1206000000000005,4.7925,15.2493,4.1507,5.006,6.706,3.6813000000000002,14.1621,6.8026,16.6929,16.2939,12.9855,6.3715,23.0248,9.9585,7.361800000000001,4.7109,6.1698
4,5.7829,11.514,7.4384,3.2909,0.0,11.940700000000001,18.6884,5.2921000000000005,5.6583000000000006,10.6631,10.2778,8.5039,27.604200000000002,26.7573,13.5489,27.4817,7.9578999999999995,9.1025,18.7001,8.457799999999999,13.5771,6.1523,7.5005,12.686399999999999,4.4857,6.8475,8.681700000000001,4.1932,13.008,6.4126,18.577099999999998,13.731,14.961200000000002,8.347100000000001,25.633200000000002,8.3568,9.3375,4.3952,7.3515
5,7.237100000000001,14.797,12.6108,12.0607,11.4435,0.0,14.7857,12.286299999999999,10.4506,3.9875,8.0945,5.073600000000001,15.6654,14.8185,26.285,15.5428,11.6603,6.0555,14.7973,12.160200000000001,15.831,17.538,10.5136,25.185299999999998,11.3152,10.7905,11.5359,9.8263,24.4775,17.22,14.674299999999999,26.4671,15.5749,13.7895,13.6943,20.911099999999998,10.3286,10.8559,4.66
6,11.713700000000001,21.2535,19.3153,16.418,14.225200000000001,14.3028,0.0,9.338299999999998,9.458200000000001,12.3405,7.3282,11.6974,27.9017,27.0548,32.7414,27.7791,7.2547,10.9487,0.5893999999999999,6.8787,2.7441999999999998,17.5337,7.9742,31.6417,15.0193,7.3425,7.3228,13.530299999999999,30.934,17.2156,0.6812999999999999,32.9235,2.488,7.8712,25.9306,18.0969,5.3187,14.559899999999999,11.926
7,7.8303,16.0433,9.5661,3.7238,6.0377,12.5327,11.1876,0.0,2.1943,11.5368,5.573300000000001,10.893600000000001,27.098,26.251099999999997,17.4016,26.9754,3.6574,7.0876,11.199200000000001,4.1573,9.2766,7.2772,3.2,16.539099999999998,6.7663,2.547,4.3812,6.2636,16.8607,7.5087,11.0762,17.5837,10.6607,4.0466,25.126900000000003,9.9094,5.037,7.2124,8.6158
8,5.1213,14.3708,8.9824,3.673,6.6544,10.552200000000001,11.052,1.9683,0.0,9.556299999999998,4.1845,8.9131,25.1175,24.270599999999998,18.0183,24.9949,3.5218000000000003,5.1071,11.063600000000001,4.0216,9.1409,8.015600000000001,1.9236,17.1558,6.3626000000000005,2.1372,4.2456000000000005,5.762,17.477400000000003,7.6976,10.9406,18.200400000000002,10.5251,3.9386,23.1464,10.526200000000001,4.9014,6.0725,6.6353
9,5.3346,14.2986,9.723,11.3809,9.3005,3.4968000000000004,13.2126,11.606399999999999,9.7708,0.0,7.4198,2.4299,16.069200000000002,15.2222,23.2864,15.9466,10.9805,5.3808,13.224200000000002,11.4804,14.258,16.8582,9.8338,22.186700000000002,8.6878,10.110700000000001,11.5269,7.2998,21.478900000000003,16.540200000000002,13.1012,23.4685,14.0018,13.1097,14.0981,20.2313,12.9601,7.7002,3.8204000000000002
10,4.989,13.665,10.194600000000001,7.3963,9.6846,8.2083,7.1411999999999995,5.2153,4.579,7.4523,0.0,6.8092,23.0135,22.1666,22.4,22.890900000000002,3.6014,2.7632,7.1528,4.1013,8.1836,12.8736,3.3465,21.5374,10.438799999999999,2.7316,3.559,8.1279,19.0809,12.5556,6.736800000000001,22.582099999999997,9.0021,5.730600000000001,21.0424,13.9739,3.4322,9.157399999999999,4.291399999999999
11,2.9489,10.181799999999999,7.662100000000001,7.144699999999999,6.9148000000000005,5.1195,11.8613,10.2552,7.5302,3.2415,5.275399999999999,0.0,18.0837,17.2368,18.2781,17.9611,8.6227,2.9488000000000003,11.873,9.1226,12.9067,12.9677,7.476,16.8175,6.3095,7.7528999999999995,8.8363,4.820600000000001,16.4163,12.6496,11.7499,18.4602,12.6505,10.7519,16.1126,15.8056,9.4817,5.6393,1.4347
12,21.0098,20.5103,24.3684,27.088,27.4931,15.6833,28.919700000000002,27.3135,25.4779,16.1294,23.126900000000003,18.113799999999998,0.0,3.5299,29.498099999999997,0.245,26.6876,21.0879,28.9313,27.1875,29.9651,33.9631,25.5409,28.398400000000002,24.4678,25.8178,26.3436,22.3831,27.6906,34.2234,28.8083,29.6802,29.7089,28.8168,2.4218,36.1676,28.6672,23.7847,19.467599999999997
13,20.7364,20.236900000000002,24.094900000000003,26.8146,27.2197,15.4099,28.6462,27.0401,25.2045,15.8559,22.8535,17.840400000000002,1.7117,0.0,29.2246,1.5891,26.414099999999998,20.8145,28.6579,26.914,29.691599999999998,33.6896,25.2675,28.1249,24.1943,25.5443,26.0701,22.1097,27.4172,33.9499,28.5349,29.4067,29.4354,28.543400000000002,2.1484,35.8941,28.3938,23.511200000000002,19.194200000000002
14,15.8405,10.947700000000001,10.8786,17.2222,14.9748,26.013,33.037099999999995,22.3283,22.955599999999997,20.5811,21.6229,18.4219,29.5593,28.7123,0.0,29.436700000000002,24.9941,19.2963,33.0487,25.494,30.9013,16.6045,24.5367,2.1398,12.3293,23.8837,22.4652,13.0929,2.4255,17.6526,32.9257,0.3469,32.2723,25.3833,27.5882,16.8944,23.1107,12.0625,19.0438
15,20.8873,20.3878,24.2458,26.9655,27.3706,15.5607,28.797099999999997,27.191,25.3553,16.0068,23.0043,17.9913,0.272,3.4073,29.3755,0.0,26.565,20.9653,28.8087,27.0649,29.8425,33.8405,25.418400000000002,28.2758,24.345200000000002,25.6952,26.221,22.2606,27.568,34.1008,28.6857,29.557599999999997,29.586299999999998,28.694200000000002,2.2992,36.045,28.544700000000002,23.6621,19.3451
16,6.0869,15.5735,11.4485,6.717899999999999,8.8536,11.7367,7.9578,3.9666,3.7573000000000003,10.7408,3.4543000000000004,10.0976,26.302,25.455,20.2174,26.1794,0.0,6.291600000000001,7.969399999999999,0.7379,5.8572,10.093,2.3326,19.3549,9.361799999999999,1.7009,0.7845,7.8729,18.826,10.3245,7.8464,20.3995,6.375100000000001,2.3672,24.3309,12.725299999999999,1.9923,8.9025,7.8198
17,2.8270999999999997,11.1389,8.275,6.977399999999999,7.033399999999999,5.6822,10.6752,7.2029,5.3673,5.5288,2.8175,2.9084,20.3328,19.4859,18.2312,20.2102,6.576899999999999,0.0,10.6869,7.0768,11.720600000000001,12.4547,5.4303,16.7707,6.9052,5.7071000000000005,6.3116,5.416300000000001,16.3694,12.1366,10.5639,18.4133,11.4645,8.7062,18.3617,15.8277,6.0572,6.4459,1.7652999999999999
18,11.9982,21.538,19.5998,16.7025,14.5097,14.587299999999999,0.3467,9.6228,9.742700000000001,12.625,7.6127,11.9819,28.1862,27.339299999999998,33.0259,28.063599999999997,7.5392,11.2332,0.0,7.1632,3.0286999999999997,17.8182,8.258700000000001,31.9262,15.303799999999999,7.627,7.6073,13.8148,31.2185,17.5001,0.8154,33.208,2.7725,8.1557,26.2151,18.381400000000003,5.6032,14.8444,12.2105
19,6.7303999999999995,16.217,12.092,7.3614,9.4971,12.3802,7.5043999999999995,4.6102,4.4008,11.3843,4.0978,10.741100000000001,26.9455,26.098599999999998,20.861,26.8229,0.6435,6.9351,7.516100000000001,0.0,5.4038,10.7365,2.9760999999999997,19.9984,10.0053,2.3444000000000003,0.44389999999999996,8.516399999999999,19.4695,10.9681,7.3931000000000004,21.0431,5.9216999999999995,1.9139000000000002,24.974400000000003,13.368799999999998,1.2409000000000001,9.546,8.463299999999998
20,11.892700000000001,23.0712,16.8997,12.2962,14.431899999999999,16.1205,3.3375,9.545,9.55,14.1582,8.0649,13.5151,29.7194,28.8725,30.990299999999998,29.596799999999998,5.7927,12.766399999999999,3.3491,5.416600000000001,0.0,15.607,8.1252,30.1277,15.1545,7.493600000000001,5.8607,13.6656,30.4494,15.289,3.2260999999999997,31.172400000000003,1.7547000000000001,6.4092,27.7483,16.7672,4.9053,14.695200000000002,13.7437
21,11.002600000000001,15.538799999999998,11.8237,7.2693,6.497199999999999,18.5259,18.515700000000002,7.2374,7.8647,17.530099999999997,11.2437,16.8869,33.8615,33.0146,15.2705,33.7389,9.9032,13.0809,18.5273,10.4031,14.8645,0.0,9.445799999999998,14.408,9.088700000000001,8.7928,10.627,9.652,14.7296,0.3599,18.4043,15.4526,16.2355,10.292399999999999,31.890400000000003,1.9259000000000002,11.2828,9.537700000000001,12.5711
22,4.9609,14.002799999999999,9.6121,5.5366,7.7802,10.7795,10.2479,2.8933,2.0838,9.7836,3.4173,9.1404,25.3448,24.4979,19.144099999999998,25.2222,2.0361,5.3344,10.2596,2.536,7.6553,9.0196,0.0,18.2815,7.5255,0.4096,2.5825,6.0365,16.9896,9.2512,10.1366,19.3262,8.1731,3.1327,23.3737,11.6519,3.4137,7.0661000000000005,6.8626000000000005
23,14.2507,9.7725,9.2887,13.131200000000002,10.883700000000001,22.0358,31.8618,21.4663,16.927599999999998,18.9912,20.033,16.832,28.384,27.5371,2.0365,28.261400000000002,20.8435,17.706400000000002,31.8735,21.1896,30.0393,15.7425,18.312,0.0,10.7394,19.9737,20.8753,11.503,1.4957,16.790599999999998,31.750400000000003,2.2186,31.4103,24.5213,26.4129,16.0324,21.520799999999998,10.4726,17.4539
24,4.2303999999999995,9.0155,4.714,4.1487,3.6164,11.5524,18.7486,6.872199999999999,6.188,10.0675,11.1355,7.9083000000000006,23.357400000000002,22.5105,12.1829,23.2348,9.4384,8.7827,18.7602,9.9382,18.551299999999998,9.103399999999999,8.2917,10.722299999999999,0.0,8.5686,11.951600000000001,1.5988,10.321,9.340200000000001,18.6372,12.365,18.221700000000002,9.6509,21.3863,11.3079,12.597100000000001,1.0341,6.9793
25,6.393,15.241200000000001,10.1799,5.2349,7.3706000000000005,11.3472,9.838299999999998,2.4837,1.9174,10.3514,3.122,9.708200000000001,25.9125,25.0656,18.7345,25.789900000000003,2.1706999999999996,5.9022,9.85,2.6706,7.789899999999999,8.61,1.1763,17.872,8.0932,0.0,2.7171,6.6043,18.1936,8.8416,9.727,18.9166,9.311399999999999,2.7231,23.9414,11.242299999999998,3.6877,7.6339,7.4303
26,7.0786999999999995,15.9268,12.085700000000001,7.449199999999999,9.5849,12.6011,6.624899999999999,4.698,4.6217,11.6052,3.5455,10.1681,27.166400000000003,26.3195,20.9488,27.0438,0.8644,7.156,6.6365,0.3152,5.3544,10.824399999999999,3.197,20.086299999999998,10.226299999999998,2.5653,0.0,8.7373,19.6904,11.0559,6.5135,21.1309,5.872199999999999,2.2365,25.1953,13.4566,1.1941,9.7669,8.6842
27,2.7904,8.9538,3.6405,4.059699999999999,3.9063000000000003,10.1124,15.4197,6.2885,5.4673,6.905600000000001,8.2938,4.7463999999999995,21.747799999999998,20.9009,12.8798,21.6252,7.998399999999999,5.4156,15.4314,8.498299999999999,13.6176,9.6636,6.8518,11.4193,1.589,7.1286000000000005,8.6228,0.0,11.018,9.895100000000001,15.308399999999999,13.0619,14.8928,8.4715,19.776799999999998,12.2958,9.376,1.0945,5.5393
28,13.8291,9.0086,8.8672,14.289200000000001,14.3304,24.073900000000002,31.097900000000003,21.6839,16.506,18.5697,19.6115,16.4105,27.620099999999997,26.7732,2.2542,27.4976,20.422,17.2849,31.109599999999997,20.768099999999997,30.2569,15.9601,17.8905,1.4955,10.3179,19.5522,20.453799999999998,11.0815,0.0,17.008200000000002,30.9866,2.4363,31.6279,24.7389,25.649099999999997,16.25,21.0993,10.0511,17.032400000000003
29,10.555200000000001,15.7992,12.084,6.822,6.7575,17.5069,18.197599999999998,7.5633,8.1906,16.511,11.569700000000001,15.867799999999999,34.1218,33.2749,15.931700000000001,33.999300000000005,10.2291,12.0618,18.2093,10.729,14.5464,0.3599,9.771700000000001,15.0692,9.4176,9.118799999999998,10.9529,9.9779,15.390799999999999,0.0,18.086299999999998,16.113799999999998,15.917399999999999,9.5978,32.1508,1.6079,11.6087,9.8636,13.59
30,12.0559,21.5957,19.6575,16.7602,14.5674,14.645,0.4044,9.6805,9.8004,12.682799999999999,7.6705,12.0396,28.2439,27.397,33.0837,28.1214,7.597,11.291,0.416,7.220899999999999,3.0864000000000003,17.8759,8.3164,31.984,15.3615,7.6848,7.665,13.8726,31.2762,17.5578,0.0,33.265800000000006,2.8303000000000003,8.2134,26.2729,18.4391,5.6609,14.9022,12.2682
31,15.7968,10.904,10.8349,17.1785,14.931,25.9693,32.993300000000005,22.2845,22.911900000000003,20.5374,21.579099999999997,18.3782,29.5155,28.668599999999998,0.5247,29.393,24.9503,19.252599999999997,33.005,25.450200000000002,30.857599999999998,16.5608,24.492900000000002,2.0961,12.2856,23.84,22.4215,13.049100000000001,2.3817,17.608900000000002,32.882,0.0,32.2285,25.339599999999997,27.5445,16.8507,23.0669,12.018799999999999,19.0
32,13.2953,22.3341,18.3023,13.671100000000001,15.806799999999999,15.3834,2.6004,10.9199,9.257200000000001,13.4212,7.3683000000000005,12.778,28.9823,28.1354,31.1621,28.8597,5.499899999999999,12.029399999999999,2.612,5.1238,0.9894,15.778799999999999,7.8325,30.299599999999998,16.600900000000003,7.2008,5.568,15.112,30.6212,15.460799999999999,2.489,31.3442,0.0,6.1164,27.011200000000002,16.939,4.208699999999999,16.1416,13.0066
33,7.6804,16.5285,11.4754,5.887,8.0227,12.642700000000001,8.8225,3.1358,3.1327,11.6469,4.4094,11.0037,27.208,26.361099999999997,19.386599999999998,27.0855,1.2818,7.1977,8.834200000000001,1.7817,6.7219,9.2622,2.4637,18.524099999999997,8.5487,1.832,1.8283,7.8998,18.8457,9.4937,8.7111,19.5687,7.2398,0.0,25.237,11.8944,2.8571,8.9294,8.7258
34,18.7453,18.2458,22.103900000000003,24.8235,25.2286,13.4188,26.6552,25.049,23.2134,13.8649,20.8624,15.8493,2.7746999999999997,1.9278,27.2336,2.6521,24.423099999999998,18.823400000000003,26.6668,24.923,27.700599999999998,31.6986,23.276400000000002,26.1339,22.2033,23.5533,24.079099999999997,20.1187,25.426099999999998,31.9589,26.5438,27.4157,27.4444,26.5523,0.0,33.9031,26.4027,21.5202,17.2031
35,13.741100000000001,16.6877,12.9725,10.0079,8.6857,21.2645,20.1719,9.9759,10.603200000000001,20.2686,13.982299999999999,19.625400000000003,35.0103,34.1634,15.9704,34.887800000000006,12.6417,15.8194,20.1836,13.1416,16.0158,1.9443,12.184299999999999,15.107899999999999,10.686,11.5313,13.3655,12.3905,15.4295,1.6262999999999999,20.0605,16.1525,17.3868,13.030899999999999,33.039300000000004,0.0,14.0213,12.276200000000001,15.3096
36,7.218,16.066200000000002,12.225,7.7526,9.8883,10.3232,5.8237,5.001399999999999,5.1213,10.481399999999999,3.1595999999999997,9.8382,25.8891,25.0422,21.252200000000002,25.766599999999997,2.1643000000000003,6.0322,5.8354,1.5163,5.144399999999999,11.127799999999999,3.6373,20.3897,10.5236,3.0057,1.2353,9.0347,20.711299999999998,11.3593,5.7124,21.4343,5.6621999999999995,2.7808,23.9181,13.76,0.0,10.0643,7.5603
37,3.8243,8.2591,3.4525,4.6079,4.3513,11.1464,17.2428,6.7335,6.5013000000000005,8.5617,9.3278,6.4025,22.7046,21.8577,12.2432,22.582,9.0323,6.4496,17.2544,9.532200000000001,14.6515,9.6255,7.8857,10.7827,1.0551,8.1625,10.445799999999998,1.0767,10.3814,9.857,17.131400000000003,12.4253,16.7159,9.5054,20.7335,12.257700000000002,11.0912,0.0,6.5732
38,3.8451999999999997,11.8557,9.336799999999998,7.4843,8.0515,4.581899999999999,11.2977,8.9995,7.1639,4.8088999999999995,4.8077,2.3547,19.2325,18.3856,19.249299999999998,19.109900000000003,8.3735,2.3851999999999998,11.309299999999999,8.8734,12.3431,13.3073,7.2269,17.7888,7.9233,7.5037,8.2433,6.434399999999999,17.3875,12.9893,11.1863,19.4314,12.0869,10.502799999999999,17.261400000000002,16.1452,9.100299999999999,7.464,0.0
