vehicles
vehicle_idx, capacity, cost_per_unit_distance
1,100,3
2,100,3
3,100,3
4,100,3
depot
node_idx,x,y
0,25.049446486001663,121.51552910838933
home delivery customers
node_idx,x,y,service_time,demand
1,25.025586500000003,121.57101700000001,10,3
2,25.059583574221723,121.54029080446887,10,16
3,25.020768593621153,121.49843107371754,10,16
4,25.08776229583376,121.47757998660887,10,18
5,25.121317200000004,121.51039965000002,10,10
6,25.066846338921806,121.6074866121388,10,18
7,25.04132499104913,121.58207428297564,10,9
8,25.089260742490634,121.50874780127313,10,26
9,25.03876679598655,121.53130465760748,10,20
10,25.00293065,121.56217980000001,10,30
self pickup customers
node_idx,x,y,service_time,demand,locker_idxs
11,25.180655960587064,121.44155440055427,10,23,34
12,25.179299929008494,121.44336804043631,10,20,34
13,25.020298683870486,121.55926484914299,10,15,33-37
14,25.05270012454011,121.55952355244204,10,6,36-33
15,25.17861025006987,121.43131078669671,10,15,34
16,25.11363970560484,121.52937048153716,10,14,38
17,24.972375099912743,121.53444664714421,10,14,35
18,25.038576143124914,121.58542382985941,10,20,36-33
19,25.05646719721031,121.60079838110455,10,9,32-36
20,24.97124356109725,121.54234880641519,10,28,35
flexible customers
node_idx,x,y,service_time,demand,locker_idxs
21,25.129960850476536,121.50422748370985,10,27,38
22,25.036631491308114,121.57804779330228,10,16,33-36
23,25.043645883747192,121.62323222748621,10,24,32
24,24.96467224825326,121.4361787281518,10,9,31
25,25.06992788783351,121.60930669337623,10,3,32
26,24.960355008945594,121.41488113570192,10,19,31
27,25.035073325412785,121.57732403885154,10,26,33-36
28,25.026424464172024,121.54707495873116,10,25,37-33
29,24.96093772777515,121.42062160985327,10,20,31
30,25.033153849999998,121.51925795000001,10,24,37
lockers
node_idx,x,y,service_time,capacity,cost_per_unit_good
31,24.9595637,121.4197544,10,82
32,25.0553158,121.617896,10,93
33,25.0328676,121.5697576,10,54
34,25.1678849,121.4456164,10,53
35,24.9579858,121.5375799,10,98
36,25.0500706,121.5774743,10,87
37,25.0251095,121.5315547,10,88
38,25.1233733,121.5130322,10,84
mrt lines
start_node_idx,end_node_idx,freight_capacity,cost_per_unit_good
31,32,175,0.5
32,31,175,0.5
33,34,107,0.5
34,33,107,0.5
35,36,185,0.5
36,35,185,0.5
distance matrix
,0,1,2,3,4,5,6,7,8,9,10,11,12,13,14,15,16,17,18,19,20,21,22,23,24,25,26,27,28,29,30,31,32,33,34,35,36,37,38,
0,0.0,8.134,3.6383,4.7602,7.6592,9.241,14.3928,7.7845,4.8938999999999995,3.2339,9.3251,20.551099999999998,20.1355,7.228800000000001,5.382,20.9318,8.7476,10.8371,8.275799999999998,9.8723,10.453100000000001,10.530100000000001,7.668100000000001,14.780899999999999,13.9818,14.2479,16.310200000000002,7.8348,6.0326,15.4061,3.2026,15.6462,12.9348,8.5804,18.784200000000002,13.6341,7.3102,4.6435,9.7259
1,8.5777,0.0,6.7999,9.1814,15.1801,16.591099999999997,9.7044,3.2771999999999997,12.244,5.3978,5.9183,27.9012,27.485599999999998,2.5814,4.9589,28.2818,14.700700000000001,9.224200000000002,2.9406,6.0245,9.5954,17.880200000000002,2.219,9.0795,18.6292,9.5595,20.3595,2.0579,3.0806999999999998,19.4555,6.3159,19.6955,8.081,2.2087,26.1343,12.0212,3.6982,4.6091999999999995,17.0759
2,3.5382,7.4702,0.0,9.3553,9.571200000000001,9.4775,11.6051,7.1207,6.1177,3.4612,8.7146,21.775,21.3594,6.666399999999999,3.5054000000000003,22.1556,8.3345,12.241100000000001,7.612,7.525,11.322,11.754,7.0043,14.1262,20.3072,11.4602,22.0375,7.171,5.3005,21.1335,5.288,21.3735,12.3536,7.916600000000001,20.0081,15.038200000000002,4.962899999999999,4.8653,9.962399999999999
3,4.794899999999999,9.163799999999998,10.054799999999998,0.0,10.565,15.1695,19.5974,11.336200000000002,10.414299999999999,6.7856000000000005,9.187700000000001,23.747799999999998,23.3322,7.873399999999999,12.3222,24.1285,13.2776,8.8411,11.8276,14.0836,9.5618,16.155,11.219899999999999,17.1385,12.2799,19.4525,14.010200000000001,10.0647,6.5075,13.106200000000001,4.2936000000000005,13.346200000000001,19.029799999999998,10.2155,21.980900000000002,11.2104,13.4052,4.88,15.654399999999999
4,8.3774,15.5064,9.05,10.6225,0.0,8.7394,16.0964,16.4559,4.0072,9.8291,16.750799999999998,14.4796,14.064,14.7026,12.0291,14.8602,8.8944,17.432299999999998,16.9125,14.8306,17.048299999999998,10.0285,15.0405,18.6175,18.2915,15.9515,20.6098,15.2072,13.3367,19.7057,9.7979,19.9458,16.844900000000003,15.9528,12.7127,20.229400000000002,15.8033,12.9016,9.2243
5,9.7462,15.8522,9.390600000000001,13.5086,8.6255,0.0,17.4444,15.5027,5.2187,10.9175,17.0966,12.939,12.523299999999999,15.048399999999999,12.4817,13.319600000000001,2.6645,20.6232,15.994,16.1787,19.704,2.336,15.386299999999999,19.9655,26.7111,17.299599999999998,28.6786,15.553,13.6825,27.7745,11.614799999999999,28.0145,18.193,16.2986,11.172,23.4202,17.1513,13.247399999999999,1.4307999999999998
6,12.2683,9.6305,11.957600000000001,20.140099999999997,16.0484,16.942,0.0,6.7737,12.594899999999999,10.5444,13.0684,28.252200000000002,27.8365,10.0914,6.7008,28.6328,17.097,15.8544,7.230300000000001,3.5203,17.745099999999997,18.2312,7.5135,4.8152,32.1747,0.6748999999999999,34.1421,7.6802,9.7401,33.238099999999996,12.3803,33.4781,3.0425999999999997,8.425799999999999,26.4852,18.6515,5.8733,11.268600000000001,17.4269
7,7.571899999999999,3.3062,6.413399999999999,11.469100000000001,14.812700000000001,14.3047,6.865600000000001,0.0,11.925600000000001,5.774,8.3992,27.582900000000002,27.1672,5.435899999999999,3.3114,27.9635,13.161700000000002,11.1989,0.5916,3.1858,11.5701,17.5619,1.1268,6.2406999999999995,20.603900000000003,6.7207,22.3342,1.1645,5.4452,21.4302,7.6099,21.6702,5.2421999999999995,2.1015,25.815900000000003,13.996,1.3337999999999999,6.6131,14.7896
8,5.1513,12.479899999999999,6.0235,9.1945,4.0047,5.3981,13.0699,13.4295,0.0,8.471,13.7244,15.9425,15.5268,11.676200000000001,9.002600000000001,16.3231,5.553100000000001,17.2509,13.8861,11.804200000000002,16.3317,6.6872,12.014100000000001,15.591,21.9816,12.925,23.949099999999998,12.1808,10.3103,23.045099999999998,7.5764,23.2851,13.8185,12.9264,14.1755,20.048,12.7768,9.8751,5.883
9,3.3389,5.6052,3.4686,5.6448,9.960799999999999,10.5769,12.2757,5.9333,8.43,0.0,6.7429,22.7197,22.3041,4.6466,5.0443999999999996,23.1004,9.4339,9.7225,6.424600000000001,8.6806,8.3582,12.6987,5.8168999999999995,11.7355,14.8664,12.1309,17.1947,5.6173,3.2808,16.2906,1.9755999999999998,16.5307,11.7081,5.768,20.9528,12.5196,5.977600000000001,2.3014,11.0618
10,10.164299999999999,5.6765,9.384,9.2254,17.024099999999997,17.9177,14.4828,8.2452,13.5706,6.5081999999999995,0.0,29.2279,28.8123,2.6426,7.878,29.6085,16.0273,7.2241,8.0581,10.9925,6.2336,19.2069,7.336600000000001,11.0465,18.2635,14.3379,19.9938,7.1755,4.2452,19.0897,7.223199999999999,19.3298,12.726299999999998,6.7105,27.461,7.7368999999999994,8.2915,5.3805,18.4026
11,20.8057,28.1662,21.709799999999998,26.415599999999998,14.5876,12.948,28.7562,29.1158,16.0027,23.0119,29.410700000000002,0.0,0.4818,27.3625,24.5761,3.1286,16.337600000000002,33.594199999999994,29.572400000000002,27.4905,34.314800000000005,13.5965,27.700400000000002,31.2773,28.1725,28.6113,30.14,27.867099999999997,25.996599999999997,29.236,23.230900000000002,29.476,29.5048,28.6127,2.2177,35.9634,28.463099999999997,25.561400000000003,14.0473
12,20.390099999999997,27.7506,21.2942,26.0,14.172,12.5323,28.3406,28.7001,15.587,22.5963,28.995,0.4818,0.0,26.9468,24.1605,2.713,15.922,33.1785,29.1568,27.074900000000003,33.8992,13.1809,27.2847,30.8617,27.7569,28.195700000000002,29.724400000000003,27.451400000000003,25.581,28.8203,22.8152,29.0604,29.0891,28.197,1.802,35.5478,28.0475,25.145799999999998,13.6317
13,7.4911,2.5339,8.1706,8.011899999999999,15.8106,16.7043,11.618799999999998,5.3812,12.3572,4.5966000000000005,2.6155,28.014400000000002,27.5988,0.0,5.0141,28.3951,14.8139,8.0548,5.169,8.1285,8.426,17.9934,4.4475,11.183399999999999,17.459799999999998,11.4739,19.190099999999997,4.2863999999999995,1.9404000000000001,18.286,5.1756,18.5261,11.051200000000001,4.4371,26.2475,10.851799999999999,5.4275,3.4689,17.1892
14,5.012899999999999,4.4557,2.893,10.553799999999999,11.874799999999999,12.7684,7.197,4.106199999999999,8.421299999999999,4.5008,7.5623000000000005,24.078599999999998,23.6629,4.5853,0.0,24.4592,10.878,10.3484,4.5975,4.963,10.7196,14.0576,3.9898000000000002,8.668700000000001,19.753400000000003,7.0521,21.483700000000002,4.1565,4.172,20.5796,6.3366999999999996,20.8197,7.9708000000000006,4.902100000000001,22.3116,13.1454,2.401,5.7625,13.2533
15,21.184,28.5445,22.088099999999997,26.7939,14.9658,13.3262,29.1345,29.494,16.3809,23.390099999999997,29.7889,3.1461,2.7305,27.7407,24.9543,0.0,16.715799999999998,33.9724,29.950599999999998,27.8687,34.6931,13.9747,28.078599999999998,31.6556,28.5508,28.9896,30.5183,28.2453,26.3748,29.6142,23.609099999999998,29.8543,29.883,28.9909,2.5959,36.341699999999996,28.8414,25.939700000000002,14.425600000000001
16,8.5676,14.6736,8.212,13.2679,8.4085,2.611,16.1568,14.3241,5.0017,9.7389,15.918,16.3189,15.9033,13.8698,11.3031,16.6995,0.0,19.4445,14.8154,14.8911,18.5254,4.7134,14.2077,18.6779,26.4941,16.0119,28.461599999999997,14.3744,12.5039,27.5575,10.4361,27.7976,16.9054,15.12,14.552,22.2416,13.0046,12.068700000000002,2.9758
17,10.8378,9.076,12.8785,8.3676,17.2882,21.412200000000002,17.3093,11.0717,17.065099999999997,9.487200000000001,7.2052,33.492599999999996,33.077,7.7855,10.704600000000001,33.8732,19.5218,0.0,10.8595,13.819,1.0500999999999998,22.7013,10.138,15.2626,13.586799999999998,17.1644,15.3171,9.976899999999999,7.0492,14.413,8.2699,14.6531,16.942400000000003,10.127600000000001,31.7257,2.0412,11.118,7.5392,21.897
18,8.0575,2.9563,6.899,10.8062,15.2983,14.752,7.3129,0.5756,12.411200000000001,6.2521,8.0493,28.0685,27.6528,5.086,3.8169,28.449099999999998,13.609,10.849,0.0,3.633,11.2202,18.0475,0.901,6.688,20.254,7.168,21.984299999999998,0.9387000000000001,4.7347,21.080299999999998,8.0662,21.3203,5.6895,1.7515999999999998,26.3015,13.6461,1.8393,6.263199999999999,15.236799999999999
19,9.8469,6.0843,7.2817,13.549100000000001,15.0254,15.9191,3.5478,3.2276,11.572,8.552100000000001,10.8059,27.229200000000002,26.813599999999997,7.8288,4.6065,27.609900000000003,16.0741,13.591899999999999,3.6841999999999997,0.0,13.9631,17.2082,3.9674,4.2928999999999995,22.9969,3.4029000000000003,24.7272,4.134,7.477600000000001,23.8232,10.388,24.063200000000002,2.8481,4.8797,25.4623,16.388900000000003,2.6289000000000002,9.006,16.404
20,10.530100000000001,9.5416,11.9991,8.776,19.6391,20.532799999999998,18.2132,11.5373,16.1857,8.1788,6.1046000000000005,33.9009,33.4853,8.2512,11.170200000000001,34.2816,18.642400000000002,1.0500999999999998,11.3252,14.284600000000001,0.0,21.821900000000003,10.6036,14.2125,15.0224,18.0683,16.7527,10.4425,7.5149,15.848700000000001,7.9623,16.0887,15.892299999999999,9.572700000000001,32.134,1.5828,11.5836,6.6814,21.0177
21,10.829,18.1576,11.7012,14.7441,9.928700000000001,2.4194,18.7476,19.107200000000002,6.5219,13.0033,19.402099999999997,13.5709,13.1552,17.3538,14.5675,13.9515,4.7525,22.9286,19.5638,17.481900000000003,22.009400000000003,0.0,17.6918,21.2687,27.531200000000002,18.602700000000002,29.4987,17.8585,15.988,28.5947,13.7005,28.8347,19.4962,18.6041,11.8039,25.7256,18.4545,15.5528,3.5188
22,7.478899999999999,2.2353,6.3203000000000005,10.0852,14.719700000000001,16.1797,7.5948,1.1676,11.832600000000001,5.5311,7.3283000000000005,27.4898,27.0742,4.3649,3.5663,27.8705,14.289299999999999,10.128,0.9171,3.915,10.4992,17.468799999999998,0.0,6.9699,19.533,7.4498999999999995,21.2633,0.2621,4.0137,20.359299999999998,7.3451,20.5993,5.9714,1.0306,25.722900000000003,12.925,1.5887,5.5421000000000005,16.6646
23,15.6703,9.1377,11.082,17.3005,18.8353,19.729,4.902,6.2809,15.3819,11.6055,13.8969,31.039099999999998,30.6235,11.267299999999999,8.4067,31.419700000000002,19.884,17.3672,6.7375,4.310899999999999,16.3172,21.018099999999997,7.0207,0.0,31.159299999999998,4.7571,32.8897,7.187399999999999,11.2767,31.985599999999998,13.4413,32.2257,2.7523,7.933,29.2722,17.820400000000003,6.4292,12.4445,20.213900000000002
24,14.229,23.448,18.7984,10.1543,18.6274,23.2634,31.8808,21.8914,18.508200000000002,16.2196,19.400599999999997,28.1582,27.7426,22.1576,20.4162,28.5388,23.1747,15.556,25.2316,24.0612,16.7438,24.248900000000003,24.51,29.7089,0.0,31.7359,2.861,24.3489,21.4213,1.9569,13.7276,2.197,31.3886,24.499599999999997,26.391299999999998,16.0107,21.4991,14.2578,23.7483
25,12.122200000000001,9.484399999999999,11.8115,19.994,15.902299999999999,16.795900000000003,0.5762999999999999,6.6276,12.448799999999999,10.398299999999999,12.9223,28.106099999999998,27.6904,9.9453,6.5546999999999995,28.4867,16.9509,15.7083,7.0842,3.3741999999999996,17.599,18.085099999999997,7.3674,4.6691,32.0286,0.0,33.996,7.5341000000000005,9.594,33.092,12.234200000000001,33.332,2.8965,8.2797,26.3391,18.5054,5.7272,11.1225,17.2808
26,16.154,25.0631,20.7234,14.625399999999999,20.555799999999998,28.829099999999997,33.8092,27.058799999999998,20.4333,18.1447,21.015700000000002,30.086599999999997,29.671,23.7727,22.3412,30.467200000000002,25.0998,17.171200000000002,26.846700000000002,29.8062,18.358900000000002,26.1739,26.1251,31.324,2.8495999999999997,33.664300000000004,0.0,25.9641,23.0364,1.219,15.6526,1.459,33.003699999999995,26.1148,28.319599999999998,17.6259,23.4241,16.1828,29.314
27,7.6456,2.0936,6.487,9.9435,14.8864,16.3464,7.7615,1.1677,11.9993,5.389399999999999,7.1866,27.6565,27.2409,4.223199999999999,3.7329,28.037200000000002,14.456,9.9863,0.9415,4.0816,10.3575,17.6355,0.2621,7.1366000000000005,19.391299999999998,7.6166,21.121599999999997,0.0,3.872,20.217599999999997,7.203399999999999,20.4576,6.1381000000000006,0.8889,25.889599999999998,12.783299999999999,1.7552999999999999,5.400399999999999,16.8313
28,6.1612,3.0379,5.8957,6.401800000000001,13.5358,14.4294,11.2712,5.033600000000001,10.0823,3.0144,4.2474,25.7396,25.323900000000002,1.7474,4.5215,26.1202,12.539,7.0729,4.8214,7.7809,7.0151,15.7186,4.0999,10.835799999999999,16.4779,11.126299999999999,18.2082,3.9388,0.0,17.3042,3.5933,17.5442,10.7036,4.0895,23.9726,9.87,5.079899999999999,1.8865999999999998,14.914299999999999
29,15.7826,24.2737,20.352,13.836,19.7664,28.0397,33.019800000000004,26.2694,20.061799999999998,17.7733,20.2263,29.2972,28.8815,22.9833,21.9698,29.677799999999998,24.7284,16.3818,26.057299999999998,29.0167,17.5695,29.328799999999998,25.3357,30.534599999999998,2.0602,32.874900000000004,0.9529,25.174599999999998,22.247,0.0,15.2812,0.2889,32.2143,25.325400000000002,27.5302,16.8365,23.0527,15.811399999999999,28.5246
30,2.8655999999999997,7.1192,5.1061000000000005,3.5189,9.4876,11.327,14.201,8.226299999999998,7.9567,3.2203000000000004,7.455,23.056099999999997,22.640400000000003,5.2587,6.6509,23.436700000000002,10.184,8.3029,8.0139,10.973600000000001,7.9188,13.448799999999999,7.2924,14.0286,12.8316,14.0561,16.567700000000002,7.1313,3.8928000000000003,15.6637,0.0,15.9037,13.6334,7.282,21.289099999999998,11.0999,8.2706,2.2654,11.8118
31,15.7968,24.2879,20.3662,13.850200000000001,19.7806,28.053900000000002,33.034,26.2837,20.0761,17.7875,20.2405,29.311400000000003,28.895799999999998,22.9975,21.984,29.692,24.7426,16.396,26.0715,29.031,17.5838,29.3431,25.35,30.5488,2.0744000000000002,32.889199999999995,1.3708,25.1889,22.261200000000002,0.4667,15.295399999999999,0.0,32.2285,25.339599999999997,27.5445,16.8507,23.0669,15.8256,28.5388
32,13.2953,7.3211,8.8615,16.8387,16.5744,17.468,2.6411,4.464300000000001,13.120899999999999,9.7889,12.414100000000001,28.778200000000002,28.3625,11.1184,6.1861999999999995,29.1588,17.623099999999997,16.485799999999998,4.9209,2.0499,15.4357,18.7572,5.2041,2.5058000000000002,30.277900000000002,2.4962,32.0082,5.3708,10.7672,31.1041,11.6247,31.3442,0.0,6.1164,27.011200000000002,16.939,4.208699999999999,12.2956,17.952900000000003
33,7.6804,1.2047,5.9026000000000005,9.0546,14.2828,15.6938,8.8632,2.436,11.3466,4.5005,6.3114,27.0039,26.5883,3.3343000000000003,4.0616,27.3845,13.8033,9.0974,2.0994,5.1833,9.4686,16.9829,1.3779000000000001,8.238299999999999,18.5024,8.7183,20.2327,1.2167999999999999,2.9831,19.3287,6.3145,19.5687,7.2398,0.0,25.237,11.8944,2.8571,4.5115,16.1786
34,18.7453,26.105900000000002,19.6495,24.3553,12.5272,10.8876,26.6959,27.055400000000002,13.9423,20.9515,27.3503,2.5705999999999998,2.1549,25.3021,22.515700000000002,2.9511999999999996,14.2772,31.5338,27.512,25.4301,32.2545,11.536100000000001,25.64,29.216900000000003,26.1122,26.551,28.0797,25.8067,23.9362,27.1756,21.1705,27.4157,27.4444,26.5523,0.0,33.9031,26.4027,23.501099999999997,11.987
35,13.741100000000001,11.979299999999999,15.781799999999999,10.129700000000001,20.1915,24.3155,20.2126,13.975,19.968400000000003,9.6733,7.5991,34.8062,34.3906,10.6889,13.607899999999999,35.186800000000005,22.425099999999997,2.0625,13.7629,16.7223,1.6012,25.604599999999998,13.0413,15.7071,15.086200000000002,20.067700000000002,16.8165,12.8802,9.9526,15.9125,11.1733,16.1525,17.3868,13.030899999999999,33.039300000000004,0.0,14.0213,10.4425,24.8004
36,7.218,3.9855,4.6528,10.920200000000001,13.6346,13.5421,5.8644,1.6020999999999999,10.1811,5.653,8.177,25.685,25.2694,5.1998999999999995,1.9775999999999998,26.0656,12.3992,10.963,2.1218000000000004,2.955,11.334200000000001,15.664,1.8685,6.660699999999999,20.368,5.7195,22.0983,2.0352,4.8487,21.1943,7.4888,21.4343,5.6621999999999995,2.7808,23.9181,13.76,0.0,6.3771,14.027
37,4.5652,4.5427,6.2271,4.7001,11.1872,12.6869,12.776,6.538399999999999,10.4137,2.0976999999999997,5.3485,26.0709,25.6553,3.2521999999999998,7.1087,26.4516,11.543899999999999,7.5859,6.3262,9.2857,6.6417,16.0499,5.6047,14.0695,15.652,12.6311,17.3823,5.4436,1.8862999999999999,16.4783,1.9972999999999999,16.7183,12.2084,5.5943000000000005,24.304,10.3829,6.5847,0.0,13.1718
38,10.2642,16.3702,9.9086,14.0266,9.1435,1.3674000000000002,17.962400000000002,16.0207,5.7367,11.4355,17.6146,14.072899999999999,13.657200000000001,15.5664,12.9997,14.4535,2.966,21.141099999999998,16.512,16.6967,20.222,3.4698,15.9043,20.4835,27.2291,17.8175,29.1965,16.071,14.2005,28.2925,12.132700000000002,28.5325,18.710900000000002,16.816599999999998,12.3059,23.938200000000002,17.6693,13.7654,0.0
